linqmap_roadType_1,linqmap_reportRating_1,linqmap_reliability_1,x_1,y_1,light_rail_1,minutes_since_pub_1,days_since_pub_1,traffic_1,0-2_1,2-4_1,4-6_1,6-8_1,8-10_1,10-12_1,12-14_1,14-16_1,16-18_1,18-20_1,20-22_1,22-24_1,sin_magvar_1,cos_magvar_1,linqmap_roadType_2,linqmap_reportRating_2,linqmap_reliability_2,x_2,y_2,light_rail_2,minutes_since_pub_2,days_since_pub_2,traffic_2,0-2_2,2-4_2,4-6_2,6-8_2,8-10_2,10-12_2,12-14_2,14-16_2,16-18_2,18-20_2,20-22_2,22-24_2,sin_magvar_2,cos_magvar_2,linqmap_roadType_3,linqmap_reportRating_3,linqmap_reliability_3,x_3,y_3,light_rail_3,minutes_since_pub_3,days_since_pub_3,traffic_3,0-2_3,2-4_3,4-6_3,6-8_3,8-10_3,10-12_3,12-14_3,14-16_3,16-18_3,18-20_3,20-22_3,22-24_3,sin_magvar_3,cos_magvar_3,linqmap_roadType_4,linqmap_reportRating_4,linqmap_reliability_4,x_4,y_4,light_rail_4,minutes_since_pub_4,days_since_pub_4,traffic_4,0-2_4,2-4_4,4-6_4,6-8_4,8-10_4,10-12_4,12-14_4,14-16_4,16-18_4,18-20_4,20-22_4,22-24_4,sin_magvar_4,cos_magvar_4,is_tlv,linqmap_type_1_ACCIDENT,linqmap_type_1_JAM,linqmap_type_1_ROAD_CLOSED,linqmap_type_1_WEATHERHAZARD,linqmap_subtype_1_ACCIDENT_MINOR,linqmap_subtype_1_ACCIDENT_NO_SUBTYPE,linqmap_subtype_1_HAZARD_ON_ROAD_CAR_STOPPED,linqmap_subtype_1_HAZARD_ON_ROAD_CONSTRUCTION,linqmap_subtype_1_HAZARD_ON_ROAD_POT_HOLE,linqmap_subtype_1_HAZARD_ON_ROAD_TRAFFIC_LIGHT_FAULT,linqmap_subtype_1_HAZARD_ON_SHOULDER_CAR_STOPPED,linqmap_subtype_1_HAZARD_WEATHER_FOG,linqmap_subtype_1_JAM_HEAVY_TRAFFIC,linqmap_subtype_1_JAM_MODERATE_TRAFFIC,linqmap_subtype_1_JAM_NO_SUBTYPE,linqmap_subtype_1_JAM_STAND_STILL_TRAFFIC,linqmap_subtype_1_ROAD_CLOSED_EVENT,linqmap_subtype_1_ROAD_CLOSED_NO_SUBTYPE,linqmap_subtype_1_WEATHERHAZARD_NO_SUBTYPE,linqmap_type_2_ACCIDENT,linqmap_type_2_JAM,linqmap_type_2_ROAD_CLOSED,linqmap_type_2_WEATHERHAZARD,linqmap_subtype_2_ACCIDENT_MAJOR,linqmap_subtype_2_ACCIDENT_MINOR,linqmap_subtype_2_ACCIDENT_NO_SUBTYPE,linqmap_subtype_2_HAZARD_ON_ROAD,linqmap_subtype_2_HAZARD_ON_ROAD_CAR_STOPPED,linqmap_subtype_2_HAZARD_ON_ROAD_CONSTRUCTION,linqmap_subtype_2_HAZARD_ON_ROAD_OBJECT,linqmap_subtype_2_HAZARD_ON_ROAD_POT_HOLE,linqmap_subtype_2_HAZARD_ON_ROAD_TRAFFIC_LIGHT_FAULT,linqmap_subtype_2_HAZARD_ON_SHOULDER_CAR_STOPPED,linqmap_subtype_2_HAZARD_WEATHER_FOG,linqmap_subtype_2_JAM_HEAVY_TRAFFIC,linqmap_subtype_2_JAM_MODERATE_TRAFFIC,linqmap_subtype_2_JAM_NO_SUBTYPE,linqmap_subtype_2_JAM_STAND_STILL_TRAFFIC,linqmap_subtype_2_ROAD_CLOSED_CONSTRUCTION,linqmap_subtype_2_ROAD_CLOSED_EVENT,linqmap_subtype_2_ROAD_CLOSED_NO_SUBTYPE,linqmap_subtype_2_WEATHERHAZARD_NO_SUBTYPE,linqmap_type_3_ACCIDENT,linqmap_type_3_JAM,linqmap_type_3_ROAD_CLOSED,linqmap_type_3_WEATHERHAZARD,linqmap_subtype_3_ACCIDENT_MAJOR,linqmap_subtype_3_ACCIDENT_MINOR,linqmap_subtype_3_ACCIDENT_NO_SUBTYPE,linqmap_subtype_3_HAZARD_ON_ROAD,linqmap_subtype_3_HAZARD_ON_ROAD_CAR_STOPPED,linqmap_subtype_3_HAZARD_ON_ROAD_CONSTRUCTION,linqmap_subtype_3_HAZARD_ON_ROAD_OBJECT,linqmap_subtype_3_HAZARD_ON_ROAD_POT_HOLE,linqmap_subtype_3_HAZARD_ON_ROAD_TRAFFIC_LIGHT_FAULT,linqmap_subtype_3_HAZARD_ON_SHOULDER_CAR_STOPPED,linqmap_subtype_3_HAZARD_WEATHER,linqmap_subtype_3_HAZARD_WEATHER_FOG,linqmap_subtype_3_JAM_HEAVY_TRAFFIC,linqmap_subtype_3_JAM_MODERATE_TRAFFIC,linqmap_subtype_3_JAM_NO_SUBTYPE,linqmap_subtype_3_JAM_STAND_STILL_TRAFFIC,linqmap_subtype_3_ROAD_CLOSED_CONSTRUCTION,linqmap_subtype_3_ROAD_CLOSED_EVENT,linqmap_subtype_3_WEATHERHAZARD_NO_SUBTYPE,linqmap_type_4_ACCIDENT,linqmap_type_4_JAM,linqmap_type_4_ROAD_CLOSED,linqmap_type_4_WEATHERHAZARD,linqmap_subtype_4_ACCIDENT_MAJOR,linqmap_subtype_4_ACCIDENT_MINOR,linqmap_subtype_4_ACCIDENT_NO_SUBTYPE,linqmap_subtype_4_HAZARD_ON_ROAD,linqmap_subtype_4_HAZARD_ON_ROAD_CAR_STOPPED,linqmap_subtype_4_HAZARD_ON_ROAD_CONSTRUCTION,linqmap_subtype_4_HAZARD_ON_ROAD_OBJECT,linqmap_subtype_4_HAZARD_ON_ROAD_POT_HOLE,linqmap_subtype_4_HAZARD_ON_ROAD_ROAD_KILL,linqmap_subtype_4_HAZARD_ON_ROAD_TRAFFIC_LIGHT_FAULT,linqmap_subtype_4_HAZARD_ON_SHOULDER_CAR_STOPPED,linqmap_subtype_4_HAZARD_WEATHER_FOG,linqmap_subtype_4_HAZARD_WEATHER_HEAVY_SNOW,linqmap_subtype_4_JAM_HEAVY_TRAFFIC,linqmap_subtype_4_JAM_MODERATE_TRAFFIC,linqmap_subtype_4_JAM_NO_SUBTYPE,linqmap_subtype_4_JAM_STAND_STILL_TRAFFIC,linqmap_subtype_4_ROAD_CLOSED_CONSTRUCTION,linqmap_subtype_4_ROAD_CLOSED_EVENT,linqmap_subtype_4_ROAD_CLOSED_NO_SUBTYPE,linqmap_subtype_4_WEATHERHAZARD_NO_SUBTYPE,most_prominent_street,second_most_prominent_street,1_in_most_prominent_street,1_in_second_most_prominent_street,2_in_most_prominent_street,2_in_second_most_prominent_street,3_in_most_prominent_street,3_in_second_most_prominent_street,4_in_most_prominent_street,4_in_second_most_prominent_street,z_score_1,1_used_in_mean,z_score_2,2_used_in_mean,z_score_3,3_used_in_mean,z_score_4,4_used_in_mean,mean_x,mean_y
2,0,10,179075.4500000002,663147.9499999993,0,0.0,103.56447225694444,2205,0,0,0,0,1,0,0,0,0,0,0,0,0.0,1.0,2,0,10,179107.7000000002,663112.9000000004,0,0.0,103.56447228009259,2205,0,0,0,0,1,0,0,0,0,0,0,0,0.0,1.0,2,0,10,177386.4299999997,662058.9399999995,0,0.0,100.57483106481482,2205,0,0,0,0,1,0,0,0,0,0,0,0,0.0,1.0,2,0,6,179974.5599999996,662395.0299999993,0,413.0400666666667,0.0,1540,0,0,0,0,0,0,0,0,1,0,0,0,0.0,1.0,1,0,0,1,0,0,0,0,0,0,0,0,0,0,0,0,0,1,0,0,0,0,1,0,0,0,0,0,0,0,0,0,0,0,0,0,0,0,0,0,1,0,0,0,0,1,0,0,0,0,0,0,0,0,0,0,0,0,0,0,0,0,0,0,1,0,0,0,1,0,0,0,0,0,0,0,0,0,0,0,0,0,0,0,0,0,0,0,1,0,0,0,0,0,0,0,0,0,0,0,0,0.7202471402857168,1.0,0.6938758511545555,1.0,2.309522833592717,1.0,1.6010682781916528,1.0,178886.03499999992,662678.7049999996
1,5,5,181363.23000000045,665298.4900000002,0,31.673866666666665,0.0,2205,0,0,0,0,1,0,0,0,0,0,0,0,-1.0,-1.8369701987210297e-16,2,5,5,181445.49000000025,664294.0500000007,0,10.107616666666667,0.0,2205,0,0,0,0,1,0,0,0,0,0,0,0,-0.5591929034707473,0.8290375725550414,2,5,5,181474.8899999997,664251.6899999995,0,6.657816666666666,0.0,2205,0,0,0,0,1,0,0,0,0,0,0,0,-0.5877852522924734,0.8090169943749473,2,5,8,182079.41999999995,664284.1099999994,0,15.835433333333333,0.0,1000,0,0,0,0,0,1,0,0,0,0,0,0,-0.017452406437283192,-0.9998476951563913,0,0,1,0,0,0,0,0,0,0,0,0,0,1,0,0,0,0,0,0,0,1,0,0,0,0,0,0,0,0,0,0,0,0,0,0,1,0,0,0,0,0,0,0,1,0,0,0,0,0,0,0,0,0,0,0,0,0,0,1,0,0,0,0,0,0,1,0,0,0,0,0,1,0,0,0,0,0,0,0,0,0,0,0,0,0,0,0,0,0,0,0,0,0,0,0,0,0,0,0,0,2.1968062159030595,1.0,0.7662655169194823,1.0,0.8336732644993325,1.0,1.5057644225143394,1.0,181590.75750000007,664532.085
2,0,10,180636.83000000007,664833.2699999996,0,0.0,58.411811782407405,2205,0,0,0,0,1,0,0,0,0,0,0,0,0.0,1.0,2,0,10,178618.1799999997,665686.4600000009,0,0.0,56.12014513888889,1540,0,0,0,0,0,0,0,0,1,0,0,0,0.0,1.0,2,5,5,180119.65000000037,664528.0600000005,0,20.692316666666667,0.0,738,0,0,0,0,0,0,0,0,0,1,0,0,0.9998476951563913,-0.017452406437283477,2,5,5,181303.49000000025,663464.7799999993,0,18.609,0.0,738,0,0,0,0,0,0,0,0,0,1,0,0,0.838670567945424,-0.5446390350150271,1,0,0,1,0,0,0,0,0,0,0,0,0,0,0,0,0,1,0,0,0,0,1,0,0,0,0,0,0,0,0,0,0,0,0,0,0,0,0,0,1,0,0,0,1,0,0,0,0,0,0,0,0,0,0,0,0,0,0,0,0,0,1,0,0,0,0,1,0,0,0,0,0,0,0,0,0,0,0,0,0,0,0,0,1,0,0,0,0,0,0,0,0,0,0,0,0,0,0,0,0,0.572213501308013,1.0,2.10567677523025,1.0,0.12538660444312905,1.0,1.8215695165470982,1.0,180169.5375000001,664628.1425000001
2,4,7,185262.6299999999,667547.7200000007,0,36.95928333333333,0.0,2205,0,0,0,0,1,0,0,0,0,0,0,0,-0.9993908270190958,0.03489949670250128,2,5,7,185557.3200000003,667519.1099999994,0,36.15898333333333,0.0,2205,0,0,0,0,1,0,0,0,0,0,0,0,-0.992546151641322,0.12186934340514768,2,5,7,185164.53000000023,667570.4900000002,0,30.425716666666666,0.0,2205,0,0,0,0,1,0,0,0,0,0,0,0,-0.9396926207859085,0.34202014332566816,2,5,5,185185.0700000003,665286.6999999993,0,5.7918,0.0,2205,0,0,0,0,1,0,0,0,0,0,0,0,-0.19080899537654467,0.981627183447664,0,0,1,0,0,0,0,0,0,0,0,0,0,0,0,0,1,0,0,0,0,1,0,0,0,0,0,0,0,0,0,0,0,0,0,0,0,0,1,0,0,0,0,0,1,0,0,0,0,0,0,0,0,0,0,0,0,0,0,0,0,0,1,0,0,0,0,1,0,0,0,0,0,0,0,0,0,0,0,0,0,0,0,0,0,0,1,0,0,0,0,3,0,0,0,0,0,0,0,0,0,0.9994201685898704,1.0,1.0562911318425434,1.0,1.0622843862248197,1.0,2.9898303894857494,0.0,247056.51666666692,889308.0066666665
2,0,10,179100.08999999985,663100.0700000003,0,0.0,158.2954337962963,1141,0,0,0,0,0,0,1,0,0,0,0,0,0.0,1.0,2,0,6,178813.41999999993,666065.5299999993,0,0.0,96.3443689699074,1000,0,0,0,0,0,1,0,0,0,0,0,0,0.0,1.0,1,0,6,179062.41999999993,665885.5,0,0.0,58.12014444444444,1366,0,0,0,0,0,0,0,0,1,0,0,0,0.0,1.0,2,4,6,180028.54000000004,664016.3000000007,0,7.6413,0.0,787,0,0,0,0,0,0,0,0,0,1,0,0,-0.6946583704589973,-0.7193398003386511,1,0,0,1,0,0,0,0,0,0,0,0,0,0,0,0,0,1,0,0,0,0,1,0,0,0,0,0,0,0,0,0,0,0,0,0,0,0,0,0,1,0,0,0,0,1,0,0,0,0,0,0,0,0,0,0,0,0,0,0,0,0,0,0,1,0,0,1,0,0,0,0,0,0,0,0,0,0,0,0,0,0,0,0,0,0,1,0,0,0,0,0,0,0,0,0,0,0,0,0,0,1.9516126072475906,1.0,1.5981030756149177,1.0,1.3228982853431503,1.0,1.2601071560948331,1.0,179251.11749999993,664766.8500000001
1,0,10,186647.59999999963,695230.3699999992,0,0.0,28.66902195601852,738,0,0,0,0,0,0,0,0,0,1,0,0,0.0,1.0,2,5,5,187376.46,688452.5399999991,0,10.476366666666667,0.0,1366,0,0,0,0,0,0,0,0,1,0,0,0,-0.32556815445715676,-0.9455185755993167,1,5,5,187201.5700000003,693745.1999999993,0,9.741866666666667,0.0,1295,0,0,0,0,0,1,0,0,0,0,0,0,-0.5000000000000004,0.8660254037844384,2,5,7,186188.83000000007,686992.2699999996,0,3.5083,0.0,1295,0,0,0,0,0,1,0,0,0,0,0,0,0.6018150231520482,-0.7986355100472929,0,0,0,1,0,0,0,0,0,0,0,0,0,0,0,0,0,1,0,0,0,1,0,0,0,0,0,0,0,0,0,0,0,0,0,0,0,0,1,0,0,0,0,0,1,0,0,0,0,0,0,0,0,0,0,0,0,0,0,0,1,0,0,0,0,0,0,0,0,1,0,0,0,0,0,0,0,0,0,0,1,0,0,0,0,0,0,0,0,0,0,0,0,0,0,0,0,0,0,0,0,2.101649336166888,1.0,1.3756494298126412,1.0,1.3549621435584176,1.0,2.1198598846260257,1.0,186853.615,691105.0949999993
2,0,10,186260.91999999995,659751.1099999994,0,0.0,132.76105144675927,790,0,0,0,0,0,0,0,0,0,0,1,0,0.0,1.0,2,0,10,186205.24000000025,659506.6899999995,0,0.0,132.76102828703705,790,0,0,0,0,0,0,0,0,0,0,1,0,0.0,1.0,1,0,10,187687.1200000001,659857.8300000001,0,0.0,84.03680376157408,1353,0,0,0,0,0,0,0,1,0,0,0,0,0.0,1.0,2,5,9,187229.0499999998,659528.3300000001,0,38.697583333333334,0.0,1353,0,0,0,0,0,0,0,1,0,0,0,0,-0.9335804264972016,-0.3583679495453007,0,0,0,1,0,0,0,0,0,0,0,0,0,0,0,0,0,1,0,0,0,0,1,0,0,0,0,0,0,0,0,0,0,0,0,0,0,0,0,0,1,0,0,0,0,1,0,0,0,0,0,0,0,0,0,0,0,0,0,0,0,0,0,0,1,0,1,0,0,0,0,0,1,0,0,0,0,0,0,0,0,0,0,0,0,0,0,0,0,0,0,2,0,0,0,0,0,0,0,0,0,1.5121614345451035,1.0,1.683690695643003,1.0,2.209196531621991,1.0,1.037216937051447,1.0,186845.58250000002,659660.9899999998
2,0,6,177405.6900000004,662240.8399999999,0,0.0,99.07483255787037,2205,0,0,0,0,1,0,0,0,0,0,0,0,0.0,1.0,2,0,10,178618.1799999997,665686.4600000009,0,0.0,54.786811712962965,1540,0,0,0,0,0,0,0,0,1,0,0,0,0.0,1.0,1,0,6,179719.23000000045,665936.1300000008,0,0.0,11.74516820601852,1366,0,0,0,0,0,0,0,0,1,0,0,0,0.0,1.0,2,2,5,178485.4500000002,663060.4700000007,0,13.708883333333333,0.0,1295,0,0,0,0,0,1,0,0,0,0,0,0,-0.1564344650402311,0.9876883405951377,1,0,0,1,0,0,0,0,0,0,0,0,0,0,0,0,0,1,0,0,0,0,1,0,0,0,0,0,0,0,0,0,0,0,0,0,0,0,0,0,1,0,0,0,0,1,0,0,0,0,0,0,0,0,0,0,0,0,0,0,0,0,0,0,1,0,0,1,0,0,0,0,0,0,0,0,0,0,0,0,0,0,0,0,1,0,0,0,0,0,0,0,0,0,0,0,0,0,0,0,0,1.8936078396911455,1.0,1.1997660202036902,1.0,1.6994589569337184,1.0,0.9658139365755345,1.0,178557.1375000002,664230.9750000006
17,0,10,178540.1799999997,663026.1099999994,0,0.0,68.52645097222222,790,0,0,0,0,0,0,0,0,0,0,1,0,0.0,1.0,17,0,6,178698.5599999996,663005.4399999995,0,0.0,68.52643943287038,790,0,0,0,0,0,0,0,0,0,0,1,0,0.0,1.0,1,0,10,180749.91999999995,661572.5,0,0.0,22.906045891203703,1141,0,0,0,0,0,0,1,0,0,0,0,0,0.0,1.0,2,5,5,179142.83999999985,663973.5199999996,0,19.039416666666668,0.0,2205,0,0,0,0,1,0,0,0,0,0,0,0,0.9612616959383189,-0.27563735581699905,1,0,0,1,0,0,0,0,0,0,0,0,0,0,0,0,0,1,0,0,0,0,1,0,0,0,0,0,0,0,0,0,0,0,0,0,0,0,0,0,1,0,0,0,0,1,0,0,0,0,0,0,0,0,0,0,0,0,0,0,0,0,0,0,1,0,0,1,0,0,0,0,0,0,0,0,0,0,0,0,0,0,0,0,0,0,1,0,0,0,0,2,0,0,0,0,0,0,0,0,0,0.8705511370507257,1.0,0.6864527469355783,1.0,2.279135763073251,1.0,1.2559083784365754,1.0,179282.87499999977,662894.3924999996
2,0,10,179182.24000000022,665961.1099999994,0,0.0,57.82231230324074,1141,0,0,0,0,0,0,1,0,0,0,0,0,0.0,1.0,2,5,7,180507.04000000004,664891.6500000004,0,40.0964,0.0,860,0,0,0,1,0,0,0,0,0,0,0,0,-0.48480962024633695,-0.8746197071393959,2,5,5,180904.08999999985,664849.2300000004,0,10.929616666666666,0.0,860,0,0,0,1,0,0,0,0,0,0,0,0,-0.30901699437494773,-0.9510565162951535,2,5,5,183154.26999999955,669745.9299999997,0,7.7797833333333335,0.0,860,0,0,0,1,0,0,0,0,0,0,0,0,-0.6427876096865393,-0.766044443118978,1,0,0,1,0,0,0,0,0,0,0,0,0,0,0,0,0,1,0,0,0,1,0,0,0,0,0,0,0,0,0,0,0,0,0,0,0,0,1,0,0,0,0,0,1,0,0,0,0,0,0,0,0,0,0,0,0,0,0,0,1,0,0,0,0,0,0,1,0,0,0,0,0,0,0,0,0,0,0,0,0,0,0,0,1,0,0,0,0,0,0,0,0,0,0,0,0,0,0,0,0,1.0482584728713562,1.0,0.8921750570919411,1.0,0.8812405581287901,1.0,2.3562443312517374,1.0,180936.90999999992,666361.98
1,0,10,183694.99000000025,652624.1099999994,0,0.0,88.81136758101852,738,0,0,0,0,0,0,0,0,0,1,0,0,0.0,1.0,1,5,5,181676.83000000007,652625.0800000001,0,16.520033333333334,0.0,1000,0,0,0,0,0,1,0,0,0,0,0,0,-0.6156614753256578,-0.7880107536067222,2,5,5,180592.86000000036,653869.8399999999,0,15.136833333333334,0.0,1000,0,0,0,0,0,1,0,0,0,0,0,0,-0.945518575599317,0.3255681544571563,2,5,5,180872.8200000003,652420.1899999995,0,1.9361166666666667,0.0,649,0,0,0,0,0,0,1,0,0,0,0,0,-0.9945218953682734,0.10452846326765299,0,0,0,1,0,0,0,0,0,0,0,0,0,0,0,0,0,1,0,0,0,1,0,0,0,0,0,0,0,0,0,0,0,0,0,0,0,0,1,0,0,0,0,0,1,0,0,0,0,0,0,0,0,0,0,0,0,0,0,1,0,0,0,0,0,0,0,1,0,0,0,0,0,0,0,0,0,0,0,0,0,0,0,0,0,0,1,0,0,0,0,0,0,0,0,0,0,0,0,0,0,2.2397533076560974,1.0,0.29274585394065167,1.0,1.665202192060188,1.0,1.070208785035081,1.0,181709.37500000023,652884.8049999997
2,5,5,183966.73000000045,674916.4299999997,0,24.490716666666668,0.0,2205,0,0,0,0,1,0,0,0,0,0,0,0,-0.19080899537654472,-0.981627183447664,20,5,5,183406.5499999998,674572.7799999993,0,17.522983333333332,0.0,2205,0,0,0,0,1,0,0,0,0,0,0,0,0.10452846326765346,0.9945218953682733,2,5,5,184452.23000000045,676125.3100000005,0,4.873866666666666,0.0,2205,0,0,0,0,1,0,0,0,0,0,0,0,-0.992546151641322,0.12186934340514768,2,5,6,186026.53000000023,675904.2200000007,0,2.4912,0.0,2205,0,0,0,0,1,0,0,0,0,0,0,0,-0.992546151641322,0.12186934340514768,0,0,0,0,1,0,0,0,0,0,1,0,0,0,0,0,0,0,0,0,0,1,0,0,0,0,0,0,0,0,0,0,0,0,0,0,0,0,1,0,0,0,0,0,1,0,0,0,0,0,0,0,0,0,0,0,0,0,0,1,0,0,0,0,0,0,0,1,0,0,0,0,0,0,0,0,0,0,0,0,0,0,0,1,0,0,0,0,0,0,0,0,0,0,0,0,0,0,0,0,0,0.8345896038053529,1.0,1.6342306159995725,1.0,0.9167183340653139,1.0,2.0273704308150564,1.0,184463.01000000024,675379.685
2,0,10,179055.76999999955,663114.8699999992,0,0.0,156.44704190972223,1141,0,0,0,0,0,0,1,0,0,0,0,0,0.0,1.0,2,0,6,178813.41999999993,666065.5299999993,0,0.0,96.46936829861112,1000,0,0,0,0,0,1,0,0,0,0,0,0,0.0,1.0,2,0,6,181445.04000000004,668673.0800000001,0,773.007,0.0,1295,0,0,0,0,0,1,0,0,0,0,0,0,0.0,1.0,2,0,6,181436.3700000001,668475.5,0,773.0070166666667,0.0,1295,0,0,0,0,0,1,0,0,0,0,0,0,0.0,1.0,1,0,0,1,0,0,0,0,0,0,0,0,0,0,0,0,0,1,0,0,0,0,1,0,0,0,0,0,0,0,0,0,0,0,0,0,0,0,0,0,1,0,0,0,0,1,0,0,0,0,0,0,0,0,0,0,0,0,0,0,0,0,0,0,1,0,0,0,1,0,0,0,0,0,0,0,0,0,0,0,0,0,0,0,0,0,0,0,1,0,0,2,0,0,0,0,0,0,0,0,0,2.080837493655715,1.0,0.8375753620242419,1.0,1.3918862086499528,1.0,1.2938625016427385,1.0,180187.6499999999,666582.2449999996
1,5,7,183830.8200000003,662809.5,0,38.316716666666665,0.0,1540,0,0,0,0,0,0,0,0,1,0,0,0,0.9510565162951536,-0.30901699437494734,1,5,7,183470.33000000007,665049.1099999994,0,23.19925,0.0,1540,0,0,0,0,0,0,0,0,1,0,0,0,0.05233595624294383,0.9986295347545738,2,5,6,183231.8799999999,663203.6600000001,0,14.366833333333334,0.0,1540,0,0,0,0,0,0,0,0,1,0,0,0,0.8910065241883678,0.4539904997395468,2,5,5,181474.16000000012,666282.8000000007,0,4.333966666666667,0.0,1540,0,0,0,0,0,0,0,0,1,0,0,0,-0.8571673007021123,0.5150380749100542,0,0,1,0,0,0,0,0,0,0,0,0,0,1,0,0,0,0,0,0,0,0,0,1,0,0,0,0,0,0,0,0,0,1,0,0,0,0,0,0,0,0,0,0,1,0,0,0,0,0,0,0,0,0,0,0,0,0,0,0,0,0,1,0,0,0,0,1,0,0,0,0,0,0,0,0,0,0,0,0,0,0,0,0,0,0,1,0,0,0,0,0,0,0,0,0,0,0,0,0,0,1.5017658759868764,1.0,0.7373736322897391,1.0,0.9990375607619687,1.0,2.138904905326077,1.0,183001.7975000001,664336.2675000001
2,0,10,177366.4400000004,661908.0899999999,0,0.0,100.69982997685185,2205,0,0,0,0,1,0,0,0,0,0,0,0,0.0,1.0,2,0,10,177437.83000000007,662499.7699999996,0,0.0,100.69982998842593,2205,0,0,0,0,1,0,0,0,0,0,0,0,0.0,1.0,2,0,6,183021.00999999975,668137.2799999993,0,953.0052,0.0,1295,0,0,0,0,0,1,0,0,0,0,0,0,0.0,1.0,2,0,6,180032.48000000045,662401.8000000007,0,593.0385333333334,0.0,1540,0,0,0,0,0,0,0,0,1,0,0,0,0.0,1.0,1,0,0,1,0,0,0,0,0,0,0,0,0,0,0,0,0,1,0,0,0,0,1,0,0,0,0,0,0,0,0,0,0,0,0,0,0,0,0,0,1,0,0,0,0,1,0,0,0,0,0,0,0,0,0,0,0,0,0,0,0,0,0,0,1,0,0,0,1,0,0,0,0,0,0,0,0,0,0,0,0,0,0,0,0,0,0,0,1,0,0,2,0,0,0,0,0,0,0,0,0,1.1434445230970893,1.0,0.97548806783494,1.0,2.3246573261717893,1.0,0.5960549805685503,1.0,179464.44000000018,663736.7349999999
2,5,6,185894.3200000003,675680.9399999995,0,20.915583333333334,0.0,1366,0,0,0,0,0,0,0,0,1,0,0,0,1.2246467991473532e-16,-1.0,2,5,5,182463.58999999985,674143.3200000003,0,10.327566666666666,0.0,738,0,0,0,0,0,0,0,0,0,1,0,0,0.9993908270190958,-0.03489949670250073,2,5,5,186202.53000000023,675617.0099999998,0,3.0928833333333334,0.0,738,0,0,0,0,0,0,0,0,0,1,0,0,0.12186934340514748,0.992546151641322,2,5,6,184161.91999999995,676068.0800000001,0,10.857033333333334,0.0,787,0,0,0,0,0,0,0,0,0,1,0,0,0.17364817766693033,0.984807753012208,0,0,0,0,1,0,0,0,0,0,0,1,0,0,0,0,0,0,0,0,0,1,0,0,0,0,0,0,0,0,0,0,0,0,0,1,0,0,0,0,0,0,0,0,1,0,0,0,0,0,0,0,0,0,0,0,0,0,0,0,0,0,1,0,0,0,0,1,0,0,0,0,0,0,0,0,0,0,0,0,0,0,0,0,0,0,1,0,0,0,0,0,0,0,0,0,0,0,0,0,0,1.121653100548176,1.0,2.2747276355414647,1.0,1.381257514464677,1.0,0.7744064251305947,1.0,184680.59000000008,675377.3374999999
2,0,6,176159.01999999955,658281.3699999992,0,0.0,1.6618283912037037,1366,0,0,0,0,0,0,0,0,1,0,0,0,0.0,1.0,2,0,6,175906.53000000026,658624.5399999991,0,0.0,1.6618285648148148,1366,0,0,0,0,0,0,0,0,1,0,0,0,0.0,1.0,2,0,6,176435.53000000026,658227.4299999997,0,0.0,1.6618286921296297,1366,0,0,0,0,0,0,0,0,1,0,0,0,0.0,1.0,2,0,6,176355.16000000015,658235.9399999995,0,0.0,1.6618291087962962,1366,0,0,0,0,0,0,0,0,1,0,0,0,0.0,1.0,0,0,0,1,0,0,0,0,0,0,0,0,0,0,0,0,0,1,0,0,0,0,1,0,0,0,0,0,0,0,0,0,0,0,0,0,0,0,0,0,1,0,0,0,0,1,0,0,0,0,0,0,0,0,0,0,0,0,0,0,0,0,0,0,1,0,0,0,1,0,0,0,0,0,0,0,0,0,0,0,0,0,0,0,0,0,0,0,1,0,0,3,0,0,0,0,0,0,0,0,0,0.4459788383469684,1.0,2.2667217449926502,1.0,1.3549108751482148,1.0,0.9596287753496192,1.0,176214.06000000006,658342.3199999994
2,0,6,186214.3899999997,659530.0600000005,0,0.0,130.5110472337963,790,0,0,0,0,0,0,0,0,0,0,1,0,0.0,1.0,2,0,10,186260.91999999995,659751.1099999994,0,0.0,130.5110241087963,790,0,0,0,0,0,0,0,0,0,0,1,0,0.0,1.0,1,0,10,187422.34999999963,659473.8200000003,0,0.0,126.62015599537037,787,0,0,0,0,0,0,0,0,0,1,0,0,0.0,1.0,1,0,10,187667.66999999995,659861.0099999998,0,0.0,81.87012871527777,1353,0,0,0,0,0,0,0,1,0,0,0,0,0.0,1.0,0,0,0,1,0,0,0,0,0,0,0,0,0,0,0,0,0,1,0,0,0,0,1,0,0,0,0,0,0,0,0,0,0,0,0,0,0,0,0,0,1,0,0,0,0,1,0,0,0,0,0,0,0,0,0,0,0,0,0,0,0,0,0,0,1,0,0,0,1,0,0,0,0,0,0,0,0,0,0,0,0,0,0,0,0,0,0,0,1,0,0,2,0,0,0,0,0,0,0,0,0,1.6830147642867224,1.0,1.55988922376473,1.0,1.371350271794113,1.0,1.96490891175569,1.0,186891.3324999998,659654.0
2,5,5,183456.83000000007,674440.4100000001,0,3.8017166666666666,0.0,2324,0,0,0,0,1,0,0,0,0,0,0,0,0.8910065241883678,0.4539904997395468,1,0,6,182583.49000000025,675756.6799999997,0,772.9669333333334,0.0,170,0,0,0,0,0,0,0,0,0,0,1,0,0.0,1.0,2,5,6,183399.26999999955,674436.1899999995,0,10.732883333333334,0.0,2324,0,0,0,0,1,0,0,0,0,0,0,0,-0.8910065241883678,-0.4539904997395469,2,5,6,186171.34999999963,676003.3599999994,0,9.532366666666666,0.0,2324,0,0,0,0,1,0,0,0,0,0,0,0,-0.20791169081775907,-0.9781476007338057,0,0,1,0,0,0,0,0,0,0,0,0,0,0,0,0,1,0,0,0,0,0,1,0,0,0,0,0,0,0,0,0,0,0,0,0,0,0,0,0,1,0,0,0,1,0,0,0,0,0,0,0,0,0,0,0,0,0,0,1,0,0,0,0,0,0,0,1,0,0,0,0,0,0,0,0,0,0,0,0,0,0,0,0,0,0,1,0,0,0,0,2,0,0,0,0,0,0,0,0,0,0.8130355323696334,1.0,1.3920973583839917,1.0,0.846840181663528,1.0,2.326738108471682,1.0,183902.73499999987,675159.1599999997
2,0,6,177381.6299999999,661904.2699999996,0,0.0,103.47288734953703,785,0,0,0,0,0,0,0,1,0,0,0,0,0.0,1.0,2,0,6,177381.6299999999,661904.2699999996,0,0.0,103.47288734953703,785,0,0,0,0,0,0,0,1,0,0,0,0,0.0,1.0,2,0,6,177426.34999999963,662419.4100000001,0,0.0,100.70678782407407,2205,0,0,0,0,1,0,0,0,0,0,0,0,0.0,1.0,2,0,6,183119.1500000004,668130.25,0,963.0244666666666,0.0,1295,0,0,0,0,0,1,0,0,0,0,0,0,0.0,1.0,1,0,0,1,0,0,0,0,0,0,0,0,0,0,0,0,0,1,0,0,0,0,1,0,0,0,0,0,0,0,0,0,0,0,0,0,0,0,0,0,1,0,0,0,0,1,0,0,0,0,0,0,0,0,0,0,0,0,0,0,0,0,0,0,1,0,0,0,1,0,0,0,0,0,0,0,0,0,0,0,0,0,0,0,0,0,0,0,1,0,0,3,0,0,0,0,0,0,0,0,0,0.8693445602585071,1.0,0.8693445602585071,1.0,0.7146639727148799,1.0,2.4463883713341663,1.0,178827.18999999994,663589.5499999998
2,0,10,177321.38999999966,661428.4299999997,0,0.0,103.00759829861111,785,0,0,0,0,0,0,0,1,0,0,0,0,0.0,1.0,2,0,6,177434.91000000015,662363.7100000009,0,0.0,103.00759834490741,785,0,0,0,0,0,0,0,1,0,0,0,0,0.0,1.0,2,0,10,177366.4400000004,661908.0899999999,0,0.0,100.24149877314815,2205,0,0,0,0,1,0,0,0,0,0,0,0,0.0,1.0,1,5,5,177095.98000000045,662187.5700000003,0,5.741616666666666,0.0,785,0,0,0,0,0,0,0,1,0,0,0,0,0.7986355100472928,0.6018150231520484,1,0,0,1,0,0,0,0,0,0,0,0,0,0,0,0,0,1,0,0,0,0,1,0,0,0,0,0,0,0,0,0,0,0,0,0,0,0,0,0,1,0,0,0,0,1,0,0,0,0,0,0,0,0,0,0,0,0,0,0,0,0,0,0,1,0,0,1,0,0,0,0,0,0,0,0,0,0,0,0,0,0,0,1,0,0,0,0,0,0,0,3,0,0,0,0,0,0,0,0,0,2.2635958181770213,1.0,1.7185356760473816,1.0,0.3698134230188326,1.0,1.2491496027640654,1.0,177304.68000000017,661971.9500000002
2,0,6,180344.96,664164.5899999999,0,0.0,9.911795266203704,787,0,0,0,0,0,0,0,0,0,1,0,0,0.0,1.0,1,0,6,176766.50999999978,661726.2799999993,0,1193.0519,0.0,790,0,0,0,0,0,0,0,0,0,0,1,0,0.0,1.0,2,5,5,177570.2999999998,663205.0999999996,0,24.8019,0.0,1540,0,0,0,0,0,0,0,0,1,0,0,0,-0.32556815445715676,-0.9455185755993167,2,5,5,181503.6200000001,663953.9499999993,0,2.6351833333333334,0.0,1540,0,0,0,0,0,0,0,0,1,0,0,0,0.05233595624294381,-0.9986295347545738,1,0,0,1,0,0,0,0,0,0,0,0,0,0,0,0,0,1,0,0,0,0,1,0,0,0,0,0,0,0,0,0,0,0,0,0,0,0,0,0,1,0,0,0,1,0,0,0,0,0,0,0,0,0,0,0,0,0,0,0,0,0,1,0,0,0,0,1,0,0,0,0,0,0,0,0,0,0,0,0,0,0,0,0,0,0,1,0,0,0,0,0,0,0,0,0,0,0,0,0,0,1.0908905016177703,1.0,1.8966409803332285,1.0,1.0191128878216726,1.0,1.7611454340090045,1.0,179046.34749999992,663262.4799999995
2,0,10,179225.83999999985,663041.8200000003,0,0.0,127.78680565972222,785,0,0,0,0,0,0,0,1,0,0,0,0,0.0,1.0,1,0,10,180770.2999999998,661493.5800000001,0,0.0,25.86438673611111,1141,0,0,0,0,0,0,1,0,0,0,0,0,0.0,1.0,2,5,7,181404.41999999995,662955.1799999997,0,49.60025,0.0,2324,0,0,0,0,1,0,0,0,0,0,0,0,-0.9993908270190957,-0.03489949670250165,1,5,5,180929.29000000004,665494.9700000007,0,14.0669,0.0,2324,0,0,0,0,1,0,0,0,0,0,0,0,0.8290375725550417,0.5591929034707468,1,0,0,1,0,0,0,0,0,0,0,0,0,0,0,0,0,1,0,0,0,0,1,0,0,0,0,0,0,0,0,0,0,0,0,0,0,0,0,0,1,0,0,0,1,0,0,0,0,0,0,0,0,0,0,0,0,0,0,0,0,0,1,0,0,0,0,1,0,0,0,0,0,0,0,0,0,0,0,0,0,0,0,0,0,0,1,0,0,0,0,0,0,0,0,0,0,0,0,0,0,1.2174425899497467,1.0,1.5643034168497314,1.0,0.773807351779044,1.0,2.0189319797890017,1.0,180582.4624999999,663246.3875000002
1,0,6,179078.8099999996,645173.0500000007,0,0.0,2.328464594907407,1366,0,0,0,0,0,0,0,0,1,0,0,0,0.0,1.0,1,0,10,178853.0599999996,645047.1500000004,0,0.0,2.328464837962963,1366,0,0,0,0,0,0,0,0,1,0,0,0,0.0,1.0,1,0,8,179078.8099999996,645173.0500000007,0,0.0,2.370130451388889,1366,0,0,0,0,0,0,0,0,1,0,0,0,0.0,1.0,1,0,10,179337.13999999966,644997.9700000007,0,0.0,2.370130486111111,1366,0,0,0,0,0,0,0,0,1,0,0,0,0.0,1.0,0,0,0,1,0,0,0,0,0,0,0,0,0,0,0,0,0,1,0,0,0,0,1,0,0,0,0,0,0,0,0,0,0,0,0,0,0,0,0,0,1,0,0,0,0,1,0,0,0,0,0,0,0,0,0,0,0,0,0,0,0,0,0,0,1,0,0,0,1,0,0,0,0,0,0,0,0,0,0,0,0,0,0,0,0,0,0,0,1,0,0,0,0,0,0,0,0,0,0,0,0,0.6089603846403195,1.0,1.9255553998403563,1.0,0.6089603846403195,1.0,2.167350421896428,1.0,179086.9549999996,645097.8050000006
2,0,10,177334.5,661514.4299999997,0,0.0,103.47289903935186,785,0,0,0,0,0,0,0,1,0,0,0,0,0.0,1.0,2,0,10,177334.5,661514.4299999997,0,0.0,103.47289903935186,785,0,0,0,0,0,0,0,1,0,0,0,0,0.0,1.0,2,0,10,178747.04000000004,666085.1899999995,0,0.0,56.41876709490741,1540,0,0,0,0,0,0,0,0,1,0,0,0,0.0,1.0,2,0,6,178259.73000000045,664620.9199999999,0,483.0579666666667,0.0,738,0,0,0,0,0,0,0,0,0,1,0,0,0.0,1.0,1,0,0,1,0,0,0,0,0,0,0,0,0,0,0,0,0,1,0,0,0,0,1,0,0,0,0,0,0,0,0,0,0,0,0,0,0,0,0,0,1,0,0,0,0,1,0,0,0,0,0,0,0,0,0,0,0,0,0,0,0,0,0,0,1,0,0,0,1,0,0,0,0,0,0,0,0,0,0,0,0,0,0,0,0,0,0,0,1,0,0,2,2,0,0,0,0,0,0,0,0,1.5449806989690384,1.0,1.5449806989690384,1.0,2.1390255041133495,1.0,0.9511127581908421,1.0,177918.94250000012,663433.7424999997
1,0,6,179275.6900000004,645032.3599999994,0,0.0,2.0368142824074074,1366,0,0,0,0,0,0,0,0,1,0,0,0,0.0,1.0,1,0,7,179078.8099999996,645173.0500000007,0,0.0,2.036814699074074,1366,0,0,0,0,0,0,0,0,1,0,0,0,0.0,1.0,2,5,7,179521.75,644185.9900000002,0,23.0799,0.0,1366,0,0,0,0,0,0,0,0,1,0,0,0,-0.9205048534524403,-0.3907311284892738,2,5,5,182424.08000000007,644333.1699999999,0,18.34595,0.0,1366,0,0,0,0,0,0,0,0,1,0,0,0,-0.9743700647852351,-0.22495105434386525,0,0,0,1,0,0,0,0,0,0,0,0,0,0,0,0,0,1,0,0,0,0,1,0,0,0,0,0,0,0,0,0,0,0,0,0,0,0,0,0,1,0,0,0,1,0,0,0,0,0,0,0,0,0,0,0,0,0,0,1,0,0,0,0,0,0,0,1,0,0,0,0,0,0,0,0,0,0,0,0,0,0,0,0,0,0,1,0,0,0,0,0,0,0,0,0,0,0,0,0,0,0.9739989200047506,1.0,1.2394336552291905,1.0,0.8282986297034987,1.0,2.648916869629967,0.0,240100.11000000002,859574.8566666668
1,0,10,181954.53000000023,664345.2400000002,0,0.0,51.495174803240744,790,0,0,0,0,0,0,0,0,0,0,1,0,0.0,1.0,2,5,7,181467.5,664853.5299999993,0,31.401266666666668,0.0,2324,0,0,0,0,1,0,0,0,0,0,0,0,0.27563735581699916,0.9612616959383189,2,5,5,181875.34999999963,664791.1099999994,0,7.90185,0.0,2324,0,0,0,0,1,0,0,0,0,0,0,0,-0.05233595624294437,0.9986295347545738,2,5,10,182444.7000000002,664352.2599999998,0,4.217783333333333,0.0,2324,0,0,0,0,1,0,0,0,0,0,0,0,-0.12186934340514811,0.992546151641322,0,0,0,1,0,0,0,0,0,0,0,0,0,0,0,0,0,1,0,0,0,1,0,0,0,0,0,0,0,0,0,0,0,0,0,0,0,0,1,0,0,0,0,0,1,0,0,0,0,0,0,0,0,0,0,0,0,0,0,0,0,0,1,0,0,0,0,1,0,0,0,0,0,0,0,0,0,0,0,0,0,0,0,0,0,0,1,0,0,0,0,0,0,0,0,0,0,0,0,0,0,0.8240046961816273,1.0,1.843635975110292,1.0,0.7322325094187639,1.0,1.914584811513184,1.0,181935.52000000002,664585.5349999997
2,5,7,191864.01999999955,674422.2300000004,0,14.897483333333334,0.0,860,0,0,0,1,0,0,0,0,0,0,0,0,0.35836794954530027,0.9335804264972017,1,5,6,190818.84999999963,674687.7799999993,0,13.3632,0.0,860,0,0,0,1,0,0,0,0,0,0,0,0,-0.17364817766693127,0.9848077530122079,1,5,5,189506.08999999985,673878.5800000001,0,12.912716666666666,0.0,860,0,0,0,1,0,0,0,0,0,0,0,0,-0.05233595624294437,0.9986295347545738,1,5,6,189773.5499999998,674923.0600000005,0,5.11245,0.0,860,0,0,0,1,0,0,0,0,0,0,0,0,-0.05233595624294437,0.9986295347545738,0,0,1,0,0,0,0,0,0,0,0,0,0,1,0,0,0,0,0,0,0,1,0,0,0,0,0,0,0,0,0,0,0,0,0,0,1,0,0,0,0,0,0,0,1,0,0,0,0,0,0,0,0,0,0,0,0,0,0,0,1,0,0,0,0,0,0,1,0,0,0,0,0,0,0,0,0,0,0,0,0,0,0,0,0,1,0,0,0,0,0,0,0,0,0,0,0,0,0,0,0,2.0808032124024325,1.0,0.5897648905752862,1.0,1.7448683978105963,1.0,1.2776984328966412,1.0,190490.6274999997,674477.9125000001
2,0,10,179107.7000000002,663112.9000000004,0,0.0,102.06447310185185,2205,0,0,0,0,1,0,0,0,0,0,0,0,0.0,1.0,2,0,10,177386.4299999997,662058.9399999995,0,0.0,99.07483188657407,2205,0,0,0,0,1,0,0,0,0,0,0,0,0.0,1.0,2,0,10,177419.7000000002,662364.0999999996,0,0.0,99.07483189814815,2205,0,0,0,0,1,0,0,0,0,0,0,0,0.0,1.0,2,0,7,177349.91999999993,661773.3100000005,0,0.0,99.07483190972222,2205,0,0,0,0,1,0,0,0,0,0,0,0,0.0,1.0,1,0,0,1,0,0,0,0,0,0,0,0,0,0,0,0,0,1,0,0,0,0,1,0,0,0,0,0,0,0,0,0,0,0,0,0,0,0,0,0,1,0,0,0,0,1,0,0,0,0,0,0,0,0,0,0,0,0,0,0,0,0,0,0,1,0,0,0,1,0,0,0,0,0,0,0,0,0,0,0,0,0,0,0,0,0,0,0,1,0,0,3,0,0,0,0,0,0,0,0,0,2.427624041672538,1.0,0.8132172812253411,1.0,0.6389719367969374,1.0,1.1624275183294672,1.0,177815.9375,662327.3125
1,0,10,182134.7000000002,666640.9199999999,0,0.0,47.02761337962963,1353,0,0,0,0,0,0,0,1,0,0,0,0,0.0,1.0,1,5,5,183914.0499999998,663034.4100000001,0,8.979766666666666,0.0,1353,0,0,0,0,0,0,0,1,0,0,0,0,0.9998476951563913,-0.017452406437283477,2,5,5,183794.3899999997,665055.2100000009,0,5.7633833333333335,0.0,1353,0,0,0,0,0,0,0,1,0,0,0,0,0.9975640502598242,0.06975647374412546,2,5,6,182921.25,664139.3200000003,0,2.8467333333333333,0.0,1353,0,0,0,0,0,0,0,1,0,0,0,0,0.3090169943749474,0.9510565162951535,0,0,0,1,0,0,0,0,0,0,0,0,0,0,0,0,0,1,0,0,0,1,0,0,0,0,0,0,0,0,0,0,0,0,0,1,0,0,0,0,0,0,0,0,1,0,0,0,0,0,0,0,0,0,0,0,0,0,0,0,0,0,1,0,0,0,0,0,0,1,0,0,0,0,1,0,0,0,0,0,0,0,0,0,0,0,0,0,0,0,0,0,0,0,0,0,0,0,0,0,0,2.1499942477970815,1.0,1.7946407768061308,1.0,0.6773900314597716,1.0,0.6250918062354418,1.0,183191.09749999992,664717.4650000003
1,0,10,179694.4400000004,665825.2200000007,0,0.0,277.91178666666667,785,0,0,0,0,0,0,0,1,0,0,0,0,0.0,1.0,2,0,10,179084.16000000015,663131.1799999997,0,0.0,155.98870792824073,1141,0,0,0,0,0,0,1,0,0,0,0,0,0.0,1.0,2,0,10,178909.51999999955,666038.7699999996,0,0.0,96.01103435185185,1000,0,0,0,0,0,1,0,0,0,0,0,0,0.0,1.0,1,0,10,180770.2999999998,661493.5800000001,0,0.0,24.989379247685186,1141,0,0,0,0,0,0,1,0,0,0,0,0,0.0,1.0,1,0,0,1,0,0,0,0,0,0,0,0,0,0,0,0,0,1,0,0,0,0,1,0,0,0,0,0,0,0,0,0,0,0,0,0,0,0,0,0,1,0,0,0,0,1,0,0,0,0,0,0,0,0,0,0,0,0,0,0,0,0,0,0,1,0,0,0,1,0,0,0,0,0,0,0,0,0,0,0,0,0,0,0,0,0,0,0,1,0,0,0,0,0,0,0,0,0,0,0,0,1.2966208129795782,1.0,0.8548609219455651,1.0,1.553116285879956,1.0,2.183806721854174,1.0,179614.60499999998,664122.1875
2,0,10,177321.38999999966,661428.4299999997,0,0.0,103.0909379513889,785,0,0,0,0,0,0,0,1,0,0,0,0,0.0,1.0,2,0,10,178909.51999999955,666038.7699999996,0,0.0,96.21937539351852,1000,0,0,0,0,0,1,0,0,0,0,0,0,0.0,1.0,2,5,5,182196.99000000025,668416.9600000009,0,19.017316666666666,0.0,1540,0,0,0,0,0,0,0,0,1,0,0,0,-0.9063077870366498,0.4226182617406996,2,5,5,180929.16999999995,666487.0099999998,0,16.40063333333333,0.0,1540,0,0,0,0,0,0,0,0,1,0,0,0,0.9902680687415704,-0.13917310096006535,1,0,0,1,0,0,0,0,0,0,0,0,0,0,0,0,0,1,0,0,0,0,1,0,0,0,0,0,0,0,0,0,0,0,0,0,0,0,0,0,1,0,0,0,1,0,0,0,0,0,0,0,0,0,0,0,0,0,0,0,1,0,0,0,0,0,0,1,0,0,0,0,0,0,0,0,0,0,0,0,0,0,0,0,0,0,1,0,0,0,0,0,0,0,0,0,0,0,0,0,0,2.195762001475952,1.0,0.46527833257116236,1.0,1.6599885834814858,1.0,0.6361132833729811,1.0,179839.26749999984,665592.7925
2,0,10,179116.7000000002,665979.1099999994,0,0.0,57.53064024305556,1141,0,0,0,0,0,0,1,0,0,0,0,0,0.0,1.0,2,0,6,179318.16999999993,663393.6600000001,0,952.9886333333334,0.0,2205,0,0,0,0,1,0,0,0,0,0,0,0,0.0,1.0,1,0,6,179273.79000000004,663060.5999999996,0,893.0053,0.0,1295,0,0,0,0,0,1,0,0,0,0,0,0,0.0,1.0,2,0,6,178180.0499999998,664506.8900000006,0,413.03865,0.0,738,0,0,0,0,0,0,0,0,0,1,0,0,0.0,1.0,1,0,0,1,0,0,0,0,0,0,0,0,0,0,0,0,0,1,0,0,0,0,1,0,0,0,0,0,0,0,0,0,0,0,0,0,0,0,0,0,1,0,0,0,0,1,0,0,0,0,0,0,0,0,0,0,0,0,0,0,0,0,0,0,1,0,0,0,1,0,0,0,0,0,0,0,0,0,0,0,0,0,0,0,0,0,0,0,1,0,0,0,0,0,0,0,0,0,0,0,0,2.1821889395641625,1.0,1.134431015624687,1.0,1.5120190408399934,1.0,1.0442813894204577,1.0,178972.1775,664235.065
1,5,6,186330.0499999998,666106.8599999994,0,19.00775,0.0,1141,0,0,0,0,0,0,1,0,0,0,0,0,-0.13917310096006552,-0.9902680687415703,1,5,5,186357.6900000004,666302.0299999993,0,18.441133333333333,0.0,1141,0,0,0,0,0,0,1,0,0,0,0,0,-0.12186934340514774,-0.992546151641322,2,5,5,186965.53000000023,665404.0600000005,0,22.123233333333335,0.0,649,0,0,0,0,0,0,1,0,0,0,0,0,-0.017452406437283192,-0.9998476951563913,2,5,5,186484.83000000007,666791.1400000006,0,15.089883333333333,0.0,649,0,0,0,0,0,0,1,0,0,0,0,0,-0.601815023152048,-0.798635510047293,0,0,1,0,0,0,0,0,0,0,0,0,0,0,0,0,1,0,0,0,0,1,0,0,0,0,0,0,0,0,0,0,0,0,0,1,0,0,0,0,0,0,0,0,1,0,0,0,0,0,0,0,0,0,0,0,0,0,0,0,0,0,1,0,0,0,0,1,0,0,0,0,0,0,0,0,0,0,0,0,0,0,0,0,1,0,0,0,0,0,0,2,0,0,0,0,0,0,0,0,0,0.5550965401712009,1.0,0.6170521822342078,1.0,2.2884021489700377,1.0,1.7036981429327074,1.0,186534.52500000014,666151.0225
2,0,10,186255.74000000025,659726.9600000009,0,0.0,132.67769015046295,790,0,0,0,0,0,0,0,0,0,0,1,0,0.0,1.0,2,0,8,186255.74000000025,659726.9600000009,0,0.0,132.67769016203704,790,0,0,0,0,0,0,0,0,0,0,1,0,0.0,1.0,1,0,6,187269.54000000004,659426.4900000002,0,0.0,1.7868338078703703,787,0,0,0,0,0,0,0,0,0,1,0,0,0.0,1.0,2,0,6,186323.24000000025,660235.4700000007,0,334.34035,0.0,2324,0,0,0,0,1,0,0,0,0,0,0,0,0.0,1.0,0,0,0,1,0,0,0,0,0,0,0,0,0,0,0,0,0,1,0,0,0,0,1,0,0,0,0,0,0,0,0,0,0,0,0,0,0,0,0,0,1,0,0,0,0,1,0,0,0,0,0,0,0,0,0,0,0,0,0,0,0,0,0,0,1,0,0,0,1,0,0,0,0,0,0,0,0,0,0,0,0,0,0,0,0,0,0,0,1,0,0,2,0,0,0,0,0,0,0,0,0,0.7637865750530775,1.0,0.7637865750530775,1.0,2.282896984258279,1.0,1.3859719911716495,1.0,186526.06500000018,659778.9700000007
2,0,10,179116.7000000002,665979.1099999994,0,0.0,55.98897284722222,1141,0,0,0,0,0,0,1,0,0,0,0,0,0.0,1.0,1,0,10,179116.38999999966,665972.2300000004,0,0.0,55.07981774305556,2205,0,0,0,0,1,0,0,0,0,0,0,0,0.0,1.0,2,0,6,178693.75,665885.8900000006,0,0.0,54.82847516203704,1540,0,0,0,0,0,0,0,0,1,0,0,0,0.0,1.0,2,5,5,180217.1500000004,665424.3599999994,0,29.6209,0.0,1000,0,0,0,0,0,1,0,0,0,0,0,0,-0.10452846326765305,-0.9945218953682734,1,0,0,1,0,0,0,0,0,0,0,0,0,0,0,0,0,1,0,0,0,0,1,0,0,0,0,0,0,0,0,0,0,0,0,0,0,0,0,0,1,0,0,0,0,1,0,0,0,0,0,0,0,0,0,0,0,0,0,0,0,0,0,0,1,0,0,1,0,0,0,0,0,0,0,0,0,0,0,0,0,0,0,1,0,0,0,0,0,0,0,0,0,0,0,0,0,0,0,0,0,0.5936908396827982,1.0,0.5823414152648543,1.0,1.5035399944865844,1.0,2.5459365246581087,0.0,239047.99666666673,887753.8633333333
2,5,5,183158.11000000036,665265.1999999993,0,25.85135,0.0,2324,0,0,0,0,1,0,0,0,0,0,0,0,0.224951054343865,0.9743700647852352,2,5,5,182098.1299999999,665369.0099999998,0,20.751483333333333,0.0,2324,0,0,0,0,1,0,0,0,0,0,0,0,-0.8090169943749473,-0.5877852522924732,2,5,5,181782.49000000025,665468.6799999997,0,17.801283333333334,0.0,2324,0,0,0,0,1,0,0,0,0,0,0,0,-0.9563047559630354,0.2923717047227367,1,2,5,183687.54000000004,663153.0299999993,0,10.568516666666667,0.0,2324,0,0,0,0,1,0,0,0,0,0,0,0,0.9876883405951377,-0.15643446504023104,0,0,1,0,0,0,0,0,0,0,0,0,0,0,0,0,1,0,0,0,0,1,0,0,0,0,0,0,0,0,0,0,0,0,0,0,0,0,1,0,0,0,0,0,1,0,0,0,0,0,0,0,0,0,0,0,0,0,0,0,0,0,1,0,0,0,0,1,0,0,0,0,0,0,0,0,0,0,0,0,0,0,0,1,0,0,0,0,0,0,0,2,0,0,0,0,0,0,0,0,0,0.7568262172706958,1.0,0.9286529471724678,1.0,1.282604192593243,1.0,2.239369105277166,1.0,182681.56750000012,664813.9799999995
1,0,10,181954.53000000023,664345.2400000002,0,0.0,44.828507314814814,790,0,0,0,0,0,0,0,0,0,0,1,0,0.0,1.0,2,5,5,181737.91000000012,664189.5899999999,0,9.96665,0.0,1353,0,0,0,0,0,0,0,1,0,0,0,0,0.9945218953682733,0.10452846326765346,1,5,5,182584.58000000007,664806.2799999993,0,8.901383333333333,0.0,1540,0,0,0,0,0,0,0,0,1,0,0,0,0.6691306063588582,0.7431448254773942,2,5,5,182241.83999999985,663333.2599999998,0,1.8160333333333334,0.0,1540,0,0,0,0,0,0,0,0,1,0,0,0,-0.20791169081775987,0.9781476007338056,0,0,0,1,0,0,0,0,0,0,0,0,0,0,0,0,0,1,0,0,0,1,0,0,0,0,0,0,0,0,0,0,0,0,0,0,0,1,0,0,0,0,0,0,1,0,0,0,0,0,0,0,0,0,0,0,0,0,0,0,1,0,0,0,0,0,0,1,0,0,0,0,0,0,0,0,0,0,0,0,0,0,0,1,0,0,0,0,0,0,0,0,0,0,0,0,0,0,0,0,0,0.5849571573117757,1.0,0.9225546306938239,1.0,1.8417193529753906,1.0,1.9816925519067383,1.0,182129.71500000008,664168.5924999998
2,0,10,179107.7000000002,663112.9000000004,0,0.0,103.69642962962963,2205,0,0,0,0,1,0,0,0,0,0,0,0,0.0,1.0,2,0,10,177386.4299999997,662058.9399999995,0,0.0,100.70678842592592,2205,0,0,0,0,1,0,0,0,0,0,0,0,0.0,1.0,2,0,6,179974.5599999996,662395.0299999993,0,603.05865,0.0,1540,0,0,0,0,0,0,0,0,1,0,0,0,0.0,1.0,2,0,6,179974.5599999996,662395.0299999993,0,603.05865,0.0,1540,0,0,0,0,0,0,0,0,1,0,0,0,0.0,1.0,1,0,0,1,0,0,0,0,0,0,0,0,0,0,0,0,0,1,0,0,0,0,1,0,0,0,0,0,0,0,0,0,0,0,0,0,0,0,0,0,1,0,0,0,0,1,0,0,0,0,0,0,0,0,0,0,0,0,0,0,0,0,0,0,1,0,0,0,1,0,0,0,0,0,0,0,0,0,0,0,0,0,0,0,0,0,0,0,1,0,0,2,0,0,0,0,0,0,0,0,0,0.8637331970777589,1.0,2.466671290166564,1.0,1.2058946603448708,1.0,1.2058946603448708,1.0,179110.81249999977,662490.4749999996
16,0,10,178580.53000000026,663032.5,0,0.0,68.6097702199074,790,0,0,0,0,0,0,0,0,0,0,1,0,0.0,1.0,2,5,5,179955.5499999998,663943.6099999994,0,28.169133333333335,0.0,1000,0,0,0,0,0,1,0,0,0,0,0,0,-0.7071067811865475,-0.7071067811865477,1,2,5,179143.65000000037,664249.9700000007,0,21.85246666666667,0.0,1000,0,0,0,0,0,1,0,0,0,0,0,0,-0.9563047559630354,0.2923717047227367,2,5,5,178763.50999999978,663119.5299999993,0,13.502483333333334,0.0,1000,0,0,0,0,0,1,0,0,0,0,0,0,-0.9986295347545738,0.052335956242943946,1,0,0,1,0,0,0,0,0,0,0,0,0,0,0,0,0,1,0,0,0,1,0,0,0,0,0,0,0,0,0,0,0,0,0,1,0,0,0,0,0,0,0,0,1,0,0,0,0,0,0,0,0,0,0,0,0,0,0,0,0,0,1,0,0,0,0,1,0,0,0,0,0,0,0,0,0,0,0,0,0,0,0,1,0,0,0,0,0,0,0,0,0,0,0,0,0,0,0,0,0,1.4592397732599194,1.0,1.7453454983869088,1.0,1.2643069045405353,1.0,1.107315764585559,1.0,179110.81000000006,663586.4024999999
2,5,7,184301.1200000001,666557.5399999991,0,30.316983333333333,0.0,1353,0,0,0,0,0,0,0,1,0,0,0,0,0.9271838545667874,0.37460659341591196,2,5,5,183496.49000000025,667189.4600000009,0,4.616783333333333,0.0,1353,0,0,0,0,0,0,0,1,0,0,0,0,0.9396926207859083,0.3420201433256688,1,5,6,185156.6500000004,664669.4700000007,0,30.697733333333332,0.0,1540,0,0,0,0,0,0,0,0,1,0,0,0,0.9975640502598242,0.06975647374412546,2,5,5,185027.74000000025,666644.5099999998,0,16.781033333333333,0.0,1540,0,0,0,0,0,0,0,0,1,0,0,0,0.9993908270190958,0.03489949670250108,0,0,1,0,0,0,0,0,0,0,0,0,0,0,0,0,1,0,0,0,0,1,0,0,0,0,0,0,0,0,0,0,0,0,0,0,0,0,1,0,0,0,0,0,1,0,0,0,0,0,0,0,0,0,0,0,0,0,0,0,0,0,1,0,0,0,0,1,0,0,0,0,0,0,0,0,0,0,0,0,0,0,0,0,0,0,1,0,0,0,0,2,0,0,0,0,0,0,0,0,0,0.43464633856009055,1.0,1.6851508585660937,1.0,2.1387846473249055,1.0,0.8092284691571441,1.0,184495.50000000023,666265.2450000001
2,0,6,179318.16999999993,663393.6600000001,0,1023.0071166666667,0.0,2205,0,0,0,0,1,0,0,0,0,0,0,0,0.0,1.0,1,0,6,179273.79000000004,663060.5999999996,0,963.0237833333333,0.0,1295,0,0,0,0,0,1,0,0,0,0,0,0,0.0,1.0,2,0,6,178180.0499999998,664506.8900000006,0,483.0571166666667,0.0,738,0,0,0,0,0,0,0,0,0,1,0,0,0.0,1.0,2,0,6,178180.0499999998,664506.8900000006,0,483.0571166666667,0.0,738,0,0,0,0,0,0,0,0,0,1,0,0,0.0,1.0,1,0,0,1,0,0,0,0,0,0,0,0,0,0,0,0,0,1,0,0,0,0,1,0,0,0,0,0,0,0,0,0,0,0,0,0,0,0,0,0,1,0,0,0,0,1,0,0,0,0,0,0,0,0,0,0,0,0,0,0,0,0,0,0,1,0,0,0,1,0,0,0,0,0,0,0,0,0,0,0,0,0,0,0,0,0,0,0,1,0,0,2,0,0,0,0,0,0,0,0,0,1.2388362368812849,1.0,1.6018549337237673,1.0,1.4046580151137256,1.0,1.4046580151137256,1.0,178738.0149999999,663867.0100000002
1,0,10,183741.01999999955,652595.0,0,0.0,90.85303880787038,738,0,0,0,0,0,0,0,0,0,1,0,0,0.0,1.0,1,0,10,183694.99000000025,652624.1099999994,0,0.0,90.89470811342592,738,0,0,0,0,0,0,0,0,0,1,0,0,0.0,1.0,1,5,6,180812.71,651898.5600000005,0,17.19135,0.0,785,0,0,0,0,0,0,0,1,0,0,0,0,0.9925461516413221,-0.12186934340514737,2,2,6,178523.40000000037,654924.1500000004,0,23.196433333333335,0.0,1353,0,0,0,0,0,0,0,1,0,0,0,0,0.8746197071393959,-0.484809620246337,0,0,0,1,0,0,0,0,0,0,0,0,0,0,0,0,0,1,0,0,0,0,1,0,0,0,0,0,0,0,0,0,0,0,0,0,0,0,0,0,1,0,0,0,1,0,0,0,0,0,0,0,0,0,0,0,0,0,0,0,0,0,1,0,0,0,0,1,0,0,0,0,0,0,0,0,0,0,0,0,0,0,0,1,0,0,0,0,0,0,0,2,0,0,0,0,0,0,0,0,0,1.257640705815395,1.0,1.2270640229830376,1.0,0.8535073303900581,1.0,2.2282869006602835,1.0,181693.03000000003,653010.4550000001
1,0,10,185945.34999999963,672815.7400000002,0,0.0,35.72082726851852,2324,0,0,0,0,1,0,0,0,0,0,0,0,0.0,1.0,1,0,10,185945.34999999963,672815.7400000002,0,0.0,35.72082726851852,2324,0,0,0,0,1,0,0,0,0,0,0,0,0.0,1.0,1,0,6,185909.0499999998,672709.9700000007,0,0.0,35.72082739583333,2324,0,0,0,0,1,0,0,0,0,0,0,0,0.0,1.0,1,0,6,185909.0499999998,672709.9700000007,0,0.0,35.72082739583333,2324,0,0,0,0,1,0,0,0,0,0,0,0,0.0,1.0,0,0,0,1,0,0,0,0,0,0,0,0,0,0,0,0,0,1,0,0,0,0,1,0,0,0,0,0,0,0,0,0,0,0,0,0,0,0,0,0,1,0,0,0,0,1,0,0,0,0,0,0,0,0,0,0,0,0,0,0,0,0,0,0,1,0,0,0,1,0,0,0,0,0,0,0,0,0,0,0,0,0,0,0,0,0,0,0,1,0,0,2,0,0,0,0,0,0,0,0,0,1.5742335589624543,1.0,1.5742335589624543,1.0,1.5742335589624543,1.0,1.5742335589624543,1.0,185927.19999999972,672762.8550000004
2,0,10,177321.38999999966,661428.4299999997,0,0.0,100.96592795138889,785,0,0,0,0,0,0,0,1,0,0,0,0,0.0,1.0,2,0,6,177426.34999999963,662419.4100000001,0,0.0,98.19982840277778,2205,0,0,0,0,1,0,0,0,0,0,0,0,0.0,1.0,2,0,10,177366.4400000004,661908.0899999999,0,0.0,98.19982841435186,2205,0,0,0,0,1,0,0,0,0,0,0,0,0.0,1.0,2,0,10,179045.6900000004,665999.7799999993,0,0.0,94.09436543981481,1000,0,0,0,0,0,1,0,0,0,0,0,0,0.0,1.0,1,0,0,1,0,0,0,0,0,0,0,0,0,0,0,0,0,1,0,0,0,0,1,0,0,0,0,0,0,0,0,0,0,0,0,0,0,0,0,0,1,0,0,0,0,1,0,0,0,0,0,0,0,0,0,0,0,0,0,0,0,0,0,0,1,0,0,0,1,0,0,0,0,0,0,0,0,0,0,0,0,0,0,0,0,0,0,0,1,0,0,3,0,0,0,0,0,0,0,0,0,1.2514208211739728,1.0,0.5017735020918987,1.0,0.8818465925884837,1.0,2.6178990754520632,0.0,237053.29000000004,883918.5699999997
2,0,10,179075.4500000002,663147.9499999993,0,0.0,103.52280377314815,2205,0,0,0,0,1,0,0,0,0,0,0,0,0.0,1.0,2,0,10,179107.7000000002,663112.9000000004,0,0.0,103.52280378472223,2205,0,0,0,0,1,0,0,0,0,0,0,0,0.0,1.0,2,0,10,177386.4299999997,662058.9399999995,0,0.0,100.53316258101852,2205,0,0,0,0,1,0,0,0,0,0,0,0,0.0,1.0,1,0,6,180774.2199999997,661479.4800000004,0,554.6541166666667,0.0,1141,0,0,0,0,0,0,1,0,0,0,0,0,0.0,1.0,1,0,0,1,0,0,0,0,0,0,0,0,0,0,0,0,0,1,0,0,0,0,1,0,0,0,0,0,0,0,0,0,0,0,0,0,0,0,0,0,1,0,0,0,0,1,0,0,0,0,0,0,0,0,0,0,0,0,0,0,0,0,0,0,1,0,0,0,1,0,0,0,0,0,0,0,0,0,0,0,0,0,0,0,0,0,0,0,1,0,0,0,0,0,0,0,0,0,0,0,0,0.7316043787640522,1.0,0.6951690065067163,1.0,1.82729427217208,1.0,2.040387412745368,1.0,179085.94999999995,662449.8174999999
2,0,6,191283.08999999985,675529.3599999994,0,0.0,1.305135613425926,1295,0,0,0,0,0,1,0,0,0,0,0,0,0.0,1.0,2,0,6,191370.46,675506.0700000003,0,0.0,1.3051361689814815,1295,0,0,0,0,0,1,0,0,0,0,0,0,0.0,1.0,2,5,5,191956.03000000023,675242.4900000002,0,29.8628,0.0,1366,0,0,0,0,0,0,0,0,1,0,0,0,0.25881904510252074,0.9659258262890683,2,5,5,190889.0499999998,677150.2100000009,0,7.5975166666666665,0.0,1366,0,0,0,0,0,0,0,0,1,0,0,0,0.9205048534524404,-0.3907311284892736,0,0,0,1,0,0,0,0,0,0,0,0,0,0,0,0,0,1,0,0,0,0,1,0,0,0,0,0,0,0,0,0,0,0,0,0,0,0,0,0,1,0,0,0,1,0,0,0,0,0,0,0,0,0,0,0,0,0,0,0,0,0,1,0,0,0,0,1,0,0,0,0,0,0,0,0,0,0,0,0,0,0,0,1,0,0,0,0,0,0,0,2,0,0,0,0,0,0,0,0,0,0.5986829127561698,1.0,0.617619314070022,1.0,1.4886115879495225,1.0,2.4307049366118774,1.0,191374.65749999997,675857.0325000002
2,0,10,179100.08999999985,663100.0700000003,0,0.0,158.5523895486111,1141,0,0,0,0,0,0,1,0,0,0,0,0,0.0,1.0,1,0,10,180770.2999999998,661493.5800000001,0,0.0,25.579669641203704,1141,0,0,0,0,0,0,1,0,0,0,0,0,0.0,1.0,1,0,10,180770.2999999998,661493.5800000001,0,0.0,25.579669641203704,1141,0,0,0,0,0,0,1,0,0,0,0,0,0.0,1.0,1,0,10,180770.2999999998,661493.5800000001,0,0.0,25.579669641203704,1141,0,0,0,0,0,0,1,0,0,0,0,0,0.0,1.0,1,0,0,1,0,0,0,0,0,0,0,0,0,0,0,0,0,1,0,0,0,0,1,0,0,0,0,0,0,0,0,0,0,0,0,0,0,0,0,0,1,0,0,0,0,1,0,0,0,0,0,0,0,0,0,0,0,0,0,0,0,0,0,0,1,0,0,0,1,0,0,0,0,0,0,0,0,0,0,0,0,0,0,0,0,0,0,0,1,0,0,3,0,0,0,0,0,0,0,0,0,2.449952851279625,1.0,0.8166509504265417,1.0,0.8166509504265417,1.0,0.8166509504265417,1.0,180352.74749999982,661895.2025000001
1,0,10,179748.33000000007,666135.5099999998,0,0.0,189.16182409722222,395,0,0,0,1,0,0,0,0,0,0,0,0,0.0,1.0,2,0,10,177395.46999999974,662145.5199999996,0,0.0,107.03227546296296,2205,0,0,0,0,1,0,0,0,0,0,0,0,0.0,1.0,1,0,10,180759.6799999997,661531.8699999992,0,0.0,31.90603704861111,1141,0,0,0,0,0,0,1,0,0,0,0,0,0.0,1.0,1,0,10,180468.24000000025,661860.9900000002,0,0.0,18.86446298611111,649,0,0,0,0,0,0,1,0,0,0,0,0,0.0,1.0,1,0,0,1,0,0,0,0,0,0,0,0,0,0,0,0,0,1,0,0,0,0,1,0,0,0,0,0,0,0,0,0,0,0,0,0,0,0,0,0,1,0,0,0,0,1,0,0,0,0,0,0,0,0,0,0,0,0,0,0,0,0,0,0,1,0,0,0,1,0,0,0,0,0,0,0,0,0,0,0,0,0,0,0,0,0,0,0,1,0,0,0,0,0,0,0,0,0,0,0,0,2.0186479811596025,1.0,1.4599894158834799,1.0,1.135790137007549,1.0,0.8603777265466896,1.0,179592.92999999993,662918.4724999997
1,0,10,186810.84999999963,695239.0700000003,0,0.0,30.300977974537037,738,0,0,0,0,0,0,0,0,0,1,0,0,0.0,1.0,1,0,10,186810.84999999963,695239.0700000003,0,0.0,30.300977974537037,738,0,0,0,0,0,0,0,0,0,1,0,0,0.0,1.0,1,0,10,186647.59999999963,695230.3699999992,0,0.0,30.50235497685185,738,0,0,0,0,0,0,0,0,0,1,0,0,0.0,1.0,1,0,10,186810.84999999963,695239.0700000003,0,0.0,30.502355347222224,738,0,0,0,0,0,0,0,0,0,1,0,0,0.0,1.0,0,0,0,1,0,0,0,0,0,0,0,0,0,0,0,0,0,1,0,0,0,0,1,0,0,0,0,0,0,0,0,0,0,0,0,0,0,0,0,0,1,0,0,0,0,1,0,0,0,0,0,0,0,0,0,0,0,0,0,0,0,0,0,0,1,0,0,0,1,0,0,0,0,0,0,0,0,0,0,0,0,0,0,0,0,0,0,0,1,0,0,0,0,0,0,0,0,0,0,0,0,1.0978328496539478,1.0,1.0978328496539478,1.0,3.2934985489618427,0.0,1.0978328496539478,1.0,249026.71666666618,926982.5266666667
2,0,10,177965.59999999963,658892.7699999996,0,0.0,81.71881336805555,1540,0,0,0,0,0,0,0,0,1,0,0,0,0.0,1.0,2,0,8,177956.8700000001,658813.6199999992,0,0.0,81.71880181712963,1540,0,0,0,0,0,0,0,0,1,0,0,0,0.0,1.0,1,0,10,179004.88999999966,658838.9399999995,0,0.0,45.395977708333334,142,1,0,0,0,0,0,0,0,0,0,0,0,0.0,1.0,2,5,5,177968.5499999998,658921.4800000004,0,22.357833333333332,0.0,2205,0,0,0,0,1,0,0,0,0,0,0,0,0.10452846326765346,0.9945218953682733,0,0,0,1,0,0,0,0,0,0,0,0,0,0,0,0,0,1,0,0,0,0,1,0,0,0,0,0,0,0,0,0,0,0,0,0,0,0,0,0,1,0,0,0,0,1,0,0,0,0,0,0,0,0,0,0,0,0,0,0,0,0,0,0,1,0,0,1,0,0,0,0,0,0,0,0,0,0,0,0,0,0,0,0,0,0,1,0,0,0,0,3,0,0,0,0,0,0,0,0,0,1.0524200455287847,1.0,1.1036526148645138,1.0,3.166736913606091,0.0,1.0586852816376435,1.0,237631.96999999974,878488.9366666662
2,0,10,179100.08999999985,663100.0700000003,0,0.0,158.00376666666668,1141,0,0,0,0,0,0,1,0,0,0,0,0,0.0,1.0,2,0,10,179193.58000000007,662978.9499999993,0,0.0,158.00376666666668,1141,0,0,0,0,0,0,1,0,0,0,0,0,0.0,1.0,1,0,10,180135.2000000002,662368.6999999993,0,0.0,106.88402126157408,1353,0,0,0,0,0,0,0,1,0,0,0,0,0.0,1.0,17,0,10,178733.74000000022,662995.6600000001,0,0.0,70.65144027777778,790,0,0,0,0,0,0,0,0,0,0,1,0,0.0,1.0,1,0,0,1,0,0,0,0,0,0,0,0,0,0,0,0,0,1,0,0,0,0,1,0,0,0,0,0,0,0,0,0,0,0,0,0,0,0,0,0,1,0,0,0,0,1,0,0,0,0,0,0,0,0,0,0,0,0,0,0,0,0,0,0,1,0,0,0,1,0,0,0,0,0,0,0,0,0,0,0,0,0,0,0,0,0,0,0,1,0,0,0,0,0,0,0,0,0,0,0,0,0.7599598788652958,1.0,0.3798677643403444,1.0,2.428810758080212,1.0,1.4237667179964457,1.0,179290.65250000008,662860.8449999997
2,0,10,177408.16000000015,662268.3399999999,0,0.0,100.19983203703704,2205,0,0,0,0,1,0,0,0,0,0,0,0,0.0,1.0,2,0,10,178747.04000000004,666085.1899999995,0,0.0,55.911811192129626,1540,0,0,0,0,0,0,0,0,1,0,0,0,0.0,1.0,1,0,6,176766.50999999978,661726.2799999993,0,1013.0414666666667,0.0,790,0,0,0,0,0,0,0,0,0,0,1,0,0.0,1.0,1,0,6,180789.41999999995,661429.6300000008,0,74.6748,0.0,1141,0,0,0,0,0,0,1,0,0,0,0,0,0.0,1.0,1,0,0,1,0,0,0,0,0,0,0,0,0,0,0,0,0,1,0,0,0,0,1,0,0,0,0,0,0,0,0,0,0,0,0,0,0,0,0,0,1,0,0,0,0,1,0,0,0,0,0,0,0,0,0,0,0,0,0,0,0,0,0,0,1,0,0,0,1,0,0,0,0,0,0,0,0,0,0,0,0,0,0,0,0,0,0,0,1,0,0,0,0,0,0,0,0,0,0,0,0,0.6954173214304354,1.0,1.8875790085794188,1.0,1.1834216705187788,1.0,1.621971769174826,1.0,178427.78249999997,662877.3599999999
6,5,7,190885.3700000001,665680.3300000001,0,23.426683333333333,0.0,785,0,0,0,0,0,0,0,1,0,0,0,0,0.24192189559966773,-0.9702957262759965,2,5,5,189471.2199999997,665911.1199999992,0,21.709983333333334,0.0,785,0,0,0,0,0,0,0,1,0,0,0,0,-0.9876883405951377,-0.15643446504023104,2,5,5,187464.16999999995,667762.5099999998,0,20.859916666666667,0.0,785,0,0,0,0,0,0,0,1,0,0,0,0,0.9612616959383189,0.27563735581699916,2,5,5,189969.41999999995,665227.3599999994,0,8.89275,0.0,785,0,0,0,0,0,0,0,1,0,0,0,0,0.754709580222772,0.6560590289905073,0,0,1,0,0,0,0,0,0,0,0,0,0,1,0,0,0,0,0,0,0,1,0,0,0,0,0,0,0,0,0,0,0,0,0,0,1,0,0,0,0,0,0,0,1,0,0,0,0,0,0,0,0,0,0,0,0,0,0,1,0,0,0,0,0,0,0,1,0,0,0,0,0,0,0,0,0,0,0,0,0,0,0,0,0,0,1,0,0,0,0,0,0,0,0,0,0,0,0,0,0,1.3626618093200162,1.0,0.2122727896690763,1.0,2.3076524292757545,1.0,0.9521889319822229,1.0,189447.54499999993,666145.3299999996
2,5,5,185219.36000000036,664506.0,0,21.43185,0.0,860,0,0,0,1,0,0,0,0,0,0,0,0,0.40673664307580015,0.9135454576426009,1,5,5,184946.8200000003,666862.3800000008,0,18.882066666666667,0.0,860,0,0,0,1,0,0,0,0,0,0,0,0,0.25881904510252074,0.9659258262890683,1,5,5,184682.9500000002,666052.5399999991,0,17.44815,0.0,860,0,0,0,1,0,0,0,0,0,0,0,0,0.9986295347545738,-0.05233595624294362,2,5,5,183798.0,666220.6699999999,0,8.148366666666666,0.0,860,0,0,0,1,0,0,0,0,0,0,0,0,-0.5299192642332058,0.8480480961564254,0,0,1,0,0,0,0,0,0,0,0,0,0,0,0,0,1,0,0,0,0,1,0,0,0,0,0,0,0,0,0,0,0,0,0,0,0,0,1,0,0,0,0,0,0,0,1,0,0,0,0,0,0,0,1,0,0,0,0,0,0,0,0,0,0,0,0,1,0,0,0,0,0,0,0,0,0,0,0,0,0,0,0,1,0,0,0,0,0,0,0,0,0,0,0,0,0,0,0,0,0,2.160371081462168,1.0,1.420778255891417,1.0,0.20546643022026714,1.0,1.312231329545288,1.0,184661.7825000002,665910.3975
2,0,7,177403.1200000001,662212.1300000008,0,0.0,107.03316733796296,2205,0,0,0,0,1,0,0,0,0,0,0,0,0.0,1.0,2,0,10,177437.83000000007,662499.7699999996,0,0.0,107.03316737268518,2205,0,0,0,0,1,0,0,0,0,0,0,0,0.0,1.0,2,0,10,179116.7000000002,665979.1099999994,0,0.0,102.92770438657408,1000,0,0,0,0,0,1,0,0,0,0,0,0,0.0,1.0,2,0,10,180344.96,664164.5899999999,0,0.0,16.620123391203705,787,0,0,0,0,0,0,0,0,0,1,0,0,0.0,1.0,1,0,0,1,0,0,0,0,0,0,0,0,0,0,0,0,0,1,0,0,0,0,1,0,0,0,0,0,0,0,0,0,0,0,0,0,0,0,0,0,1,0,0,0,0,1,0,0,0,0,0,0,0,0,0,0,0,0,0,0,0,0,0,0,1,0,0,0,1,0,0,0,0,0,0,0,0,0,0,0,0,0,0,0,0,0,0,0,1,0,0,2,0,0,0,0,0,0,0,0,0,1.3909967374635475,1.0,1.2148036675590044,1.0,1.700279334363934,1.0,1.3329655086480003,1.0,178575.65250000008,663713.8999999999
2,5,7,182741.1299999999,676367.4299999997,0,27.357566666666667,0.0,1000,0,0,0,0,0,1,0,0,0,0,0,0,-0.9945218953682734,0.10452846326765299,2,5,5,186307.1500000004,674638.9900000002,0,24.773333333333333,0.0,1000,0,0,0,0,0,1,0,0,0,0,0,0,-0.034899496702500823,0.9993908270190958,2,5,7,181038.84999999963,674405.7599999998,0,17.95703333333333,0.0,1000,0,0,0,0,0,1,0,0,0,0,0,0,-0.2923717047227364,-0.9563047559630355,2,5,6,182723.5,676370.1600000001,0,9.7075,0.0,1000,0,0,0,0,0,1,0,0,0,0,0,0,-0.9902680687415704,0.13917310096006547,0,0,1,0,0,0,0,0,0,0,0,0,0,0,0,0,1,0,0,0,0,1,0,0,0,0,0,0,0,0,0,0,0,0,0,1,0,0,0,0,0,0,0,0,0,0,1,0,0,0,0,1,0,0,0,0,0,0,0,0,0,0,0,0,0,0,0,1,0,0,0,0,0,0,0,0,0,0,0,0,0,0,0,0,0,0,1,0,0,0,0,2,0,0,0,0,0,0,0,0,0,0.7239670515869772,1.0,2.252512534613933,1.0,1.68588291294475,1.0,0.7312952727121874,1.0,183202.65749999997,675445.585
2,0,10,177321.38999999966,661428.4299999997,0,0.0,101.84093099537037,785,0,0,0,0,0,0,0,1,0,0,0,0,0.0,1.0,2,0,6,177426.34999999963,662419.4100000001,0,0.0,99.07483144675926,2205,0,0,0,0,1,0,0,0,0,0,0,0,0.0,1.0,2,0,10,177366.4400000004,661908.0899999999,0,0.0,99.07483145833334,2205,0,0,0,0,1,0,0,0,0,0,0,0,0.0,1.0,2,1,6,177948.66000000015,662059.5899999999,0,18.757283333333334,0.0,1295,0,0,0,0,0,1,0,0,0,0,0,0,0.40673664307580015,0.9135454576426009,1,0,0,1,0,0,0,0,0,0,0,0,0,0,0,0,0,1,0,0,0,0,1,0,0,0,0,0,0,0,0,0,0,0,0,0,0,0,0,0,1,0,0,0,0,1,0,0,0,0,0,0,0,0,0,0,0,0,0,0,0,0,0,0,1,0,0,1,0,0,0,0,0,0,0,0,0,0,0,0,0,0,0,0,0,0,1,0,0,0,0,3,0,0,0,0,0,0,0,0,0,1.8415888683777044,1.0,1.5582276868304936,1.0,0.5132481936195524,1.0,1.4650010229774706,1.0,177515.70999999996,661953.8799999999
1,0,10,183694.99000000025,652624.1099999994,0,0.0,91.2280371875,738,0,0,0,0,0,0,0,0,0,1,0,0,0.0,1.0,2,0,6,183335.50999999975,652308.7599999998,0,773.00765,0.0,1295,0,0,0,0,0,1,0,0,0,0,0,0,0.0,1.0,1,0,6,178155.11000000034,654834.6099999994,0,833.0067166666666,0.0,1295,0,0,0,0,0,1,0,0,0,0,0,0,0.0,1.0,1,0,6,178177.33999999985,654886.4199999999,0,833.0067666666666,0.0,1295,0,0,0,0,0,1,0,0,0,0,0,0,0.0,1.0,0,0,0,1,0,0,0,0,0,0,0,0,0,0,0,0,0,1,0,0,0,0,1,0,0,0,0,0,0,0,0,0,0,0,0,0,0,0,0,0,1,0,0,0,0,1,0,0,0,0,0,0,0,0,0,0,0,0,0,0,0,0,0,0,1,0,0,0,1,0,0,0,0,0,0,0,0,0,0,0,0,0,0,0,0,0,0,0,1,0,0,0,0,0,0,0,0,0,0,0,0,1.565814399361557,1.0,1.4633680609460187,1.0,1.5102813485126008,1.0,1.510732427391838,1.0,180840.73750000005,653663.4749999996
2,0,10,186260.91999999995,659751.1099999994,0,0.0,133.42771747685185,790,0,0,0,0,0,0,0,0,0,0,1,0,0.0,1.0,2,0,10,186255.74000000025,659726.9600000009,0,0.0,133.4276938425926,790,0,0,0,0,0,0,0,0,0,0,1,0,0.0,1.0,2,0,10,186205.24000000025,659506.6899999995,0,0.0,133.42769430555555,790,0,0,0,0,0,0,0,0,0,0,1,0,0.0,1.0,1,0,10,187687.1200000001,659857.8300000001,0,0.0,84.70346979166666,1353,0,0,0,0,0,0,0,1,0,0,0,0,0.0,1.0,0,0,0,1,0,0,0,0,0,0,0,0,0,0,0,0,0,1,0,0,0,0,1,0,0,0,0,0,0,0,0,0,0,0,0,0,0,0,0,0,1,0,0,0,0,1,0,0,0,0,0,0,0,0,0,0,0,0,0,0,0,0,0,0,1,0,0,0,1,0,0,0,0,0,0,0,0,0,0,0,0,0,0,0,0,0,0,0,1,0,0,3,0,0,0,0,0,0,0,0,0,0.911300163590283,1.0,0.9197148713253678,1.0,1.183358882731047,1.0,2.902596454482921,0.0,248803.00666666686,879614.1966666667
2,0,10,177976.3700000001,658984.2100000009,0,0.0,82.67714068287037,1540,0,0,0,0,0,0,0,0,1,0,0,0,0.0,1.0,2,0,8,177956.8700000001,658813.6199999992,0,0.0,82.67714125,1540,0,0,0,0,0,0,0,0,1,0,0,0,0.0,1.0,1,0,10,179004.88999999966,658838.9399999995,0,0.0,46.354317152777774,142,1,0,0,0,0,0,0,0,0,0,0,0,0.0,1.0,2,5,7,178981.21999999974,658707.0700000003,0,5.115966666666667,0.0,2324,0,0,0,0,1,0,0,0,0,0,0,0,-0.2419218955996675,-0.9702957262759965,0,0,0,1,0,0,0,0,0,0,0,0,0,0,0,0,0,1,0,0,0,0,1,0,0,0,0,0,0,0,0,0,0,0,0,0,0,0,0,0,1,0,0,0,0,1,0,0,0,0,0,0,0,0,0,0,0,0,0,0,0,0,0,0,1,0,0,0,0,1,0,0,0,0,0,0,0,0,0,0,0,0,0,0,0,0,0,0,0,0,1,2,0,0,0,0,0,0,0,0,0,1.7146078458740208,1.0,1.710046929493935,1.0,1.7153279473736394,1.0,1.69122908747688,1.0,178479.8374999999,658835.96
1,0,10,188285.58999999985,659377.2899999991,0,0.0,165.59106636574074,738,0,0,0,0,0,0,0,0,0,1,0,0,0.0,1.0,2,0,10,190399.8799999999,659472.3200000003,0,0.0,47.661829097222224,1366,0,0,0,0,0,0,0,0,1,0,0,0,0.0,1.0,1,0,10,189948.21,659628.6099999994,0,0.0,39.54825378472222,787,0,0,0,0,0,0,0,0,0,1,0,0,0.0,1.0,1,0,10,189608.8799999999,659721.5999999996,0,0.0,19.60326542824074,738,0,0,0,0,0,0,0,0,0,1,0,0,0.0,1.0,0,0,0,1,0,0,0,0,0,0,0,0,0,0,0,0,0,1,0,0,0,0,1,0,0,0,0,0,0,0,0,0,0,0,0,0,0,0,0,0,1,0,0,0,0,1,0,0,0,0,0,0,0,0,0,0,0,0,0,0,0,0,0,0,1,0,0,0,1,0,0,0,0,0,0,0,0,0,0,0,0,0,0,0,0,0,0,0,1,0,0,0,0,0,0,0,0,0,0,0,0,2.792586010108149,0.0,1.8292364071282106,1.0,0.8583170005637165,1.0,0.3869657149612053,1.0,252747.51999999987,879399.9399999995
1,0,10,179694.4400000004,665825.2200000007,0,0.0,276.87012074074073,785,0,0,0,0,0,0,0,1,0,0,0,0,0.0,1.0,2,0,10,178909.51999999955,666038.7699999996,0,0.0,94.96936842592592,1000,0,0,0,0,0,1,0,0,0,0,0,0,0.0,1.0,2,5,6,178696.49000000022,661687.8200000003,0,13.040533333333334,0.0,1295,0,0,0,0,0,1,0,0,0,0,0,0,0.27563735581699916,0.9612616959383189,2,4,5,181149.21,665830.8100000005,0,7.7239,0.0,1295,0,0,0,0,0,1,0,0,0,0,0,0,0.984807753012208,-0.1736481776669303,1,0,0,1,0,0,0,0,0,0,0,0,0,0,0,0,0,1,0,0,0,0,1,0,0,0,0,0,0,0,0,0,0,0,0,0,0,0,0,0,1,0,0,0,1,0,0,0,0,0,0,0,0,0,0,0,0,0,0,0,0,0,1,0,0,0,0,1,0,0,0,0,0,0,0,0,0,0,0,0,0,0,0,0,0,0,1,0,0,0,0,0,0,0,0,0,0,0,0,0,0,0.7053715693398522,1.0,0.9936757969769076,1.0,2.3593759824436273,1.0,1.3098979631046332,1.0,179612.41500000004,664845.6550000003
2,0,10,177401.2000000002,662045.3599999994,0,0.0,109.75761537037037,785,0,0,0,0,0,0,0,1,0,0,0,0,0.0,1.0,2,0,6,177434.91000000015,662363.7100000009,0,0.0,109.7576037962963,785,0,0,0,0,0,0,0,1,0,0,0,0,0.0,1.0,2,0,6,177413.54000000004,662175.6099999994,0,0.0,109.75760380787037,785,0,0,0,0,0,0,0,1,0,0,0,0,0.0,1.0,2,0,6,177426.34999999963,662419.4100000001,0,0.0,106.99150420138889,2205,0,0,0,0,1,0,0,0,0,0,0,0,0.0,1.0,1,0,0,1,0,0,0,0,0,0,0,0,0,0,0,0,0,1,0,0,0,0,1,0,0,0,0,0,0,0,0,0,0,0,0,0,0,0,0,0,1,0,0,0,0,1,0,0,0,0,0,0,0,0,0,0,0,0,0,0,0,0,0,0,1,0,0,0,1,0,0,0,0,0,0,0,0,0,0,0,0,0,0,0,0,0,0,0,1,0,0,4,0,0,0,0,0,0,0,0,0,2.548848920038016,0.0,1.4051741671253484,1.0,0.9335704315557194,1.0,2.0810935874138976,1.0,236558.66666666666,883001.3633333333
1,0,10,183720.41000000012,666760.4499999993,0,0.0,106.96182877314814,2205,0,0,0,0,1,0,0,0,0,0,0,0,0.0,1.0,1,5,8,184045.83999999985,664952.0099999998,0,28.915866666666666,0.0,2324,0,0,0,0,1,0,0,0,0,0,0,0,-0.984807753012208,-0.17364817766693033,2,5,6,185423.0700000003,666637.6899999995,0,28.76655,0.0,2324,0,0,0,0,1,0,0,0,0,0,0,0,-1.0,-1.8369701987210297e-16,2,5,5,185145.8899999997,666939.8100000005,0,14.4,0.0,2324,0,0,0,0,1,0,0,0,0,0,0,0,0.3583679495453002,-0.9335804264972017,0,0,0,1,0,0,0,0,0,0,0,0,0,0,0,0,0,1,0,0,0,1,0,0,0,0,0,0,0,0,0,0,0,0,0,1,0,0,0,0,0,0,0,0,1,0,0,0,0,0,0,0,0,0,0,0,0,0,0,0,0,1,0,0,0,0,0,1,0,0,0,0,0,0,0,0,0,0,0,0,0,0,0,0,0,0,1,0,0,0,0,0,0,0,0,0,0,0,0,0,0,1.2777928247091948,1.0,1.9432242103504445,1.0,1.1832706204899028,1.0,1.10193512035273,1.0,184583.8025,666322.4899999998
2,0,6,177381.58999999985,662031.7899999991,0,0.0,100.19983130787037,2205,0,0,0,0,1,0,0,0,0,0,0,0,0.0,1.0,17,0,10,178540.1799999997,663026.1099999994,0,0.0,70.69311836805555,790,0,0,0,0,0,0,0,0,0,0,1,0,0.0,1.0,2,0,10,180244.75,664183.7100000009,0,0.0,9.786787349537038,787,0,0,0,0,0,0,0,0,0,1,0,0,0.0,1.0,2,5,5,177984.79000000004,662141.4000000004,0,7.173766666666666,0.0,649,0,0,0,0,0,0,1,0,0,0,0,0,0.3420201433256687,0.9396926207859084,1,0,0,1,0,0,0,0,0,0,0,0,0,0,0,0,0,1,0,0,0,0,1,0,0,0,0,0,0,0,0,0,0,0,0,0,0,0,0,0,1,0,0,0,0,1,0,0,0,0,0,0,0,0,0,0,0,0,0,0,0,0,0,0,1,0,0,1,0,0,0,0,0,0,0,0,0,0,0,0,0,0,0,0,1,0,0,0,0,0,0,0,0,0,0,0,0,0,0,0,0,1.4648379809482508,1.0,0.18685671607032242,1.0,2.2467670702757077,1.0,0.9277152778306266,1.0,178537.8274999999,662845.7525
2,3,5,185676.73000000045,662309.0500000007,0,19.27165,0.0,1353,0,0,0,0,0,0,0,1,0,0,0,0,-0.8191520442889916,-0.5735764363510464,2,5,5,182803.83000000007,662892.6699999999,0,15.0384,0.0,1353,0,0,0,0,0,0,0,1,0,0,0,0,-0.984807753012208,-0.17364817766693033,2,5,6,182978.8200000003,662919.7300000004,0,6.221533333333333,0.0,1353,0,0,0,0,0,0,0,1,0,0,0,0,0.9612616959383189,0.27563735581699916,2,5,5,183228.29000000004,663201.9000000004,0,4.405016666666667,0.0,1353,0,0,0,0,0,0,0,1,0,0,0,0,0.8910065241883678,0.4539904997395468,0,0,1,0,0,0,0,0,0,0,0,0,0,0,0,0,1,0,0,0,0,1,0,0,0,0,0,0,0,0,0,0,0,0,0,1,0,0,0,0,0,0,0,0,1,0,0,0,0,0,0,0,0,0,0,0,0,0,0,0,0,0,1,0,0,0,0,1,0,0,0,0,0,0,0,0,0,0,0,0,0,0,0,1,0,0,0,0,0,0,0,2,0,0,0,0,0,0,0,0,0,2.7770427579792574,0.0,1.1666447484154134,1.0,0.936727704076203,1.0,0.7752996104226497,1.0,244895.89000000028,883774.4500000005
2,0,10,178578.91999999993,665596.5600000005,0,0.0,56.418767546296294,1540,0,0,0,0,0,0,0,0,1,0,0,0,0.0,1.0,2,0,10,178578.91999999993,665596.5600000005,0,0.0,56.418767546296294,1540,0,0,0,0,0,0,0,0,1,0,0,0,0.0,1.0,2,0,10,178672.3799999999,665806.7899999991,0,0.0,56.418767546296294,1540,0,0,0,0,0,0,0,0,1,0,0,0,0.0,1.0,2,0,10,178672.3799999999,665806.7899999991,0,0.0,56.418767546296294,1540,0,0,0,0,0,0,0,0,1,0,0,0,0.0,1.0,1,0,0,1,0,0,0,0,0,0,0,0,0,0,0,0,0,1,0,0,0,0,1,0,0,0,0,0,0,0,0,0,0,0,0,0,0,0,0,0,1,0,0,0,0,1,0,0,0,0,0,0,0,0,0,0,0,0,0,0,0,0,0,0,1,0,0,0,1,0,0,0,0,0,0,0,0,0,0,0,0,0,0,0,0,0,0,0,1,0,0,4,0,0,0,0,0,0,0,0,0,1.5151523197206178,1.0,1.5151523197206178,1.0,1.5151523197206178,1.0,1.5151523197206178,1.0,178625.6499999999,665701.6749999998
1,0,6,178155.11000000034,654834.6099999994,0,963.0237666666667,0.0,1295,0,0,0,0,0,1,0,0,0,0,0,0,0.0,1.0,1,0,6,178155.11000000034,654834.6099999994,0,963.0237666666667,0.0,1295,0,0,0,0,0,1,0,0,0,0,0,0,0.0,1.0,1,0,6,182872.16999999995,651485.9199999999,0,963.0238,0.0,1295,0,0,0,0,0,1,0,0,0,0,0,0,0.0,1.0,1,0,6,182872.16999999995,651485.9199999999,0,963.0238,0.0,1295,0,0,0,0,0,1,0,0,0,0,0,0,0.0,1.0,0,0,0,1,0,0,0,0,0,0,0,0,0,0,0,0,0,1,0,0,0,0,1,0,0,0,0,0,0,0,0,0,0,0,0,0,0,0,0,0,1,0,0,0,0,1,0,0,0,0,0,0,0,0,0,0,0,0,0,0,0,0,0,0,1,0,0,0,1,0,0,0,0,0,0,0,0,0,0,0,0,0,0,0,0,0,0,0,1,0,0,2,2,0,0,0,0,0,0,0,0,1.4344209807893749,1.0,1.4344209807893749,1.0,1.4344209807893866,1.0,1.4344209807893866,1.0,180513.64000000013,653160.2649999997
2,0,10,186290.9000000004,659876.8599999994,0,0.0,139.63603603009258,790,0,0,0,0,0,0,0,0,0,0,1,0,0.0,1.0,2,0,6,186299.49000000025,659875.3900000006,0,0.0,4.891580046296296,1353,0,0,0,0,0,0,0,1,0,0,0,0,0.0,1.0,1,0,8,186080.84999999963,659975.5700000003,0,0.0,4.877008356481482,1353,0,0,0,0,0,0,0,1,0,0,0,0,0.0,1.0,1,0,6,187436.99000000025,659502.4800000004,0,952.9920333333333,0.0,790,0,0,0,0,0,0,0,0,0,0,1,0,0.0,1.0,0,0,0,1,0,0,0,0,0,0,0,0,0,0,0,0,0,1,0,0,0,0,1,0,0,0,0,0,0,0,0,0,0,0,0,0,0,0,0,0,1,0,0,0,0,1,0,0,0,0,0,0,0,0,0,0,0,0,0,0,0,0,0,0,1,0,0,0,1,0,0,0,0,0,0,0,0,0,0,0,0,0,0,0,0,0,0,0,1,0,0,0,0,0,0,0,0,0,0,0,0,0.6900041579399597,1.0,0.6657407962654993,1.0,1.3367255865938668,1.0,2.690692862316296,0.0,248702.7433333335,879743.4333333336
2,0,6,186214.3899999997,659530.0600000005,0,0.0,132.5527146412037,790,0,0,0,0,0,0,0,0,0,0,1,0,0.0,1.0,1,0,10,187492.6399999997,659382.8399999999,0,0.0,128.6618232060185,787,0,0,0,0,0,0,0,0,0,1,0,0,0.0,1.0,1,0,6,187667.66999999995,659861.0099999998,0,0.0,83.82846672453704,1353,0,0,0,0,0,0,0,1,0,0,0,0,0.0,1.0,1,0,6,187269.54000000004,659426.4900000002,0,0.0,1.661834837962963,787,0,0,0,0,0,0,0,0,0,1,0,0,0.0,1.0,0,0,0,1,0,0,0,0,0,0,0,0,0,0,0,0,0,1,0,0,0,0,1,0,0,0,0,0,0,0,0,0,0,0,0,0,0,0,0,0,1,0,0,0,0,1,0,0,0,0,0,0,0,0,0,0,0,0,0,0,0,0,0,0,1,0,0,0,1,0,0,0,0,0,0,0,0,0,0,0,0,0,0,0,0,0,0,0,1,0,0,0,0,0,0,0,0,0,0,0,0,2.519047289314299,0.0,0.9879977116346441,1.0,1.5813344894745465,1.0,0.4375248444655416,1.0,249548.0799999998,879400.1333333334
2,0,10,177363.59999999963,661768.3800000008,0,0.0,103.47288774305555,785,0,0,0,0,0,0,0,1,0,0,0,0,0.0,1.0,2,0,10,177363.59999999963,661768.3800000008,0,0.0,103.47288774305555,785,0,0,0,0,0,0,0,1,0,0,0,0,0.0,1.0,2,0,10,177363.59999999963,661768.3800000008,0,0.0,103.47288774305555,785,0,0,0,0,0,0,0,1,0,0,0,0,0.0,1.0,2,0,6,180067.6200000001,662404.2200000007,0,603.0583333333333,0.0,1540,0,0,0,0,0,0,0,0,1,0,0,0,0.0,1.0,1,0,0,1,0,0,0,0,0,0,0,0,0,0,0,0,0,1,0,0,0,0,1,0,0,0,0,0,0,0,0,0,0,0,0,0,0,0,0,0,1,0,0,0,0,1,0,0,0,0,0,0,0,0,0,0,0,0,0,0,0,0,0,0,1,0,0,0,1,0,0,0,0,0,0,0,0,0,0,0,0,0,0,0,0,0,0,0,1,0,0,3,0,0,0,0,0,0,0,0,0,0.9603680080749378,1.0,0.9603680080749378,1.0,0.9603680080749378,1.0,2.881104024224813,0.0,237386.13999999966,882569.7866666677
2,0,10,178672.3799999999,665806.7899999991,0,0.0,53.745144456018515,1540,0,0,0,0,0,0,0,0,1,0,0,0,0.0,1.0,2,0,10,178578.91999999993,665596.5600000005,0,0.0,53.745144456018515,1540,0,0,0,0,0,0,0,0,1,0,0,0,0.0,1.0,2,5,5,179548.6299999999,665863.3599999994,0,8.274716666666666,0.0,2205,0,0,0,0,1,0,0,0,0,0,0,0,-0.17364817766693047,-0.984807753012208,2,5,5,178973.6900000004,667172.4100000001,0,26.985166666666668,0.0,1000,0,0,0,0,0,1,0,0,0,0,0,0,-0.9063077870366497,-0.42261826174069994,1,0,0,1,0,0,0,0,0,0,0,0,0,0,0,0,0,1,0,0,0,0,1,0,0,0,0,0,0,0,0,0,0,0,0,0,0,0,0,0,1,0,0,0,1,0,0,0,0,0,0,0,0,0,0,0,0,0,0,0,1,0,0,0,0,0,0,1,0,0,0,0,0,0,0,0,0,0,0,0,0,0,0,1,0,0,0,0,0,0,0,2,0,0,0,0,0,0,0,0,0,0.8129026799549489,1.0,1.258749681409658,1.0,1.306718819425111,1.0,2.1257704109260187,1.0,178943.40500000003,666109.7799999998
2,0,10,177395.46999999974,662145.5199999996,0,0.0,100.28227952546297,2205,0,0,0,0,1,0,0,0,0,0,0,0,0.0,1.0,1,5,10,179349.6799999997,664008.8800000008,0,23.082533333333334,0.0,1353,0,0,0,0,0,0,0,1,0,0,0,0,-0.35836794954530043,-0.9335804264972017,2,5,8,179450.54000000004,666584.7599999998,0,17.732466666666667,0.0,1353,0,0,0,0,0,0,0,1,0,0,0,0,0.9945218953682734,-0.10452846326765333,2,5,5,179790.20999999996,662951.4100000001,0,12.2991,0.0,1353,0,0,0,0,0,0,0,1,0,0,0,0,0.9998476951563913,0.017452406437283376,1,0,0,1,0,0,0,0,0,0,0,0,0,0,0,0,0,1,0,0,0,1,0,0,0,0,0,0,0,0,0,0,0,0,0,0,0,1,0,0,0,0,0,0,1,0,0,0,0,0,0,0,0,0,0,0,0,0,0,1,0,0,0,0,0,0,0,1,0,0,0,0,0,0,0,0,0,0,0,0,0,0,0,0,0,0,1,0,0,0,0,0,0,0,0,0,0,0,0,0,0,1.8317532383439332,1.0,0.2784305813860028,1.0,2.0680972325747384,1.0,0.9605575038319735,1.0,178996.47499999986,663922.6425000001
1,0,9,179275.6900000004,645032.3599999994,0,0.0,8.828466354166666,1366,0,0,0,0,0,0,0,0,1,0,0,0,0.0,1.0,1,0,7,179275.6900000004,645032.3599999994,0,0.0,8.828466585648147,1366,0,0,0,0,0,0,0,0,1,0,0,0,0.0,1.0,1,0,10,179078.8099999996,645173.0500000007,0,0.0,8.82846712962963,1366,0,0,0,0,0,0,0,0,1,0,0,0,0.0,1.0,1,0,10,179030.88999999966,644755.5,0,0.0,3.8984324305555558,1353,0,0,0,0,0,0,0,1,0,0,0,0,0.0,1.0,0,0,0,1,0,0,0,0,0,0,0,0,0,0,0,0,0,1,0,0,0,0,1,0,0,0,0,0,0,0,0,0,0,0,0,0,0,0,0,0,1,0,0,0,0,1,0,0,0,0,0,0,0,0,0,0,0,0,0,0,0,0,0,0,1,0,0,0,1,0,0,0,0,0,0,0,0,0,0,0,0,0,0,0,0,0,0,0,1,0,0,0,0,0,0,0,0,0,0,0,0,0.8779862367056145,1.0,0.8779862367056145,1.0,1.4813364966774372,1.0,2.108726341863844,1.0,179165.27000000002,644998.3174999999
1,0,6,187301.4000000004,659492.1300000008,0,0.0,1.8701724652777778,787,0,0,0,0,0,0,0,0,0,1,0,0,0.0,1.0,20,0,6,187244.58999999985,659513.1899999995,0,0.0,1.870172476851852,787,0,0,0,0,0,0,0,0,0,1,0,0,0.0,1.0,1,0,7,187286.83999999985,659459.1400000006,0,0.0,1.8701727662037038,787,0,0,0,0,0,0,0,0,0,1,0,0,0.0,1.0,20,0,6,187270.0,659512.6500000004,0,0.0,1.8701727777777777,787,0,0,0,0,0,0,0,0,0,1,0,0,0.0,1.0,0,0,0,1,0,0,0,0,0,0,0,0,0,0,0,0,0,1,0,0,0,0,1,0,0,0,0,0,0,0,0,0,0,0,0,0,0,0,0,0,1,0,0,0,0,1,0,0,0,0,0,0,0,0,0,0,0,0,0,0,0,0,0,0,1,0,0,0,1,0,0,0,0,0,0,0,0,0,0,0,0,0,0,0,0,0,0,0,1,0,0,2,0,0,0,0,0,0,0,0,0,1.1959544843174903,1.0,1.689138300537361,1.0,1.709773282068812,1.0,0.8924220453638128,1.0,187275.70750000002,659494.2775000003
2,5,9,187726.6399999997,665965.1799999997,0,21.390216666666667,0.0,1353,0,0,0,0,0,0,0,1,0,0,0,0,0.13917310096006544,0.9902680687415704,2,5,5,190431.83000000007,667736.5399999991,0,17.4905,0.0,1353,0,0,0,0,0,0,0,1,0,0,0,0,-0.8480480961564261,0.5299192642332047,2,5,10,188930.49000000025,666176.5299999993,0,14.607133333333334,0.0,1353,0,0,0,0,0,0,0,1,0,0,0,0,0.27563735581699966,-0.9612616959383187,2,5,5,190211.1299999999,667862.7899999991,0,12.62385,0.0,1353,0,0,0,0,0,0,0,1,0,0,0,0,0.8480480961564261,-0.5299192642332048,0,1,0,0,0,1,0,0,0,0,0,0,0,0,0,0,0,0,0,0,0,1,0,0,0,0,0,0,0,0,0,0,0,0,0,0,0,1,0,0,0,0,0,0,0,0,1,0,0,0,0,1,0,0,0,0,0,0,0,0,0,0,0,0,0,0,0,1,0,0,0,0,0,0,0,0,0,0,0,0,0,0,0,0,0,0,1,0,0,0,0,2,0,0,0,0,0,0,0,0,0,1.9126340475030938,1.0,1.3977648016302582,1.0,0.8748011522707302,1.0,1.3122066777758448,1.0,189325.02249999996,666935.2599999993
2,0,10,177408.16000000015,662268.3399999999,0,0.0,100.28316978009259,2205,0,0,0,0,1,0,0,0,0,0,0,0,0.0,1.0,2,0,10,178747.04000000004,666085.1899999995,0,0.0,55.99514892361111,1540,0,0,0,0,0,0,0,0,1,0,0,0,0.0,1.0,1,0,6,180789.41999999995,661429.6300000008,0,194.68115,0.0,1141,0,0,0,0,0,0,1,0,0,0,0,0,0.0,1.0,1,5,5,180510.79000000004,665502.2100000009,0,30.3311,0.0,1353,0,0,0,0,0,0,0,1,0,0,0,0,0.20791169081775931,0.9781476007338057,1,0,0,1,0,0,0,0,0,0,0,0,0,0,0,0,0,1,0,0,0,0,1,0,0,0,0,0,0,0,0,0,0,0,0,0,0,0,0,0,1,0,0,0,0,1,0,0,0,0,0,0,0,0,0,0,0,0,0,0,0,0,0,0,1,0,0,1,0,0,0,0,0,0,0,0,0,0,0,0,0,0,0,0,0,0,1,0,0,0,0,0,0,0,0,0,0,0,0,0,0,1.4780157191322412,1.0,1.3886851201690584,1.0,1.647891516127424,1.0,1.2043368969610018,1.0,179363.85250000004,663821.3425000003
1,0,10,183720.41000000012,666760.4499999993,0,0.0,104.25348747685184,2205,0,0,0,0,1,0,0,0,0,0,0,0,0.0,1.0,2,5,5,185242.61000000036,664567.1300000008,0,12.089016666666666,0.0,1353,0,0,0,0,0,0,0,1,0,0,0,0,0.3090169943749474,0.9510565162951535,2,5,6,183841.34999999963,667304.3699999992,0,7.671433333333334,0.0,1353,0,0,0,0,0,0,0,1,0,0,0,0,0.9510565162951535,0.30901699437494745,2,5,5,184919.0,667594.5999999996,0,4.23935,0.0,1353,0,0,0,0,0,0,0,1,0,0,0,0,-0.9998476951563913,-0.017452406437283498,0,0,0,1,0,0,0,0,0,0,0,0,0,0,0,0,0,1,0,0,0,1,0,0,0,0,0,0,0,0,0,0,0,0,0,0,0,0,1,0,0,0,0,0,1,0,0,0,0,0,0,0,0,0,0,0,0,0,0,1,0,0,0,0,0,0,0,1,0,0,0,0,0,0,0,0,0,0,0,0,0,0,0,1,0,0,0,0,0,0,0,0,0,0,0,0,0,0,0,0,0,0.7997214296961141,1.0,2.325018531189055,1.0,1.0302689136492769,1.0,1.241120497043017,1.0,184430.84250000003,666556.6374999997
1,0,10,185945.34999999963,672815.7400000002,0,0.0,35.21387137731482,2324,0,0,0,0,1,0,0,0,0,0,0,0,0.0,1.0,1,0,6,184323.34999999963,672013.5800000001,0,238.02431666666666,0.0,2205,0,0,0,0,1,0,0,0,0,0,0,0,0.0,1.0,1,0,7,184348.9299999997,672070.2599999998,0,298.0081333333333,0.0,2205,0,0,0,0,1,0,0,0,0,0,0,0,0.0,1.0,1,5,5,186576.2199999997,670710.1699999999,0,11.490933333333333,0.0,785,0,0,0,0,0,0,0,1,0,0,0,0,-0.9271838545667873,-0.3746065934159123,0,0,0,1,0,0,0,0,0,0,0,0,0,0,0,0,0,1,0,0,0,0,1,0,0,0,0,0,0,0,0,0,0,0,0,0,0,0,0,0,1,0,0,0,0,1,0,0,0,0,0,0,0,0,0,0,0,0,0,0,0,0,0,0,1,0,0,0,1,0,0,0,0,0,0,0,0,0,0,0,0,0,0,0,0,0,0,1,0,0,0,2,0,0,0,0,0,0,0,0,0,1.2823523729902597,1.0,1.1245049335207544,1.0,1.104823859979468,1.0,2.00239667454175,1.0,185298.46249999967,671902.4375
2,0,6,177381.6299999999,661904.2699999996,0,0.0,109.799266875,785,0,0,0,0,0,0,0,1,0,0,0,0,0.0,1.0,2,0,6,177395.46999999974,662145.5199999996,0,0.0,107.03317890046296,2205,0,0,0,0,1,0,0,0,0,0,0,0,0.0,1.0,2,0,10,178547.0,665523.4900000002,0,0.0,62.74514649305556,1540,0,0,0,0,0,0,0,0,1,0,0,0,0.0,1.0,2,5,5,180235.98000000045,664283.9800000004,0,15.694266666666667,0.0,2205,0,0,0,0,1,0,0,0,0,0,0,0,-0.5446390350150271,-0.838670567945424,1,0,0,1,0,0,0,0,0,0,0,0,0,0,0,0,0,1,0,0,0,0,1,0,0,0,0,0,0,0,0,0,0,0,0,0,0,0,0,0,1,0,0,0,0,1,0,0,0,0,0,0,0,0,0,0,0,0,0,0,0,0,0,0,1,0,0,1,0,0,0,0,0,0,0,0,0,0,0,0,0,0,0,1,0,0,0,0,0,0,0,2,0,0,0,0,0,0,0,0,0,1.3898480698750213,1.0,1.235863870080305,1.0,1.5451555071332141,1.0,1.5111923888460943,1.0,178390.02000000002,663464.315
2,0,10,186260.91999999995,659751.1099999994,0,0.0,133.01104465277777,790,0,0,0,0,0,0,0,0,0,0,1,0,0.0,1.0,2,0,10,186205.24000000025,659506.6899999995,0,0.0,133.01102149305555,790,0,0,0,0,0,0,0,0,0,0,1,0,0.0,1.0,1,0,10,187687.1200000001,659857.8300000001,0,0.0,84.2867969675926,1353,0,0,0,0,0,0,0,1,0,0,0,0,0.0,1.0,1,0,10,186028.3899999997,659304.3200000003,0,0.0,41.08441277777778,787,0,0,0,0,0,0,0,0,0,1,0,0,0.0,1.0,0,0,0,1,0,0,0,0,0,0,0,0,0,0,0,0,0,1,0,0,0,0,1,0,0,0,0,0,0,0,0,0,0,0,0,0,0,0,0,0,1,0,0,0,0,1,0,0,0,0,0,0,0,0,0,0,0,0,0,0,0,0,0,0,1,0,0,0,1,0,0,0,0,0,0,0,0,0,0,0,0,0,0,0,0,0,0,0,1,0,0,2,0,0,0,0,0,0,0,0,0,0.7268942352719096,1.0,0.8047720571806609,1.0,2.657683956278805,0.0,1.3593270633276637,1.0,248727.2233333333,879473.3166666664
2,0,10,177347.7999999998,661625.0600000005,0,0.0,103.34094192129629,785,0,0,0,0,0,0,0,1,0,0,0,0,0.0,1.0,2,0,10,177401.2000000002,662045.3599999994,0,0.0,103.34094193287036,785,0,0,0,0,0,0,0,1,0,0,0,0,0.0,1.0,2,0,6,177413.54000000004,662175.6099999994,0,0.0,103.3409303587963,785,0,0,0,0,0,0,0,1,0,0,0,0,0.0,1.0,2,0,6,177381.58999999985,662031.7899999991,0,0.0,100.57483082175926,2205,0,0,0,0,1,0,0,0,0,0,0,0,0.0,1.0,1,0,0,1,0,0,0,0,0,0,0,0,0,0,0,0,0,1,0,0,0,0,1,0,0,0,0,0,0,0,0,0,0,0,0,0,0,0,0,0,1,0,0,0,0,1,0,0,0,0,0,0,0,0,0,0,0,0,0,0,0,0,0,0,1,0,0,0,1,0,0,0,0,0,0,0,0,0,0,0,0,0,0,0,0,0,0,0,1,0,0,4,0,0,0,0,0,0,0,0,0,2.994221310258074,0.0,0.668866583025965,1.0,1.7971867775543833,1.0,0.540006998148589,1.0,236514.70999999996,882625.9399999995
2,0,10,177937.33999999985,658564.3000000007,0,0.0,82.05215043981481,1540,0,0,0,0,0,0,0,0,1,0,0,0,0.0,1.0,2,0,10,177976.3700000001,658984.2100000009,0,0.0,82.0521505787037,1540,0,0,0,0,0,0,0,0,1,0,0,0,0.0,1.0,1,0,10,179004.88999999966,658838.9399999995,0,0.0,45.72932696759259,142,1,0,0,0,0,0,0,0,0,0,0,0,0.0,1.0,2,5,5,178968.90000000037,660148.9399999995,0,10.964016666666666,0.0,1366,0,0,0,0,0,0,0,0,1,0,0,0,-0.43837114678907707,-0.8987940462991671,0,0,0,1,0,0,0,0,0,0,0,0,0,0,0,0,0,1,0,0,0,0,1,0,0,0,0,0,0,0,0,0,0,0,0,0,0,0,0,0,1,0,0,0,0,1,0,0,0,0,0,0,0,0,0,0,0,0,0,0,0,0,0,0,1,0,0,1,0,0,0,0,0,0,0,0,0,0,0,0,0,0,0,1,0,0,0,0,0,0,0,2,0,0,0,0,0,0,0,0,0,1.3946752441778618,1.0,0.9241180037290082,1.0,1.0876379450945903,1.0,2.0172143498010286,1.0,178471.875,659134.0975000001
2,0,10,178678.98000000045,665826.8399999999,0,0.0,56.41876659722222,1540,0,0,0,0,0,0,0,0,1,0,0,0,0.0,1.0,2,0,6,182782.2999999998,668239.7599999998,0,963.0239,0.0,1295,0,0,0,0,0,1,0,0,0,0,0,0,0.0,1.0,2,0,6,179957.88999999966,662405.4100000001,0,603.0572666666667,0.0,1540,0,0,0,0,0,0,0,0,1,0,0,0,0.0,1.0,2,0,6,179957.88999999966,662405.4100000001,0,603.0572666666667,0.0,1540,0,0,0,0,0,0,0,0,1,0,0,0,0.0,1.0,1,0,0,1,0,0,0,0,0,0,0,0,0,0,0,0,0,1,0,0,0,0,1,0,0,0,0,0,0,0,0,0,0,0,0,0,0,0,0,0,1,0,0,0,0,1,0,0,0,0,0,0,0,0,0,0,0,0,0,0,0,0,0,0,1,0,0,0,1,0,0,0,0,0,0,0,0,0,0,0,0,0,0,0,0,0,0,0,1,0,0,2,0,0,0,0,0,0,0,0,0,1.0081515947152568,1.0,2.158636814905247,1.0,1.1825970387411162,1.0,1.1825970387411162,1.0,180344.2649999999,664719.355
2,0,10,191283.08999999985,675529.3599999994,0,0.0,8.055122013888889,1295,0,0,0,0,0,1,0,0,0,0,0,0,0.0,1.0,2,0,6,191484.1399999997,675480.1400000006,0,892.993,0.0,790,0,0,0,0,0,0,0,0,0,0,1,0,0.0,1.0,1,4,5,190963.28000000023,675435.3100000005,0,28.759266666666665,0.0,1000,0,0,0,0,0,1,0,0,0,0,0,0,-0.9702957262759966,0.24192189559966742,2,5,7,191181.75999999975,677078.2400000002,0,15.7097,0.0,1000,0,0,0,0,0,1,0,0,0,0,0,0,-0.9702957262759966,0.24192189559966742,0,0,0,1,0,0,0,0,0,0,0,0,0,0,0,0,0,1,0,0,0,0,1,0,0,0,0,0,0,0,0,0,0,0,0,0,0,0,0,0,1,0,0,0,1,0,0,0,0,0,0,0,0,0,0,0,0,0,0,0,1,0,0,0,0,0,0,1,0,0,0,0,0,0,0,0,0,0,0,0,0,0,0,1,0,0,0,0,0,0,0,2,0,0,0,0,0,0,0,0,0,0.8085396841795519,1.0,1.0808359612492304,1.0,1.1779901011100828,1.0,2.724135558032758,0.0,254970.7566666665,901174.3500000002
2,0,10,178578.91999999993,665596.5600000005,0,0.0,62.82848012731481,1540,0,0,0,0,0,0,0,0,1,0,0,0,0.0,1.0,2,5,6,177989.1200000001,662302.1799999997,0,10.978033333333334,0.0,1000,0,0,0,0,0,1,0,0,0,0,0,0,-0.2588190451025207,0.9659258262890683,1,5,5,179967.8200000003,663358.3800000008,0,10.811316666666666,0.0,1000,0,0,0,0,0,1,0,0,0,0,0,0,-0.4067366430757998,-0.9135454576426011,2,5,5,180607.0,669089.7699999996,0,6.994666666666666,0.0,1000,0,0,0,0,0,1,0,0,0,0,0,0,-0.15643446504023073,-0.9876883405951378,1,0,0,1,0,0,0,0,0,0,0,0,0,0,0,0,0,1,0,0,0,1,0,0,0,0,0,0,0,0,0,0,0,0,0,1,0,0,0,0,0,0,0,0,0,0,1,0,0,0,0,0,1,0,0,0,0,0,0,0,0,0,0,0,0,0,0,1,0,0,0,0,0,0,0,0,0,0,0,0,0,0,0,0,1,0,0,0,0,0,0,0,0,0,0,0,0,0,0,0,0,0.4779060213303252,1.0,1.68440938827291,1.0,1.018927406082154,1.0,2.3116732139283203,1.0,179285.71500000008,665086.7225000001
1,0,10,183741.01999999955,652595.0,0,0.0,91.06137122685185,738,0,0,0,0,0,0,0,0,0,1,0,0,0.0,1.0,2,4,5,179653.59999999963,654014.6600000001,0,16.607566666666667,0.0,787,0,0,0,0,0,0,0,0,0,1,0,0,0.9612616959383189,-0.27563735581699905,2,5,6,182046.41000000012,652175.3499999996,0,9.973866666666666,0.0,787,0,0,0,0,0,0,0,0,0,1,0,0,-0.9902680687415704,-0.13917310096006494,2,5,5,178141.84999999963,654664.3300000001,0,6.341816666666666,0.0,787,0,0,0,0,0,0,0,0,0,1,0,0,0.8746197071393959,-0.484809620246337,0,0,0,1,0,0,0,0,0,0,0,0,0,0,0,0,0,1,0,0,0,1,0,0,0,0,0,0,0,0,0,0,0,0,0,0,1,0,0,0,0,0,0,0,1,0,0,0,0,0,0,0,0,0,0,0,0,0,0,0,0,0,1,0,0,0,0,1,0,0,0,0,0,0,0,0,0,0,0,0,0,0,0,0,0,0,1,0,0,0,0,2,0,0,0,0,0,0,0,0,0,1.8604620909464407,1.0,0.8857335861630372,1.0,1.0436839666032,1.0,1.923082490793275,1.0,180895.71999999974,653362.335
2,0,6,166776.03000000026,633865.5899999999,0,772.9879333333333,0.0,2205,0,0,0,0,1,0,0,0,0,0,0,0,0.0,1.0,2,0,6,167042.24000000022,633549.8699999992,0,772.9880333333333,0.0,2205,0,0,0,0,1,0,0,0,0,0,0,0,0.0,1.0,2,0,6,166639.40000000037,634053.9499999993,0,832.9895166666666,0.0,2205,0,0,0,0,1,0,0,0,0,0,0,0,0.0,1.0,1,5,6,167934.38999999966,632251.3900000006,0,9.92145,0.0,790,0,0,0,0,0,0,0,0,0,0,1,0,0.42261826174069944,0.9063077870366499,0,0,0,1,0,0,0,0,0,0,0,0,0,0,0,0,0,1,0,0,0,0,1,0,0,0,0,0,0,0,0,0,0,0,0,0,0,0,0,0,1,0,0,0,0,1,0,0,0,0,0,0,0,0,0,0,0,0,0,0,0,0,0,0,1,0,0,0,0,1,0,0,0,0,0,0,0,0,0,0,0,0,0,0,0,0,0,0,0,0,1,3,0,0,0,0,0,0,0,0,0,0.8964328626169642,1.0,0.21856351727198,1.0,1.2816293653326216,1.0,2.392700563558767,1.0,167098.01500000013,633430.1999999997
2,0,10,177334.5,661514.4299999997,0,0.0,101.88260674768519,785,0,0,0,0,0,0,0,1,0,0,0,0,0.0,1.0,2,0,6,177434.91000000015,662363.7100000009,0,0.0,101.88259517361111,785,0,0,0,0,0,0,0,1,0,0,0,0,0.0,1.0,2,5,5,183088.3899999997,668132.3599999994,0,31.570433333333334,0.0,1000,0,0,0,0,0,1,0,0,0,0,0,0,0.9986295347545738,-0.05233595624294362,2,5,5,182971.66000000012,669536.9199999999,0,8.320433333333334,0.0,1000,0,0,0,0,0,1,0,0,0,0,0,0,-0.9271838545667874,0.37460659341591196,1,0,0,1,0,0,0,0,0,0,0,0,0,0,0,0,0,1,0,0,0,0,1,0,0,0,0,0,0,0,0,0,0,0,0,0,0,0,0,0,1,0,0,0,1,0,0,0,0,0,0,0,0,0,0,0,0,0,0,0,0,1,0,0,0,0,0,1,0,0,0,0,0,0,0,0,0,0,0,0,0,0,0,1,0,0,0,0,0,0,0,2,0,0,0,0,0,0,0,0,0,1.5259912380395375,1.0,1.2981920501808395,1.0,1.2595088151788159,1.0,1.5781138498812781,1.0,180207.365,665386.855
2,0,10,177408.16000000015,662268.3399999999,0,0.0,100.65816369212963,2205,0,0,0,0,1,0,0,0,0,0,0,0,0.0,1.0,2,0,6,179341.53000000026,663426.5099999998,0,952.9890833333334,0.0,2205,0,0,0,0,1,0,0,0,0,0,0,0,0.0,1.0,2,0,6,181415.41999999995,668955.0800000001,0,893.0057166666667,0.0,1295,0,0,0,0,0,1,0,0,0,0,0,0,0.0,1.0,2,0,6,180142.7000000002,662402.7100000009,0,533.0391,0.0,1540,0,0,0,0,0,0,0,0,1,0,0,0,0.0,1.0,1,0,0,1,0,0,0,0,0,0,0,0,0,0,0,0,0,1,0,0,0,0,1,0,0,0,0,0,0,0,0,0,0,0,0,0,0,0,0,0,1,0,0,0,0,1,0,0,0,0,0,0,0,0,0,0,0,0,0,0,0,0,0,0,1,0,0,0,1,0,0,0,0,0,0,0,0,0,0,0,0,0,0,0,0,0,0,0,1,0,0,0,0,0,0,0,0,0,0,0,0,1.4032206960732585,1.0,0.41388756956718337,1.0,2.3997063212988237,1.0,0.9260085718659159,1.0,179576.95250000013,664263.1600000001
2,5,5,179249.25,658707.5,0,22.73195,0.0,860,0,0,0,1,0,0,0,0,0,0,0,0,0.0,1.0,2,5,5,179990.7000000002,657955.1699999999,0,4.515516666666667,0.0,860,0,0,0,1,0,0,0,0,0,0,0,0,0.8746197071393959,-0.484809620246337,2,5,5,180877.98000000045,657403.4600000009,0,3.115483333333333,0.0,860,0,0,0,1,0,0,0,0,0,0,0,0,-0.6293203910498378,0.7771459614569706,2,5,5,179684.91000000015,657991.9199999999,0,1.86455,0.0,860,0,0,0,1,0,0,0,0,0,0,0,0,0.25881904510252074,0.9659258262890683,0,0,1,0,0,0,0,0,0,0,0,0,0,0,1,0,0,0,0,0,0,1,0,0,0,0,0,0,0,0,0,0,0,0,0,0,0,0,1,0,0,0,0,0,1,0,0,0,0,0,0,0,0,0,0,0,0,0,0,1,0,0,0,0,0,0,0,1,0,0,0,0,0,0,0,0,0,0,0,0,0,0,0,0,0,0,1,0,0,0,0,0,0,0,0,0,0,0,0,0,0,1.8609294457690881,1.0,0.13505191983373088,1.0,2.0958205165153876,1.0,0.5034459801922724,1.0,179950.7100000002,658014.5125000002
2,0,6,166639.40000000037,634053.9499999993,0,952.9880166666667,0.0,2205,0,0,0,0,1,0,0,0,0,0,0,0,0.0,1.0,2,0,6,166600.8099999996,634100.1199999992,0,952.9880333333333,0.0,2205,0,0,0,0,1,0,0,0,0,0,0,0,0.0,1.0,2,0,6,166706.13999999966,633958.7799999993,0,952.9886333333334,0.0,2205,0,0,0,0,1,0,0,0,0,0,0,0,0.0,1.0,2,0,6,166921.78000000026,633662.3200000003,0,952.98895,0.0,2205,0,0,0,0,1,0,0,0,0,0,0,0,0.0,1.0,0,0,0,1,0,0,0,0,0,0,0,0,0,0,0,0,0,1,0,0,0,0,1,0,0,0,0,0,0,0,0,0,0,0,0,0,0,0,0,0,1,0,0,0,0,1,0,0,0,0,0,0,0,0,0,0,0,0,0,0,0,0,0,0,1,0,0,0,1,0,0,0,0,0,0,0,0,0,0,0,0,0,0,0,0,0,0,0,1,0,0,4,0,0,0,0,0,0,0,0,0,0.9155729644182219,1.0,1.323427324261555,1.0,0.1258740922560597,1.0,2.364699818689112,1.0,166717.03249999997,633943.7924999995
1,0,10,183741.01999999955,652595.0,0,0.0,91.2280377662037,738,0,0,0,0,0,0,0,0,0,1,0,0,0.0,1.0,1,0,6,182938.83999999985,651463.5999999996,0,833.0074333333333,0.0,1295,0,0,0,0,0,1,0,0,0,0,0,0,0.0,1.0,1,0,6,182872.16999999995,651485.9199999999,0,833.0076666666666,0.0,1295,0,0,0,0,0,1,0,0,0,0,0,0,0.0,1.0,1,0,6,178169.90000000037,654868.5899999999,0,833.0077,0.0,1295,0,0,0,0,0,1,0,0,0,0,0,0,0.0,1.0,0,0,0,1,0,0,0,0,0,0,0,0,0,0,0,0,0,1,0,0,0,0,1,0,0,0,0,0,0,0,0,0,0,0,0,0,0,0,0,0,1,0,0,0,0,1,0,0,0,0,0,0,0,0,0,0,0,0,0,0,0,0,0,0,1,0,0,0,1,0,0,0,0,0,0,0,0,0,0,0,0,0,0,0,0,0,0,0,1,0,0,2,0,0,0,0,0,0,0,0,0,1.0105000348374165,1.0,0.8492991633406579,1.0,0.8155488324268285,1.0,2.4502248056119202,1.0,181930.48249999993,652603.2774999999
2,0,6,175906.53000000026,658624.5399999991,0,0.0,1.7868240972222222,1366,0,0,0,0,0,0,0,0,1,0,0,0,0.0,1.0,2,0,7,175878.59999999963,658876.3699999992,0,0.0,1.7868246412037037,1366,0,0,0,0,0,0,0,0,1,0,0,0,0.0,1.0,2,0,6,175884.34999999963,658762.1300000008,0,0.0,1.7868246412037037,1366,0,0,0,0,0,0,0,0,1,0,0,0,0.0,1.0,2,5,5,176846.51999999955,656668.7200000007,0,18.810416666666665,0.0,1000,0,0,0,0,0,1,0,0,0,0,0,0,0.9659258262890683,-0.25881904510252085,0,0,0,1,0,0,0,0,0,0,0,0,0,0,0,0,0,1,0,0,0,0,1,0,0,0,0,0,0,0,0,0,0,0,0,0,0,0,0,0,1,0,0,0,0,1,0,0,0,0,0,0,0,0,0,0,0,0,0,0,0,0,0,0,1,0,0,1,0,0,0,0,0,0,0,0,0,0,0,0,0,0,0,1,0,0,0,0,0,0,0,3,0,0,0,0,0,0,0,0,0,0.6814229193818601,1.0,1.0446236787595766,1.0,0.8820821879922894,1.0,2.603759312970857,0.0,234838.66666666637,877643.9199999999
1,0,10,183720.41000000012,666760.4499999993,0,0.0,106.12848813657408,2205,0,0,0,0,1,0,0,0,0,0,0,0,0.0,1.0,2,5,5,184518.25,665266.2699999996,0,15.00735,0.0,1000,0,0,0,0,0,1,0,0,0,0,0,0,0.24192189559966773,0.9702957262759965,2,5,5,185269.6399999997,664969.5600000005,0,5.273016666666667,0.0,1141,0,0,0,0,0,0,1,0,0,0,0,0,0.3090169943749475,-0.9510565162951535,2,5,5,185286.1799999997,664806.4900000002,0,2.03955,0.0,1141,0,0,0,0,0,0,1,0,0,0,0,0,-0.0348994967025009,-0.9993908270190958,0,0,0,1,0,0,0,0,0,0,0,0,0,0,0,0,0,1,0,0,0,1,0,0,0,0,0,0,0,0,0,0,0,0,0,0,1,0,0,0,0,0,0,0,1,0,0,0,0,0,0,0,0,0,0,0,0,0,0,0,0,0,1,0,0,0,0,1,0,0,0,0,0,0,0,0,0,0,0,0,0,0,0,0,0,0,1,0,0,0,0,2,0,0,0,0,0,0,0,0,0,2.3052215542144787,1.0,0.3637666910955436,1.0,1.0529507171743462,1.0,1.2295208784028935,1.0,184698.61999999988,665450.6924999999
2,0,6,177356.33999999985,661702.3200000003,0,0.0,101.04926342592593,785,0,0,0,0,0,0,0,1,0,0,0,0,0.0,1.0,17,0,6,178698.5599999996,663005.4399999995,0,0.0,68.77643931712963,790,0,0,0,0,0,0,0,0,0,0,1,0,0.0,1.0,1,0,10,180749.91999999995,661572.5,0,0.0,23.156045775462964,1141,0,0,0,0,0,0,1,0,0,0,0,0,0.0,1.0,2,5,5,181086.6299999999,665281.2400000002,0,20.589383333333334,0.0,1353,0,0,0,0,0,0,0,1,0,0,0,0,-0.7431448254773946,0.6691306063588578,1,0,0,1,0,0,0,0,0,0,0,0,0,0,0,0,0,1,0,0,0,0,1,0,0,0,0,0,0,0,0,0,0,0,0,0,0,0,0,0,1,0,0,0,0,1,0,0,0,0,0,0,0,0,0,0,0,0,0,0,0,0,0,0,1,0,0,1,0,0,0,0,0,0,0,0,0,0,0,0,0,0,0,0,0,0,1,0,0,0,0,0,0,0,0,0,0,0,0,0,0,1.6096626443189264,1.0,0.5191453087620872,1.0,1.2170261265999915,1.0,1.9129751558608228,1.0,179472.8624999998,662890.375
2,5,5,181032.09999999963,666468.3300000001,0,5.1335,0.0,860,0,0,0,1,0,0,0,0,0,0,0,0,0.9563047559630355,-0.29237170472273666,2,5,5,179223.4400000004,662410.7400000002,0,3.80015,0.0,860,0,0,0,1,0,0,0,0,0,0,0,0,0.9781476007338057,-0.20791169081775912,2,5,10,179526.9400000004,667314.4700000007,0,30.563716666666668,0.0,2324,0,0,0,0,1,0,0,0,0,0,0,0,0.9961946980917455,0.08715574274765814,2,5,5,183494.48000000045,669960.8800000008,0,9.597033333333334,0.0,2324,0,0,0,0,1,0,0,0,0,0,0,0,0.898794046299167,0.43837114678907746,1,0,1,0,0,0,0,0,0,0,0,0,0,0,0,0,1,0,0,0,0,1,0,0,0,0,0,0,0,0,0,0,0,0,0,1,0,0,0,0,0,0,0,0,1,0,0,0,0,0,0,0,0,0,0,0,0,0,0,0,0,0,1,0,0,0,0,1,0,0,0,0,0,0,0,0,0,0,0,0,0,0,0,1,0,0,0,0,0,0,0,0,0,0,0,0,0,0,0,0,0,0.10192020908437867,1.0,2.0122053024910205,1.0,0.6853395987292745,1.0,1.975031904724847,1.0,180819.24000000022,666538.6050000004
2,0,6,177412.58000000007,662309.3499999996,0,0.0,100.15816458333333,2205,0,0,0,0,1,0,0,0,0,0,0,0,0.0,1.0,2,0,7,177349.91999999993,661773.3100000005,0,0.0,100.1581645949074,2205,0,0,0,0,1,0,0,0,0,0,0,0,0.0,1.0,2,0,10,179116.7000000002,665979.1099999994,0,0.0,57.03064146990741,1141,0,0,0,0,0,0,1,0,0,0,0,0,0.0,1.0,1,0,10,179116.38999999966,665972.2300000004,0,0.0,56.12148636574074,2205,0,0,0,0,1,0,0,0,0,0,0,0,0.0,1.0,1,0,0,1,0,0,0,0,0,0,0,0,0,0,0,0,0,1,0,0,0,0,1,0,0,0,0,0,0,0,0,0,0,0,0,0,0,0,0,0,1,0,0,0,0,1,0,0,0,0,0,0,0,0,0,0,0,0,0,0,0,0,0,0,1,0,0,0,1,0,0,0,0,0,0,0,0,0,0,0,0,0,0,0,0,0,0,0,1,0,0,2,0,0,0,0,0,0,0,0,0,1.331698934091365,1.0,1.6941070212999603,1.0,1.5141123322884418,1.0,1.5095978996551285,1.0,178248.89749999996,664008.5
1,0,10,179748.33000000007,666135.5099999998,0,0.0,182.28682186342593,395,0,0,0,1,0,0,0,0,0,0,0,0,0.0,1.0,2,0,10,179177.2000000002,662945.9700000007,0,0.0,155.0013357986111,1141,0,0,0,0,0,0,1,0,0,0,0,0,0.0,1.0,17,0,10,178626.95999999996,663024.7799999993,0,0.0,70.65143994212963,790,0,0,0,0,0,0,0,0,0,0,1,0,0.0,1.0,1,0,7,180759.6799999997,661531.8699999992,0,0.0,25.03104644675926,1141,0,0,0,0,0,0,1,0,0,0,0,0,0.0,1.0,1,0,0,1,0,0,0,0,0,0,0,0,0,0,0,0,0,1,0,0,0,0,1,0,0,0,0,0,0,0,0,0,0,0,0,0,0,0,0,0,1,0,0,0,0,1,0,0,0,0,0,0,0,0,0,0,0,0,0,0,0,0,0,0,1,0,0,0,1,0,0,0,0,0,0,0,0,0,0,0,0,0,0,0,0,0,0,0,1,0,0,0,0,0,0,0,0,0,0,0,0,2.2104188006602454,1.0,0.4959627651450068,1.0,0.8303031590305221,1.0,1.795445574891263,1.0,179578.04249999998,663409.5324999997
2,5,6,187996.1500000004,666448.4299999997,0,5.539116666666667,0.0,142,1,0,0,0,0,0,0,0,0,0,0,0,0.9945218953682734,-0.10452846326765333,2,5,5,186983.08999999985,665433.9299999997,0,16.024166666666666,0.0,395,0,0,0,1,0,0,0,0,0,0,0,0,0.0,1.0,2,5,5,188624.86000000036,665819.5099999998,0,5.208266666666667,0.0,395,0,0,0,1,0,0,0,0,0,0,0,0,-0.961261695938319,-0.2756373558169989,2,5,5,185918.1799999997,667488.9100000001,0,23.895133333333334,0.0,860,0,0,0,1,0,0,0,0,0,0,0,0,-1.0,-1.8369701987210297e-16,0,0,0,0,1,0,0,0,0,0,0,0,0,0,0,0,0,0,0,1,0,1,0,0,0,0,0,0,0,0,0,0,0,0,0,0,0,1,0,0,0,0,0,0,1,0,0,0,0,0,0,0,0,0,0,0,0,0,0,1,0,0,0,0,0,0,0,1,0,0,0,0,0,0,0,0,0,0,0,0,0,0,0,0,0,0,1,0,0,0,0,0,0,0,0,0,0,0,0,0,0,0.7022964493315644,1.0,1.0536462133045639,1.0,1.4771515542993117,1.0,2.090106894726487,1.0,187380.57000000007,666297.6949999998
2,0,6,176440.09999999963,658214.3300000001,0,0.0,1.7868342592592592,1540,0,0,0,0,0,0,0,0,1,0,0,0,0.0,1.0,2,0,6,176526.84999999963,658196.6999999993,0,0.0,1.8284993402777778,1540,0,0,0,0,0,0,0,0,1,0,0,0,0.0,1.0,2,0,6,175881.0700000003,659144.1699999999,0,0.0,1.8284993865740742,1540,0,0,0,0,0,0,0,0,1,0,0,0,0.0,1.0,2,5,10,177316.16999999993,656558.3800000008,0,11.242133333333333,0.0,1295,0,0,0,0,0,1,0,0,0,0,0,0,0.9702957262759965,-0.24192189559966779,0,0,0,1,0,0,0,0,0,0,0,0,0,0,0,0,0,1,0,0,0,0,1,0,0,0,0,0,0,0,0,0,0,0,0,0,0,0,0,0,1,0,0,0,0,1,0,0,0,0,0,0,0,0,0,0,0,0,0,0,0,0,0,0,1,0,0,0,0,1,0,0,0,0,0,1,0,0,0,0,0,0,0,0,0,0,0,0,0,0,0,2,0,0,0,0,0,0,0,0,0,0.293278966925051,1.0,0.23413257606772384,1.0,1.7969975235154738,1.0,2.303657911632972,1.0,176541.04749999987,658028.395
2,5,5,186178.33999999985,675832.5600000005,0,26.0992,0.0,860,0,0,0,1,0,0,0,0,0,0,0,0,-0.13917310096006588,0.9902680687415703,2,5,5,186304.51999999955,674699.5399999991,0,2.533183333333333,0.0,860,0,0,0,1,0,0,0,0,0,0,0,0,-0.05233595624294437,0.9986295347545738,1,5,5,184141.11000000036,674526.7599999998,0,1.96635,0.0,860,0,0,0,1,0,0,0,0,0,0,0,0,-0.17364817766693047,-0.984807753012208,2,5,6,183532.9299999997,674861.6199999992,0,12.364033333333333,0.0,2324,0,0,0,0,1,0,0,0,0,0,0,0,-0.22495105434386498,-0.9743700647852352,0,0,0,0,1,0,0,0,0,0,1,0,0,0,0,0,0,0,0,0,0,1,0,0,0,0,0,0,0,0,0,0,0,0,0,0,1,0,0,0,0,0,0,0,1,0,0,0,0,0,0,0,0,0,0,0,0,0,0,0,1,0,0,0,0,0,0,1,0,0,0,0,0,0,0,0,0,0,0,0,0,0,0,0,0,0,1,0,0,0,0,2,0,0,0,0,0,0,0,0,0,1.6464250992850844,1.0,1.4997771191618534,1.0,1.1642140961445897,1.0,1.7484817785468005,1.0,185039.22499999986,674980.1199999996
2,0,6,175881.0700000003,659144.1699999999,0,0.0,1.7868336342592592,1540,0,0,0,0,0,0,0,0,1,0,0,0,0.0,1.0,2,0,7,175873.61000000034,659035.5199999996,0,0.0,1.7868336574074075,1540,0,0,0,0,0,0,0,0,1,0,0,0,0.0,1.0,2,0,6,175876.00999999978,658912.0899999999,0,0.0,1.78683375,1540,0,0,0,0,0,0,0,0,1,0,0,0,0.0,1.0,2,0,8,175870.9400000004,659360.8900000006,0,0.0,1.7868341550925926,1540,0,0,0,0,0,0,0,0,1,0,0,0,0.0,1.0,0,0,0,1,0,0,0,0,0,0,0,0,0,0,0,0,0,1,0,0,0,0,1,0,0,0,0,0,0,0,0,0,0,0,0,0,0,0,0,0,1,0,0,0,0,1,0,0,0,0,0,0,0,0,0,0,0,0,0,0,0,0,0,0,1,0,0,0,1,0,0,0,0,0,0,0,0,0,0,0,0,0,0,0,0,0,0,0,1,0,0,4,0,0,0,0,0,0,0,0,0,0.37374895081230763,1.0,0.9210883875761415,1.0,2.3846405155636203,1.0,2.9382825684844307,0.0,234500.5433333336,878817.5566666666
2,5,8,186427.3899999997,667535.2200000007,0,36.142066666666665,0.0,2205,0,0,0,0,1,0,0,0,0,0,0,0,-0.9743700647852351,-0.22495105434386525,2,4,5,186937.08999999985,664186.3499999996,0,27.2091,0.0,2205,0,0,0,0,1,0,0,0,0,0,0,0,-0.10452846326765342,0.9945218953682733,1,5,6,187972.16000000012,666259.7799999993,0,11.809166666666666,0.0,2205,0,0,0,0,1,0,0,0,0,0,0,0,-0.891006524188368,0.45399049973954664,1,5,5,187851.86000000036,666282.6300000008,0,10.342266666666667,0.0,2205,0,0,0,0,1,0,0,0,0,0,0,0,-0.9848077530122081,0.17364817766692997,0,0,1,0,0,0,0,0,0,0,0,0,0,1,0,0,0,0,0,0,0,1,0,0,0,0,0,0,0,0,0,0,0,0,0,0,0,0,1,0,0,0,0,0,1,0,0,0,0,0,0,0,0,0,0,0,0,0,0,0,0,1,0,0,0,0,0,1,0,0,0,0,0,0,0,0,0,0,0,0,0,0,0,1,0,0,0,0,0,0,0,2,0,0,0,0,0,0,0,0,0,1.8519544601745248,1.0,2.0759007551534925,1.0,0.7617789382125921,1.0,0.6459718388836106,1.0,187297.125,666065.9950000001
2,0,10,186260.91999999995,659751.1099999994,0,0.0,139.46938677083332,790,0,0,0,0,0,0,0,0,0,0,1,0,0.0,1.0,2,0,10,186205.24000000025,659506.6899999995,0,0.0,139.4693636226852,790,0,0,0,0,0,0,0,0,0,0,1,0,0.0,1.0,1,0,6,186243.86000000036,659905.7599999998,0,0.0,4.710335659722222,1353,0,0,0,0,0,0,0,1,0,0,0,0,0.0,1.0,2,0,8,186304.66000000012,659894.9900000002,0,0.0,4.047465451388889,860,0,0,0,1,0,0,0,0,0,0,0,0,0.0,1.0,0,0,0,1,0,0,0,0,0,0,0,0,0,0,0,0,0,1,0,0,0,0,1,0,0,0,0,0,0,0,0,0,0,0,0,0,0,0,0,0,1,0,0,0,0,1,0,0,0,0,0,0,0,0,0,0,0,0,0,0,0,0,0,0,1,0,0,0,1,0,0,0,0,0,0,0,0,0,0,0,0,0,0,0,0,0,0,0,1,0,0,2,0,0,0,0,0,0,0,0,0,0.15609843969401727,1.0,2.6693515037490174,0.0,1.4387811387635696,1.0,1.4236012633062851,1.0,248338.22666666692,879686.183333333
2,0,10,186290.9000000004,659876.8599999994,0,0.0,132.84438503472222,790,0,0,0,0,0,0,0,0,0,0,1,0,0.0,1.0,2,0,8,186255.74000000025,659726.9600000009,0,0.0,132.84437358796296,790,0,0,0,0,0,0,0,0,0,0,1,0,0.0,1.0,20,0,6,187270.0,659512.6500000004,0,0.0,1.9535169675925925,787,0,0,0,0,0,0,0,0,0,1,0,0,0.0,1.0,2,0,6,186323.24000000025,660235.4700000007,0,574.3644666666667,0.0,2324,0,0,0,0,1,0,0,0,0,0,0,0,0.0,1.0,0,0,0,1,0,0,0,0,0,0,0,0,0,0,0,0,0,1,0,0,0,0,1,0,0,0,0,0,0,0,0,0,0,0,0,0,0,0,0,0,1,0,0,0,0,1,0,0,0,0,0,0,0,0,0,0,0,0,0,0,0,0,0,0,1,0,0,0,1,0,0,0,0,0,0,0,0,0,0,0,0,0,0,0,0,0,0,0,1,0,0,2,0,0,0,0,0,0,0,0,0,0.7179119152768336,1.0,0.8728722399681051,1.0,2.3349116536780867,1.0,1.3082060270831943,1.0,186534.9700000002,659837.9850000003
2,0,10,186290.9000000004,659876.8599999994,0,0.0,133.0527011574074,790,0,0,0,0,0,0,0,0,0,0,1,0,0.0,1.0,2,0,10,186214.3899999997,659530.0600000005,0,0.0,133.05268943287038,790,0,0,0,0,0,0,0,0,0,0,1,0,0.0,1.0,1,0,10,187667.66999999995,659861.0099999998,0,0.0,84.32846487268519,1353,0,0,0,0,0,0,0,1,0,0,0,0,0.0,1.0,2,0,8,186370.9000000004,660223.4299999997,0,873.7063333333333,0.0,2324,0,0,0,0,1,0,0,0,0,0,0,0,0.0,1.0,0,0,0,1,0,0,0,0,0,0,0,0,0,0,0,0,0,1,0,0,0,0,1,0,0,0,0,0,0,0,0,0,0,0,0,0,0,0,0,0,1,0,0,0,0,1,0,0,0,0,0,0,0,0,0,0,0,0,0,0,0,0,0,0,1,0,0,0,1,0,0,0,0,0,0,0,0,0,0,0,0,0,0,0,0,0,0,0,1,0,0,3,0,0,0,0,0,0,0,0,0,0.8182698350115829,1.0,1.2883732625778288,1.0,2.44652830518545,1.0,1.0421714003080793,1.0,186635.9650000001,659872.8399999999
2,0,10,179084.16000000015,663131.1799999997,0,0.0,162.90537686342591,1141,0,0,0,0,0,0,1,0,0,0,0,0,0.0,1.0,2,0,10,179225.83999999985,663041.8200000003,0,0.0,133.82846711805556,785,0,0,0,0,0,0,0,1,0,0,0,0,0.0,1.0,2,0,10,177424.86000000034,662262.4000000004,0,0.0,109.7992656712963,785,0,0,0,0,0,0,0,1,0,0,0,0,0.0,1.0,2,5,6,182523.71,662131.9000000004,0,4.82605,0.0,2205,0,0,0,0,1,0,0,0,0,0,0,0,-0.5000000000000004,0.8660254037844384,1,0,0,1,0,0,0,0,0,0,0,0,0,0,0,0,0,1,0,0,0,0,1,0,0,0,0,0,0,0,0,0,0,0,0,0,0,0,0,0,1,0,0,0,0,1,0,0,0,0,0,0,0,0,0,0,0,0,0,0,0,0,0,0,1,0,0,1,0,0,0,0,0,0,0,0,0,0,0,0,0,0,0,0,0,0,1,0,0,0,0,0,0,0,0,0,0,0,0,0,0,0.596995762899192,1.0,0.4563143611215352,1.0,1.8917388180300903,1.0,2.613837332426233,0.0,239419.52333333343,883522.4333333336
1,0,10,183741.01999999955,652595.0,0,0.0,91.26970280092593,738,0,0,0,0,0,0,0,0,0,1,0,0,0.0,1.0,1,0,6,178169.90000000037,654868.5899999999,0,893.0053666666666,0.0,1295,0,0,0,0,0,1,0,0,0,0,0,0,0.0,1.0,1,0,6,178218.38999999966,654988.6199999992,0,893.0057333333333,0.0,1295,0,0,0,0,0,1,0,0,0,0,0,0,0.0,1.0,2,0,6,178182.66999999993,654872.6500000004,0,893.0059166666666,0.0,1295,0,0,0,0,0,1,0,0,0,0,0,0,0.0,1.0,0,0,0,1,0,0,0,0,0,0,0,0,0,0,0,0,0,1,0,0,0,0,1,0,0,0,0,0,0,0,0,0,0,0,0,0,0,0,0,0,1,0,0,0,0,1,0,0,0,0,0,0,0,0,0,0,0,0,0,0,0,0,0,0,1,0,0,0,1,0,0,0,0,0,0,0,0,0,0,0,0,0,0,0,0,0,0,0,1,0,0,2,0,0,0,0,0,0,0,0,0,2.6477059593199317,0.0,0.8846984342562794,1.0,0.8864889315715653,1.0,0.878558501400123,1.0,239437.32666666651,872441.6199999998
1,0,10,182134.7000000002,666640.9199999999,0,0.0,44.86093908564815,1353,0,0,0,0,0,0,0,1,0,0,0,0,0.0,1.0,1,0,10,182329.61000000036,665960.5199999996,0,0.0,40.08066099537037,2205,0,0,0,0,1,0,0,0,0,0,0,0,0.0,1.0,1,0,10,182281.0499999998,666002.6300000008,0,0.0,40.08066137731481,2205,0,0,0,0,1,0,0,0,0,0,0,0,0.0,1.0,2,5,5,184258.16999999995,664673.4199999999,0,4.751833333333333,0.0,1000,0,0,0,0,0,1,0,0,0,0,0,0,0.9945218953682733,0.10452846326765346,0,0,0,1,0,0,0,0,0,0,0,0,0,0,0,0,0,1,0,0,0,0,1,0,0,0,0,0,0,0,0,0,0,0,0,0,0,0,0,0,1,0,0,0,0,1,0,0,0,0,0,0,0,0,0,0,0,0,0,0,0,0,0,0,1,0,0,1,0,0,0,0,0,0,0,0,0,0,0,0,0,0,0,0,1,0,0,0,0,0,0,2,0,0,0,0,0,0,0,0,0,1.293696470151308,1.0,0.5596933856344481,1.0,0.6353008509604071,1.0,2.3852624177603463,1.0,182750.88250000007,665819.3725
2,4,5,181840.21,664199.7400000002,0,26.66496666666667,0.0,2324,0,0,0,0,1,0,0,0,0,0,0,0,-0.9945218953682734,-0.10452846326765336,2,2,5,181521.6200000001,663944.2300000004,0,26.216083333333334,0.0,2324,0,0,0,0,1,0,0,0,0,0,0,0,-0.08715574274765832,0.9961946980917455,1,5,5,182368.8099999996,664460.5600000005,0,21.049333333333333,0.0,2324,0,0,0,0,1,0,0,0,0,0,0,0,-0.9986295347545738,0.052335956242943946,2,5,5,181456.3200000003,664817.6400000006,0,8.882033333333334,0.0,2324,0,0,0,0,1,0,0,0,0,0,0,0,0.29237170472273677,0.9563047559630354,0,0,1,0,0,0,0,0,0,0,0,0,0,1,0,0,0,0,0,0,0,1,0,0,0,0,0,0,0,0,0,0,0,0,0,0,0,0,1,0,0,0,0,0,1,0,0,0,0,0,0,0,0,0,0,0,0,0,0,1,0,0,0,0,0,0,0,1,0,0,0,0,0,0,0,0,0,0,0,0,0,0,0,0,0,0,1,0,0,0,0,0,0,0,0,0,0,0,0,0,0,0.4729077766695463,1.0,1.446740971195926,1.0,1.700474955825221,1.0,1.678026395281205,1.0,181796.74,664355.5425000004
1,0,10,183741.01999999955,652595.0,0,0.0,91.31136894675926,738,0,0,0,0,0,0,0,0,0,1,0,0,0.0,1.0,1,0,10,183694.99000000025,652624.1099999994,0,0.0,91.31136899305555,738,0,0,0,0,0,0,0,0,0,1,0,0,0.0,1.0,1,0,6,178218.38999999966,654988.6199999992,0,953.0053166666667,0.0,1295,0,0,0,0,0,1,0,0,0,0,0,0,0.0,1.0,2,0,6,183345.2199999997,652302.0700000003,0,953.0054166666666,0.0,1295,0,0,0,0,0,1,0,0,0,0,0,0,0.0,1.0,0,0,0,1,0,0,0,0,0,0,0,0,0,0,0,0,0,1,0,0,0,0,1,0,0,0,0,0,0,0,0,0,0,0,0,0,0,0,0,0,1,0,0,0,0,1,0,0,0,0,0,0,0,0,0,0,0,0,0,0,0,0,0,0,1,0,0,0,1,0,0,0,0,0,0,0,0,0,0,0,0,0,0,0,0,0,0,0,1,0,0,2,0,0,0,0,0,0,0,0,0,0.9274069365926015,1.0,0.8963092496069579,1.0,2.600882044196517,0.0,0.8033228117024125,1.0,242999.87333333306,870836.5999999996
2,0,10,178678.98000000045,665826.8399999999,0,0.0,56.3284775462963,1540,0,0,0,0,0,0,0,0,1,0,0,0,0.0,1.0,2,0,6,178180.0499999998,664506.8900000006,0,353.0409666666667,0.0,738,0,0,0,0,0,0,0,0,0,1,0,0,0.0,1.0,2,0,6,178284.33999999985,664471.3399999999,0,353.0409833333333,0.0,738,0,0,0,0,0,0,0,0,0,1,0,0,0.0,1.0,2,0,6,178233.41000000015,664486.7300000004,0,353.041,0.0,738,0,0,0,0,0,0,0,0,0,1,0,0,0.0,1.0,1,0,0,1,0,0,0,0,0,0,0,0,0,0,0,0,0,1,0,0,0,0,1,0,0,0,0,0,0,0,0,0,0,0,0,0,0,0,0,0,1,0,0,0,0,1,0,0,0,0,0,0,0,0,0,0,0,0,0,0,0,0,0,0,1,0,0,0,1,0,0,0,0,0,0,0,0,0,0,0,0,0,0,0,0,0,0,0,1,0,0,2,0,0,0,0,0,0,0,0,0,2.725645089290185,0.0,0.9172931619053812,1.0,0.918647114998287,1.0,0.9117791583628798,1.0,237792.2600000001,886430.6000000002
2,0,10,186260.91999999995,659751.1099999994,0,0.0,133.1777115625,790,0,0,0,0,0,0,0,0,0,0,1,0,0.0,1.0,2,0,10,186214.3899999997,659530.0600000005,0,0.0,133.17768846064814,790,0,0,0,0,0,0,0,0,0,0,1,0,0.0,1.0,1,0,10,187687.1200000001,659857.8300000001,0,0.0,84.45346387731482,1353,0,0,0,0,0,0,0,1,0,0,0,0,0.0,1.0,1,0,10,186028.3899999997,659304.3200000003,0,0.0,41.251079849537035,787,0,0,0,0,0,0,0,0,0,1,0,0,0.0,1.0,0,0,0,1,0,0,0,0,0,0,0,0,0,0,0,0,0,1,0,0,0,0,1,0,0,0,0,0,0,0,0,0,0,0,0,0,0,0,0,0,1,0,0,0,0,1,0,0,0,0,0,0,0,0,0,0,0,0,0,0,0,0,0,0,1,0,0,0,1,0,0,0,0,0,0,0,0,0,0,0,0,0,0,0,0,0,0,0,1,0,0,2,0,0,0,0,0,0,0,0,0,0.7285746074764297,1.0,0.7826743411774004,1.0,2.660659558638187,0.0,1.376161049261333,1.0,248730.2733333331,879481.1066666668
1,0,10,187687.1200000001,659857.8300000001,0,0.0,84.20346616898148,1353,0,0,0,0,0,0,0,1,0,0,0,0,0.0,1.0,1,0,6,187667.66999999995,659861.0099999998,0,0.0,84.20346634259259,1353,0,0,0,0,0,0,0,1,0,0,0,0,0.0,1.0,1,0,10,186028.3899999997,659304.3200000003,0,0.0,41.001081944444444,787,0,0,0,0,0,0,0,0,0,1,0,0,0.0,1.0,2,0,6,186351.3200000003,660157.3000000007,0,695.108,0.0,2324,0,0,0,0,1,0,0,0,0,0,0,0,0.0,1.0,0,0,0,1,0,0,0,0,0,0,0,0,0,0,0,0,0,1,0,0,0,0,1,0,0,0,0,0,0,0,0,0,0,0,0,0,0,0,0,0,1,0,0,0,0,1,0,0,0,0,0,0,0,0,0,0,0,0,0,0,0,0,0,0,1,0,0,0,1,0,0,0,0,0,0,0,0,0,0,0,0,0,0,0,0,0,0,0,1,0,0,0,0,0,0,0,0,0,0,0,0,1.4254357122707708,1.0,1.3894205387604242,1.0,1.941282291803112,1.0,1.2928133111589832,1.0,186933.625,659795.1150000002
1,0,10,187498.5599999996,659374.9499999993,0,0.0,83.87014336805555,787,0,0,0,0,0,0,0,0,0,1,0,0,0.0,1.0,1,0,10,187492.6399999997,659382.8399999999,0,0.0,83.87014353009259,787,0,0,0,0,0,0,0,0,0,1,0,0,0.0,1.0,1,0,10,187663.8200000003,659810.7899999991,0,0.0,82.03679854166667,1353,0,0,0,0,0,0,0,1,0,0,0,0,0.0,1.0,1,0,10,186004.1399999997,659312.2799999993,0,0.0,38.83442577546296,787,0,0,0,0,0,0,0,0,0,1,0,0,0.0,1.0,0,0,0,1,0,0,0,0,0,0,0,0,0,0,0,0,0,1,0,0,0,0,1,0,0,0,0,0,0,0,0,0,0,0,0,0,0,0,0,0,1,0,0,0,0,1,0,0,0,0,0,0,0,0,0,0,0,0,0,0,0,0,0,0,1,0,0,0,1,0,0,0,0,0,0,0,0,0,0,0,0,0,0,0,0,0,0,0,1,0,0,2,0,0,0,0,0,0,0,0,0,0.7959737879827501,1.0,0.7780734703816881,1.0,1.3854947169034995,1.0,2.6861512320245393,0.0,249553.05333333308,879293.6199999992
1,0,10,182134.7000000002,666640.9199999999,0,0.0,47.45123233796296,1353,0,0,0,0,0,0,0,1,0,0,0,0,0.0,1.0,1,0,10,182134.7000000002,666640.9199999999,0,0.0,47.45123233796296,1353,0,0,0,0,0,0,0,1,0,0,0,0,0.0,1.0,1,0,10,182134.7000000002,666640.9199999999,0,0.0,47.45123233796296,1353,0,0,0,0,0,0,0,1,0,0,0,0,0.0,1.0,2,0,6,185531.2199999997,663934.3900000006,0,963.0244166666666,0.0,1295,0,0,0,0,0,1,0,0,0,0,0,0,0.0,1.0,0,0,0,1,0,0,0,0,0,0,0,0,0,0,0,0,0,1,0,0,0,0,1,0,0,0,0,0,0,0,0,0,0,0,0,0,0,0,0,0,1,0,0,0,0,1,0,0,0,0,0,0,0,0,0,0,0,0,0,0,0,0,0,0,1,0,0,0,1,0,0,0,0,0,0,0,0,0,0,0,0,0,0,0,0,0,0,0,1,0,0,3,0,0,0,0,0,0,0,0,0,0.8216981569660912,1.0,0.8216981569660912,1.0,0.8216981569660912,1.0,2.465094470898256,1.0,182983.83000000007,665964.2875000001
1,0,10,183720.41000000012,666760.4499999993,0,0.0,106.92016055555555,2205,0,0,0,0,1,0,0,0,0,0,0,0,0.0,1.0,2,5,10,185148.3200000003,665476.25,0,31.814183333333332,0.0,860,0,0,0,1,0,0,0,0,0,0,0,0,0.05233595624294381,-0.9986295347545738,2,5,5,185249.4699999997,664587.0600000005,0,19.1979,0.0,860,0,0,0,1,0,0,0,0,0,0,0,0,0.3090169943749474,0.9510565162951535,1,5,5,183966.8899999997,665056.4399999995,0,3.2146333333333335,0.0,860,0,0,0,1,0,0,0,0,0,0,0,0,0.32556815445715703,-0.9455185755993167,0,0,0,1,0,0,0,0,0,0,0,0,0,0,0,0,0,1,0,0,0,0,0,1,0,0,0,0,0,1,0,0,0,0,0,0,0,0,0,0,0,0,0,0,1,0,0,0,0,0,0,0,0,0,0,0,0,0,0,0,0,0,1,0,0,0,0,1,0,0,0,0,0,0,0,0,0,0,0,0,0,0,0,0,0,0,1,0,0,0,0,2,0,0,0,0,0,0,0,0,0,2.03468980888209,1.0,0.8401211816198508,1.0,1.533368208253819,1.0,0.9266630307950855,1.0,184521.27249999996,665470.0499999998
2,0,10,179193.58000000007,662978.9499999993,0,0.0,158.46210037037036,1141,0,0,0,0,0,0,1,0,0,0,0,0,0.0,1.0,2,0,10,179100.08999999985,663100.0700000003,0,0.0,158.46210037037036,1141,0,0,0,0,0,0,1,0,0,0,0,0,0.0,1.0,1,0,6,179494.9299999997,663510.6500000004,0,892.9912166666667,0.0,2205,0,0,0,0,1,0,0,0,0,0,0,0,0.0,1.0,1,0,6,179222.96999999974,663009.2200000007,0,833.00785,0.0,1295,0,0,0,0,0,1,0,0,0,0,0,0,0.0,1.0,1,0,0,1,0,0,0,0,0,0,0,0,0,0,0,0,0,1,0,0,0,0,1,0,0,0,0,0,0,0,0,0,0,0,0,0,0,0,0,0,1,0,0,0,0,1,0,0,0,0,0,0,0,0,0,0,0,0,0,0,0,0,0,0,1,0,0,0,1,0,0,0,0,0,0,0,0,0,0,0,0,0,0,0,0,0,0,0,1,0,0,0,0,0,0,0,0,0,0,0,0,1.0042829946386864,1.0,0.8925538407127627,1.0,2.414162004313726,1.0,0.7980369286849408,1.0,179252.89249999984,663149.7225000001
1,0,10,188299.2199999997,659292.9600000009,0,0.0,159.5910633449074,738,0,0,0,0,0,0,0,0,0,1,0,0,0.0,1.0,1,0,10,188271.1200000001,659466.2799999993,0,0.0,159.5895468287037,738,0,0,0,0,0,0,0,0,0,1,0,0,0.0,1.0,1,0,6,190137.86000000036,659584.3200000003,0,0.0,2.3856924189814817,134,0,0,0,0,0,0,0,0,0,0,0,1,0.0,1.0,2,5,5,189891.33999999985,659399.5,0,1.4807666666666666,0.0,2324,0,0,0,0,1,0,0,0,0,0,0,0,-0.13917310096006552,-0.9902680687415703,0,0,0,1,0,0,0,0,0,0,0,0,0,0,0,0,0,1,0,0,0,0,1,0,0,0,0,0,0,0,0,0,0,0,0,0,0,0,0,0,1,0,0,0,0,1,0,0,0,0,0,0,0,0,0,0,0,0,0,0,0,0,0,0,1,0,0,1,0,0,0,0,0,0,0,0,0,0,0,0,0,0,0,0,0,1,0,0,0,0,0,2,0,0,0,0,0,0,0,0,0,1.7695984298071061,1.0,1.8039131470214356,1.0,2.049660658198486,1.0,1.5229471687493055,1.0,189149.885,659435.7650000001
1,0,10,182329.61000000036,665960.5199999996,0,0.0,42.41399774305555,2205,0,0,0,0,1,0,0,0,0,0,0,0,0.0,1.0,2,1,5,183649.59999999963,664934.2200000007,0,25.961333333333332,0.0,738,0,0,0,0,0,0,0,0,0,1,0,0,-0.052335956242943564,-0.9986295347545738,2,1,6,183634.8200000003,664703.9499999993,0,24.761316666666666,0.0,738,0,0,0,0,0,0,0,0,0,1,0,0,-0.052335956242943564,-0.9986295347545738,1,5,5,183380.33000000007,662243.3200000003,0,5.923466666666667,0.0,787,0,0,0,0,0,0,0,0,0,1,0,0,0.8290375725550417,0.5591929034707468,0,0,0,1,0,0,0,0,0,0,0,0,0,0,0,0,0,1,0,0,0,1,0,0,0,0,0,0,0,0,0,0,0,0,0,1,0,0,0,0,0,0,0,0,1,0,0,0,0,0,0,0,0,0,0,0,0,0,0,1,0,0,0,0,0,0,0,1,0,0,0,0,0,0,0,0,0,0,0,0,0,0,0,0,0,0,1,0,0,0,0,2,0,0,0,0,0,0,0,0,0,1.8459338908348326,1.0,0.6512809881853328,1.0,0.47907814332284016,1.0,2.330677795034495,1.0,183248.59000000008,664460.5025
1,2,5,166715.70999999996,634344.0899999999,0,13.158,0.0,2205,0,0,0,0,1,0,0,0,0,0,0,0,-0.20791169081775907,-0.9781476007338057,2,5,6,168123.61000000034,631715.3900000006,0,9.505583333333334,0.0,2205,0,0,0,0,1,0,0,0,0,0,0,0,0.48480962024633706,0.8746197071393957,1,5,5,166495.29000000004,632856.9600000009,0,23.686666666666667,0.0,1000,0,0,0,0,0,1,0,0,0,0,0,0,-0.8746197071393961,0.4848096202463365,2,5,8,168665.0599999996,633256.5399999991,0,13.585816666666666,0.0,1000,0,0,0,0,0,1,0,0,0,0,0,0,0.05233595624294381,-0.9986295347545738,0,1,0,0,0,0,1,0,0,0,0,0,0,0,0,0,0,0,0,0,0,0,0,1,0,0,0,0,0,0,0,0,0,1,0,0,0,0,0,0,0,0,0,0,1,0,0,0,0,0,0,0,0,0,0,0,0,0,0,0,1,0,0,0,0,0,0,1,0,0,0,0,0,0,0,0,0,0,0,0,0,0,0,0,0,0,1,0,0,0,0,0,0,0,0,0,0,0,0,0,0,1.6348980522911314,1.0,1.5790302485476413,1.0,1.0997546346291804,1.0,1.274931564314312,1.0,167499.91749999998,633043.2450000001
2,0,10,177419.7000000002,662364.0999999996,0,0.0,100.24149927083333,2205,0,0,0,0,1,0,0,0,0,0,0,0,0.0,1.0,2,0,7,177349.91999999993,661773.3100000005,0,0.0,100.2414992824074,2205,0,0,0,0,1,0,0,0,0,0,0,0,0.0,1.0,2,0,6,177412.58000000007,662309.3499999996,0,0.0,100.2414992824074,2205,0,0,0,0,1,0,0,0,0,0,0,0,0.0,1.0,1,0,10,179116.38999999966,665972.2300000004,0,0.0,56.20482107638889,2205,0,0,0,0,1,0,0,0,0,0,0,0,0.0,1.0,1,0,0,1,0,0,0,0,0,0,0,0,0,0,0,0,0,1,0,0,0,0,1,0,0,0,0,0,0,0,0,0,0,0,0,0,0,0,0,0,1,0,0,0,0,1,0,0,0,0,0,0,0,0,0,0,0,0,0,0,0,0,0,0,1,0,0,0,1,0,0,0,0,0,0,0,0,0,0,0,0,0,0,0,0,0,0,0,1,0,0,3,0,0,0,0,0,0,0,0,0,0.6982449424491163,1.0,1.1692585421139912,1.0,0.7409922095406851,1.0,2.601501665237746,0.0,237099.52999999994,884139.6633333334
2,0,10,179177.2000000002,662945.9700000007,0,0.0,155.5013346064815,1141,0,0,0,0,0,0,1,0,0,0,0,0,0.0,1.0,2,0,10,179075.4500000002,663147.9499999993,0,0.0,103.64780451388889,2205,0,0,0,0,1,0,0,0,0,0,0,0,0.0,1.0,2,0,6,179974.5599999996,662395.0299999993,0,533.0385166666666,0.0,1540,0,0,0,0,0,0,0,0,1,0,0,0,0.0,1.0,1,5,5,178327.86000000034,663276.1999999993,0,26.571816666666667,0.0,142,1,0,0,0,0,0,0,0,0,0,0,0,0.27563735581699916,0.9612616959383189,1,0,0,1,0,0,0,0,0,0,0,0,0,0,0,0,0,1,0,0,0,0,1,0,0,0,0,0,0,0,0,0,0,0,0,0,0,0,0,0,1,0,0,0,0,1,0,0,0,0,0,0,0,0,0,0,0,0,0,0,0,0,0,0,1,0,0,0,1,0,0,0,0,0,0,0,0,0,0,0,0,0,0,0,0,0,0,0,0,1,0,0,0,0,0,0,0,0,0,0,0,0.08415984760559825,1.0,0.4698411243801772,1.0,2.17041360169074,1.0,1.9071194197182046,1.0,179138.76750000007,662941.2874999996
2,0,8,175870.9400000004,659360.8900000006,0,0.0,1.9535013541666666,1540,0,0,0,0,0,0,0,0,1,0,0,0,0.0,1.0,2,0,6,176768.33000000007,658079.6799999997,0,0.0,1.953501412037037,1540,0,0,0,0,0,0,0,0,1,0,0,0,0.0,1.0,2,0,6,176440.09999999963,658214.3300000001,0,0.0,1.9535014814814815,1540,0,0,0,0,0,0,0,0,1,0,0,0,0.0,1.0,2,0,6,176526.84999999963,658196.6999999993,0,0.0,1.9951709027777778,1540,0,0,0,0,0,0,0,0,1,0,0,0,0.0,1.0,0,0,0,1,0,0,0,0,0,0,0,0,0,0,0,0,0,1,0,0,0,0,1,0,0,0,0,0,0,0,0,0,0,0,0,0,0,0,0,0,1,0,0,0,0,1,0,0,0,0,0,0,0,0,0,0,0,0,0,0,0,0,0,0,1,0,0,0,1,0,0,0,0,0,0,0,0,0,0,0,0,0,0,0,0,0,0,0,1,0,0,3,0,0,0,0,0,0,0,0,0,2.453803577019803,1.0,1.2479161490587911,1.0,0.5917606118070592,1.0,0.6921488250414796,1.0,176401.55499999993,658462.8999999999
2,0,10,179211.83999999985,663036.8800000008,0,0.0,157.87876697916667,1141,0,0,0,0,0,0,1,0,0,0,0,0,0.0,1.0,2,0,10,180636.83000000007,664833.2699999996,0,0.0,58.03681101851852,2205,0,0,0,0,1,0,0,0,0,0,0,0,0.0,1.0,2,0,10,178618.1799999997,665686.4600000009,0,0.0,55.745144386574076,1540,0,0,0,0,0,0,0,0,1,0,0,0,0.0,1.0,2,5,5,178353.33000000007,661844.2599999998,0,12.074583333333333,0.0,2205,0,0,0,0,1,0,0,0,0,0,0,0,0.01745240643728351,0.9998476951563913,1,0,0,1,0,0,0,0,0,0,0,0,0,0,0,0,0,1,0,0,0,0,1,0,0,0,0,0,0,0,0,0,0,0,0,0,0,0,0,0,1,0,0,0,0,1,0,0,0,0,0,0,0,0,0,0,0,0,0,0,0,0,0,0,1,0,0,1,0,0,0,0,0,0,0,0,0,0,0,0,0,0,0,0,0,0,1,0,0,0,0,0,0,0,0,0,0,0,0,0,0,0.6820329922753414,1.0,1.456343874998618,1.0,1.6164742776066945,1.0,1.8273994862229033,1.0,179205.04499999993,663850.2175000003
2,0,10,177347.7999999998,661625.0600000005,0,0.0,109.84094414351851,785,0,0,0,0,0,0,0,1,0,0,0,0,0.0,1.0,2,0,10,177401.2000000002,662045.3599999994,0,0.0,109.84094415509259,785,0,0,0,0,0,0,0,1,0,0,0,0,0.0,1.0,2,0,6,177413.54000000004,662175.6099999994,0,0.0,109.8409325925926,785,0,0,0,0,0,0,0,1,0,0,0,0,0.0,1.0,2,0,6,177381.58999999985,662031.7899999991,0,0.0,107.07483306712963,2205,0,0,0,0,1,0,0,0,0,0,0,0,0.0,1.0,1,0,0,1,0,0,0,0,0,0,0,0,0,0,0,0,0,1,0,0,0,0,1,0,0,0,0,0,0,0,0,0,0,0,0,0,0,0,0,0,1,0,0,0,0,1,0,0,0,0,0,0,0,0,0,0,0,0,0,0,0,0,0,0,1,0,0,0,1,0,0,0,0,0,0,0,0,0,0,0,0,0,0,0,0,0,0,0,1,0,0,4,0,0,0,0,0,0,0,0,0,2.994221310258074,0.0,0.668866583025965,1.0,1.7971867775543833,1.0,0.540006998148589,1.0,236514.70999999996,882625.9399999995
2,0,8,186255.74000000025,659726.9600000009,0,0.0,133.01102125,790,0,0,0,0,0,0,0,0,0,0,1,0,0.0,1.0,1,0,10,187498.5599999996,659374.9499999993,0,0.0,86.12014174768518,787,0,0,0,0,0,0,0,0,0,1,0,0,0.0,1.0,1,0,10,187663.8200000003,659810.7899999991,0,0.0,84.28679688657408,1353,0,0,0,0,0,0,0,1,0,0,0,0,0.0,1.0,1,0,10,186004.1399999997,659312.2799999993,0,0.0,41.084424131944445,787,0,0,0,0,0,0,0,0,0,1,0,0,0.0,1.0,0,0,0,1,0,0,0,0,0,0,0,0,0,0,0,0,0,1,0,0,0,0,1,0,0,0,0,0,0,0,0,0,0,0,0,0,0,0,0,0,1,0,0,0,0,1,0,0,0,0,0,0,0,0,0,0,0,0,0,0,0,0,0,0,1,0,0,0,1,0,0,0,0,0,0,0,0,0,0,0,0,0,0,0,0,0,0,0,1,0,0,0,0,0,0,0,0,0,0,0,0,1.3140245286344594,1.0,1.4076161579864273,1.0,1.7854549530810926,1.0,1.866149952621475,1.0,186855.56499999994,659556.2449999996
1,0,10,186647.59999999963,695230.3699999992,0,0.0,28.710685925925926,738,0,0,0,0,0,0,0,0,0,1,0,0,0.0,1.0,1,1,6,187183.6900000004,693775.6500000004,0,25.43755,0.0,1000,0,0,0,0,0,1,0,0,0,0,0,0,0.5735764363510464,-0.8191520442889916,2,5,10,185860.8700000001,687502.6199999992,0,18.119916666666665,0.0,1000,0,0,0,0,0,1,0,0,0,0,0,0,-0.5877852522924734,0.8090169943749473,2,5,6,186105.16999999995,687107.25,0,7.0037666666666665,0.0,1000,0,0,0,0,0,1,0,0,0,0,0,0,0.6018150231520482,-0.7986355100472929,0,0,0,1,0,0,0,0,0,0,0,0,0,0,0,0,0,1,0,0,0,1,0,0,0,0,0,0,0,0,0,0,0,0,0,1,0,0,0,0,0,0,0,0,0,0,1,0,0,0,0,0,0,0,0,0,0,0,0,0,0,0,0,0,0,1,0,0,0,1,0,0,0,0,0,0,0,0,0,0,1,0,0,0,0,0,0,0,0,0,0,2,0,0,0,0,0,0,0,0,0,2.0876999086379353,1.0,1.4288184765977927,1.0,1.6639565718835445,1.0,1.837688670398092,1.0,186449.33250000002,690903.9724999997
1,0,10,182134.7000000002,666640.9199999999,0,0.0,47.36094244212963,1353,0,0,0,0,0,0,0,1,0,0,0,0,0.0,1.0,1,0,10,182281.0499999998,666002.6300000008,0,0.0,42.58066474537037,2205,0,0,0,0,1,0,0,0,0,0,0,0,0.0,1.0,2,0,6,185535.0700000003,664068.2300000004,0,833.00715,0.0,1295,0,0,0,0,0,1,0,0,0,0,0,0,0.0,1.0,2,5,9,183955.61000000036,663389.9900000002,0,25.423916666666667,0.0,134,0,0,0,0,0,0,0,0,0,0,0,1,0.03489949670250097,0.9993908270190958,0,0,0,1,0,0,0,0,0,0,0,0,0,0,0,0,0,1,0,0,0,0,1,0,0,0,0,0,0,0,0,0,0,0,0,0,0,0,0,0,1,0,0,0,0,1,0,0,0,0,0,0,0,0,0,0,0,0,0,0,0,0,0,0,1,0,0,0,0,1,0,0,0,0,0,1,0,0,0,0,0,0,0,0,0,0,0,0,0,0,0,0,0,0,0,0,0,0,0,0,0,1.5415646730095858,1.0,1.1334303586327978,1.0,1.6663675307782084,1.0,1.2509157243666285,1.0,183476.60750000016,665025.4425000004
2,0,10,177408.16000000015,662268.3399999999,0,0.0,100.94983591435185,2205,0,0,0,0,1,0,0,0,0,0,0,0,0.0,1.0,2,0,10,178747.04000000004,666085.1899999995,0,0.0,56.661815069444444,1540,0,0,0,0,0,0,0,0,1,0,0,0,0.0,1.0,1,0,6,180789.41999999995,661429.6300000008,0,1154.6803666666667,0.0,1141,0,0,0,0,0,0,1,0,0,0,0,0,0.0,1.0,1,5,10,177632.1200000001,662551.7100000009,0,7.9804,0.0,860,0,0,0,1,0,0,0,0,0,0,0,0,-0.01745240643728445,0.9998476951563913,1,0,0,1,0,0,0,0,0,0,0,0,0,0,0,0,0,1,0,0,0,0,1,0,0,0,0,0,0,0,0,0,0,0,0,0,0,0,0,0,1,0,0,0,0,1,0,0,0,0,0,0,0,0,0,0,0,0,0,0,0,0,0,0,1,0,0,1,0,0,0,0,0,0,0,0,0,0,0,0,0,0,0,0,0,0,1,0,0,0,0,0,0,0,0,0,0,0,0,0,0,0.9492898443383534,1.0,1.9253448080885032,1.0,1.736637997823599,1.0,0.7330071064143066,1.0,178644.18500000006,663083.7175000003
2,0,6,177405.6900000004,662240.8399999999,0,0.0,100.70678814814815,2205,0,0,0,0,1,0,0,0,0,0,0,0,0.0,1.0,2,0,6,177405.6900000004,662240.8399999999,0,0.0,100.70678814814815,2205,0,0,0,0,1,0,0,0,0,0,0,0,0.0,1.0,1,0,6,180770.2999999998,661493.5800000001,0,0.0,25.579670104166667,1141,0,0,0,0,0,0,1,0,0,0,0,0,0.0,1.0,1,0,6,180770.2999999998,661493.5800000001,0,0.0,25.579670104166667,1141,0,0,0,0,0,0,1,0,0,0,0,0,0.0,1.0,1,0,0,1,0,0,0,0,0,0,0,0,0,0,0,0,0,1,0,0,0,0,1,0,0,0,0,0,0,0,0,0,0,0,0,0,0,0,0,0,1,0,0,0,0,1,0,0,0,0,0,0,0,0,0,0,0,0,0,0,0,0,0,0,1,0,0,0,1,0,0,0,0,0,0,0,0,0,0,0,0,0,0,0,0,0,0,0,1,0,0,2,2,0,0,0,0,0,0,0,0,1.676411085062872,1.0,1.676411085062872,1.0,1.676411085062872,1.0,1.676411085062872,1.0,179087.9950000001,661867.21
2,0,10,179177.2000000002,662945.9700000007,0,0.0,155.5430018287037,1141,0,0,0,0,0,0,1,0,0,0,0,0,0.0,1.0,2,0,10,179075.4500000002,663147.9499999993,0,0.0,103.68947174768519,2205,0,0,0,0,1,0,0,0,0,0,0,0,0.0,1.0,2,0,6,179485.95999999996,663510.0199999996,0,1012.9893,0.0,2205,0,0,0,0,1,0,0,0,0,0,0,0,0.0,1.0,1,0,6,180794.6399999997,661410.1999999993,0,794.6726333333334,0.0,1141,0,0,0,0,0,0,1,0,0,0,0,0,0.0,1.0,1,0,0,1,0,0,0,0,0,0,0,0,0,0,0,0,0,1,0,0,0,0,1,0,0,0,0,0,0,0,0,0,0,0,0,0,0,0,0,0,1,0,0,0,0,1,0,0,0,0,0,0,0,0,0,0,0,0,0,0,0,0,0,0,1,0,0,0,1,0,0,0,0,0,0,0,0,0,0,0,0,0,0,0,0,0,0,0,1,0,0,0,0,0,0,0,0,0,0,0,0,0.6650299647217206,1.0,0.9178030492779072,1.0,1.035340101929144,1.0,2.3854709769188447,1.0,179633.3125,662753.5349999997
2,0,10,179055.76999999955,663114.8699999992,0,0.0,155.86371355324073,1141,0,0,0,0,0,0,1,0,0,0,0,0,0.0,1.0,2,0,10,179182.24000000022,665961.1099999994,0,0.0,56.86397966435185,1141,0,0,0,0,0,0,1,0,0,0,0,0,0.0,1.0,2,5,6,181000.83000000007,668911.2899999991,0,29.547466666666665,0.0,2324,0,0,0,0,1,0,0,0,0,0,0,0,0.9945218953682733,0.10452846326765346,2,5,5,178580.9299999997,664778.6099999994,0,25.01405,0.0,2324,0,0,0,0,1,0,0,0,0,0,0,0,0.5877852522924731,0.8090169943749475,1,0,0,1,0,0,0,0,0,0,0,0,0,0,0,0,0,1,0,0,0,0,1,0,0,0,0,0,0,0,0,0,0,0,0,0,0,0,0,0,1,0,0,0,1,0,0,0,0,0,0,0,0,0,0,0,0,0,0,0,0,0,1,0,0,0,0,1,0,0,0,0,0,0,0,0,0,0,0,0,0,0,0,0,0,0,1,0,0,0,0,0,0,0,0,0,0,0,0,0,0,1.7174002100154249,1.0,0.2526038168222155,1.0,2.3526036933647423,1.0,0.8324449463381081,1.0,179454.9424999999,665691.4699999993
1,0,10,180135.2000000002,662368.6999999993,0,0.0,106.71736126157407,1353,0,0,0,0,0,0,0,1,0,0,0,0,0.0,1.0,17,0,10,178491.23000000045,663020.3100000005,0,0.0,70.4847802199074,790,0,0,0,0,0,0,0,0,0,0,1,0,0.0,1.0,2,5,5,181060.29000000004,671413.8000000007,0,29.60025,0.0,2324,0,0,0,0,1,0,0,0,0,0,0,0,-0.43837114678907707,-0.8987940462991671,2,5,5,179186.7999999998,663438.7400000002,0,16.333483333333334,0.0,2324,0,0,0,0,1,0,0,0,0,0,0,0,0.981627183447664,-0.1908089953765448,1,0,0,1,0,0,0,0,0,0,0,0,0,0,0,0,0,1,0,0,0,0,1,0,0,0,0,0,0,0,0,0,0,0,0,0,0,0,0,0,1,0,0,0,1,0,0,0,0,0,0,0,0,0,0,0,0,0,0,1,0,0,0,0,0,0,0,1,0,0,0,0,0,0,0,0,0,0,0,0,0,0,0,0,0,0,1,0,0,0,0,0,0,0,0,0,0,0,0,0,0,1.169546096056496,1.0,1.0222444321270017,1.0,2.7882463150113552,0.0,0.7327677972091939,1.0,239624.50666666683,886747.1833333336
2,0,6,177395.46999999974,662145.5199999996,0,0.0,100.36652553240741,2205,0,0,0,0,1,0,0,0,0,0,0,0,0.0,1.0,4,5,5,180383.4699999997,664653.4800000004,0,14.580083333333333,0.0,1366,0,0,0,0,0,0,0,0,1,0,0,0,-0.32556815445715676,-0.9455185755993167,1,5,5,178692.1900000004,663867.5399999991,0,4.730083333333333,0.0,1366,0,0,0,0,0,0,0,0,1,0,0,0,0.5591929034707469,0.8290375725550417,2,5,5,181532.2199999997,663646.1099999994,0,1.9967333333333332,0.0,1366,0,0,0,0,0,0,0,0,1,0,0,0,0.17364817766693028,-0.984807753012208,1,0,0,1,0,0,0,0,0,0,0,0,0,0,0,0,0,1,0,0,0,1,0,0,0,0,0,0,0,0,0,0,0,0,0,0,0,0,1,0,0,0,0,0,1,0,0,0,0,0,0,0,0,0,0,0,0,0,0,0,0,0,1,0,0,0,0,1,0,0,0,0,0,0,0,0,0,0,0,0,0,0,0,1,0,0,0,0,0,0,0,0,0,0,0,0,0,0,0,0,0,2.0467483038869814,1.0,1.1181182423055611,1.0,0.6902929263235721,1.0,1.6335887608342643,1.0,179500.8374999999,663578.1624999996
2,0,10,178693.75,665885.8900000006,0,0.0,56.036816180555554,1540,0,0,0,0,0,0,0,0,1,0,0,0,0.0,1.0,1,0,9,180759.6799999997,661531.8699999992,0,0.0,25.197707395833334,1141,0,0,0,0,0,0,1,0,0,0,0,0,0.0,1.0,2,5,8,181141.8799999999,672131.5199999996,0,10.215466666666666,0.0,1540,0,0,0,0,0,0,0,0,1,0,0,0,0.9271838545667874,-0.37460659341591207,2,5,5,178336.4400000004,665261.6999999993,0,6.6821166666666665,0.0,1540,0,0,0,0,0,0,0,0,1,0,0,0,-0.9986295347545738,0.052335956242943946,1,0,0,1,0,0,0,0,0,0,0,0,0,0,0,0,0,1,0,0,0,0,1,0,0,0,0,0,0,0,0,0,0,0,0,0,0,0,0,0,1,0,0,0,0,0,1,0,0,0,0,0,1,0,0,0,0,0,0,0,0,0,0,0,0,0,0,1,0,0,0,0,0,0,0,0,0,0,0,0,0,0,0,0,0,0,1,0,0,0,0,0,0,0,0,0,0,0,0,0,0,0.4312756918382804,1.0,1.8984646895441881,1.0,2.41908953014192,1.0,0.6684869388611098,1.0,179732.9375,666202.7449999996
2,0,10,177424.86000000034,662262.4000000004,0,0.0,103.47288708333333,785,0,0,0,0,0,0,0,1,0,0,0,0,0.0,1.0,2,0,10,177424.86000000034,662262.4000000004,0,0.0,103.47288708333333,785,0,0,0,0,0,0,0,1,0,0,0,0,0.0,1.0,2,0,10,177424.86000000034,662262.4000000004,0,0.0,103.47288708333333,785,0,0,0,0,0,0,0,1,0,0,0,0,0.0,1.0,2,0,10,178618.1799999997,665686.4600000009,0,0.0,56.41876667824074,1540,0,0,0,0,0,0,0,0,1,0,0,0,0.0,1.0,1,0,0,1,0,0,0,0,0,0,0,0,0,0,0,0,0,1,0,0,0,0,1,0,0,0,0,0,0,0,0,0,0,0,0,0,0,0,0,0,1,0,0,0,0,1,0,0,0,0,0,0,0,0,0,0,0,0,0,0,0,0,0,0,1,0,0,0,1,0,0,0,0,0,0,0,0,0,0,0,0,0,0,0,0,0,0,0,1,0,0,3,0,0,0,0,0,0,0,0,0,0.9067903577628424,1.0,0.9067903577628424,1.0,0.9067903577628424,1.0,2.7203710732885273,0.0,236964.25333333356,884157.8866666673
2,0,8,186255.74000000025,659726.9600000009,0,0.0,133.18464689814815,790,0,0,0,0,0,0,0,0,0,0,1,0,0.0,1.0,2,0,8,186255.74000000025,659726.9600000009,0,0.0,133.18464689814815,790,0,0,0,0,0,0,0,0,0,0,1,0,0.0,1.0,2,0,6,186297.3899999997,659897.9100000001,0,603.0583333333333,0.0,1540,0,0,0,0,0,0,0,0,1,0,0,0,0.0,1.0,2,0,6,186297.3899999997,659897.9100000001,0,603.0583333333333,0.0,1540,0,0,0,0,0,0,0,0,1,0,0,0,0.0,1.0,0,0,0,1,0,0,0,0,0,0,0,0,0,0,0,0,0,1,0,0,0,0,1,0,0,0,0,0,0,0,0,0,0,0,0,0,0,0,0,0,1,0,0,0,0,1,0,0,0,0,0,0,0,0,0,0,0,0,0,0,0,0,0,0,1,0,0,0,1,0,0,0,0,0,0,0,0,0,0,0,0,0,0,0,0,0,0,0,1,0,0,4,0,0,0,0,0,0,0,0,0,1.6552270205172637,1.0,1.6552270205172637,1.0,1.6552270205172637,1.0,1.6552270205172637,1.0,186276.56499999997,659812.4350000005
1,0,10,186162.73000000045,664161.8900000006,0,0.0,19.95589361111111,1141,0,0,0,0,0,0,1,0,0,0,0,0,0.0,1.0,1,0,10,186316.4500000002,664041.9800000004,0,0.0,20.039226550925925,1141,0,0,0,0,0,0,1,0,0,0,0,0,0.0,1.0,1,0,10,186162.73000000045,664161.8900000006,0,0.0,20.039227418981483,1141,0,0,0,0,0,0,1,0,0,0,0,0,0.0,1.0,1,0,10,186316.4500000002,664041.9800000004,0,0.0,20.122561770833332,1141,0,0,0,0,0,0,1,0,0,0,0,0,0.0,1.0,0,0,0,1,0,0,0,0,0,0,0,0,0,0,0,0,0,1,0,0,0,0,1,0,0,0,0,0,0,0,0,0,0,0,0,0,0,0,0,0,1,0,0,0,0,1,0,0,0,0,0,0,0,0,0,0,0,0,0,0,0,0,0,0,1,0,0,0,1,0,0,0,0,0,0,0,0,0,0,0,0,0,0,0,0,0,0,0,1,0,0,4,0,0,0,0,0,0,0,0,0,1.4249682971524649,1.0,1.4249682971524649,1.0,1.4249682971524649,1.0,1.4249682971524649,1.0,186239.59000000032,664101.9350000005
2,0,10,179055.76999999955,663114.8699999992,0,0.0,154.94704283564815,1141,0,0,0,0,0,0,1,0,0,0,0,0,0.0,1.0,2,0,6,178813.41999999993,666065.5299999993,0,0.0,94.96936922453703,1000,0,0,0,0,0,1,0,0,0,0,0,0,0.0,1.0,17,0,10,178491.23000000045,663020.3100000005,0,0.0,69.56810762731482,790,0,0,0,0,0,0,0,0,0,0,1,0,0.0,1.0,2,5,5,180171.7199999997,665689.1199999992,0,2.975033333333333,0.0,1295,0,0,0,0,0,1,0,0,0,0,0,0,0.9612616959383189,-0.27563735581699905,1,0,0,1,0,0,0,0,0,0,0,0,0,0,0,0,0,1,0,0,0,0,1,0,0,0,0,0,0,0,0,0,0,0,0,0,0,0,0,0,1,0,0,0,0,1,0,0,0,0,0,0,0,0,0,0,0,0,0,0,0,0,0,0,1,0,0,1,0,0,0,0,0,0,0,0,0,0,0,0,0,0,0,0,0,0,1,0,0,0,0,2,0,0,0,0,0,0,0,0,0,1.3306488654296635,1.0,1.5900037256621347,1.0,1.5536362075643546,1.0,1.5654526319452227,1.0,179133.03499999992,664472.4574999996
2,5,6,184279.6500000004,667448.1999999993,0,20.408366666666666,0.0,649,0,0,0,0,0,0,1,0,0,0,0,0,0.9455185755993167,0.32556815445715676,2,5,5,184300.1299999999,665916.5899999999,0,19.258166666666668,0.0,649,0,0,0,0,0,0,1,0,0,0,0,0,-0.992546151641322,0.12186934340514768,2,5,5,183959.54000000004,667387.8699999992,0,13.924833333333334,0.0,649,0,0,0,0,0,0,1,0,0,0,0,0,0.24192189559966773,-0.9702957262759965,2,5,5,184856.23000000045,666648.5899999999,0,8.291683333333333,0.0,649,0,0,0,0,0,0,1,0,0,0,0,0,0.9945218953682734,-0.10452846326765333,0,0,1,0,0,0,0,0,0,0,0,0,0,1,0,0,0,0,0,0,0,1,0,0,0,0,0,0,0,0,0,0,0,0,0,0,0,0,1,0,0,0,0,0,1,0,0,0,0,0,0,0,0,0,0,0,0,0,0,0,1,0,0,0,0,0,0,1,0,0,0,0,0,0,0,0,0,0,0,0,0,0,0,1,0,0,0,0,0,0,0,0,0,0,0,0,0,0,0,0,0,1.2713445943515158,1.0,1.9749688131870018,1.0,1.4020174551962206,1.0,1.1532504633858118,1.0,184348.8875000002,666850.3124999995
1,0,10,183720.41000000012,666760.4499999993,0,0.0,106.54515471064815,2205,0,0,0,0,1,0,0,0,0,0,0,0,0.0,1.0,2,5,9,184700.48000000045,665767.5899999999,0,27.620783333333332,0.0,790,0,0,0,0,0,0,0,0,0,0,1,0,0.15643446504023087,0.9876883405951378,2,5,5,184195.21,665933.6199999992,0,25.454183333333333,0.0,790,0,0,0,0,0,0,0,0,0,0,1,0,-0.9781476007338058,0.20791169081775857,1,4,5,184020.84999999963,666127.7899999991,0,6.670433333333333,0.0,790,0,0,0,0,0,0,0,0,0,0,1,0,-0.5735764363510458,-0.819152044288992,0,0,0,1,0,0,0,0,0,0,0,0,0,0,0,0,0,1,0,0,0,0,0,1,0,0,0,0,0,0,0,0,0,0,0,0,0,0,0,0,0,0,1,0,1,0,0,0,0,0,0,0,0,0,0,0,0,0,0,0,0,0,1,0,0,0,0,1,0,0,0,0,0,0,0,0,0,0,0,0,0,0,0,0,1,0,0,0,0,0,0,0,0,0,0,0,0,0,0,0,0,2.060331764160468,1.0,1.806833261636612,1.0,0.5923092883980501,1.0,0.3819356787744541,1.0,184159.23750000005,666147.3624999993
2,0,6,186214.3899999997,659530.0600000005,0,0.0,130.59437746527777,790,0,0,0,0,0,0,0,0,0,0,1,0,0.0,1.0,2,0,10,186290.9000000004,659876.8599999994,0,0.0,130.67769878472222,790,0,0,0,0,0,0,0,0,0,0,1,0,0.0,1.0,2,0,10,186214.3899999997,659530.0600000005,0,0.0,130.67768704861112,790,0,0,0,0,0,0,0,0,0,0,1,0,0.0,1.0,1,0,10,187667.66999999995,659861.0099999998,0,0.0,81.95346244212963,1353,0,0,0,0,0,0,0,1,0,0,0,0,0.0,1.0,0,0,0,1,0,0,0,0,0,0,0,0,0,0,0,0,0,1,0,0,0,0,1,0,0,0,0,0,0,0,0,0,0,0,0,0,0,0,0,0,1,0,0,0,0,1,0,0,0,0,0,0,0,0,0,0,0,0,0,0,0,0,0,0,1,0,0,0,1,0,0,0,0,0,0,0,0,0,0,0,0,0,0,0,0,0,0,0,1,0,0,3,0,0,0,0,0,0,0,0,0,1.06091646094518,1.0,0.8968997187539925,1.0,1.06091646094518,1.0,2.7466235807322805,0.0,248795.78333333324,879599.3300000001
2,0,10,179177.2000000002,662945.9700000007,0,0.0,155.04300284722223,1141,0,0,0,0,0,0,1,0,0,0,0,0,0.0,1.0,2,0,10,179075.4500000002,663147.9499999993,0,0.0,103.1894727662037,2205,0,0,0,0,1,0,0,0,0,0,0,0,0.0,1.0,2,0,10,177386.4299999997,662058.9399999995,0,0.0,100.19983158564814,2205,0,0,0,0,1,0,0,0,0,0,0,0,0.0,1.0,2,5,10,181686.61000000036,663265.2799999993,0,7.540783333333334,0.0,649,0,0,0,0,0,0,1,0,0,0,0,0,0.5735764363510464,-0.8191520442889916,1,0,0,1,0,0,0,0,0,0,0,0,0,0,0,0,0,1,0,0,0,0,1,0,0,0,0,0,0,0,0,0,0,0,0,0,0,0,0,0,1,0,0,0,0,1,0,0,0,0,0,0,0,0,0,0,0,0,0,0,0,0,0,0,1,0,0,0,0,1,0,0,0,0,1,0,0,0,0,0,0,0,0,0,0,0,0,0,0,0,0,0,0,0,0,0,0,0,0,0,0,0.17858835114647,1.0,0.38785275850918216,1.0,2.0931952827075366,1.0,2.3813788129926934,1.0,179331.4225000001,662854.5349999997
2,0,10,177408.16000000015,662268.3399999999,0,0.0,100.61649866898148,2205,0,0,0,0,1,0,0,0,0,0,0,0,0.0,1.0,2,0,10,178747.04000000004,666085.1899999995,0,0.0,56.32847782407407,1540,0,0,0,0,0,0,0,0,1,0,0,0,0.0,1.0,1,0,6,179674.59999999963,663477.4800000004,0,892.9914,0.0,2205,0,0,0,0,1,0,0,0,0,0,0,0,0.0,1.0,2,0,6,181415.41999999995,668955.0800000001,0,833.0080833333334,0.0,1295,0,0,0,0,0,1,0,0,0,0,0,0,0.0,1.0,1,0,0,1,0,0,0,0,0,0,0,0,0,0,0,0,0,1,0,0,0,0,1,0,0,0,0,0,0,0,0,0,0,0,0,0,0,0,0,0,1,0,0,0,0,1,0,0,0,0,0,0,0,0,0,0,0,0,0,0,0,0,0,0,1,0,0,0,1,0,0,0,0,0,0,0,0,0,0,0,0,0,0,0,0,0,0,0,1,0,0,0,0,0,0,0,0,0,0,0,0,1.7335926342675982,1.0,0.5225512624897469,1.0,0.8721862045898078,1.0,2.138227714535564,1.0,179311.30499999993,665196.5225
2,0,6,177381.6299999999,661904.2699999996,0,0.0,103.2159316087963,785,0,0,0,0,0,0,0,1,0,0,0,0,0.0,1.0,2,0,6,177395.46999999974,662145.5199999996,0,0.0,100.4498436111111,2205,0,0,0,0,1,0,0,0,0,0,0,0,0.0,1.0,2,0,7,177403.1200000001,662212.1300000008,0,0.0,100.44983208333333,2205,0,0,0,0,1,0,0,0,0,0,0,0,0.0,1.0,2,0,10,178547.0,665523.4900000002,0,0.0,56.16181122685185,1540,0,0,0,0,0,0,0,0,1,0,0,0,0.0,1.0,1,0,0,1,0,0,0,0,0,0,0,0,0,0,0,0,0,1,0,0,0,0,1,0,0,0,0,0,0,0,0,0,0,0,0,0,0,0,0,0,1,0,0,0,0,1,0,0,0,0,0,0,0,0,0,0,0,0,0,0,0,0,0,0,1,0,0,0,1,0,0,0,0,0,0,0,0,0,0,0,0,0,0,0,0,0,0,0,1,0,0,3,0,0,0,0,0,0,0,0,0,1.0888681363856891,1.0,0.8539440726169885,1.0,0.7885294933229724,1.0,2.729556964104535,0.0,236909.07333333325,883928.4700000001
2,0,10,179116.7000000002,665979.1099999994,0,0.0,57.44730797453704,1141,0,0,0,0,0,0,1,0,0,0,0,0,0.0,1.0,1,0,10,179116.38999999966,665972.2300000004,0,0.0,56.53815287037037,2205,0,0,0,0,1,0,0,0,0,0,0,0,0.0,1.0,2,0,6,178693.75,665885.8900000006,0,0.0,56.286810289351855,1540,0,0,0,0,0,0,0,0,1,0,0,0,0.0,1.0,1,0,6,180789.41999999995,661429.6300000008,0,614.6734833333334,0.0,1141,0,0,0,0,0,0,1,0,0,0,0,0,0.0,1.0,1,0,0,1,0,0,0,0,0,0,0,0,0,0,0,0,0,1,0,0,0,0,1,0,0,0,0,0,0,0,0,0,0,0,0,0,0,0,0,0,1,0,0,0,0,1,0,0,0,0,0,0,0,0,0,0,0,0,0,0,0,0,0,0,1,0,0,0,1,0,0,0,0,0,0,0,0,0,0,0,0,0,0,0,0,0,0,0,1,0,0,0,0,0,0,0,0,0,0,0,0,0.8721908641765391,1.0,0.8674358233062237,1.0,0.9402978950131201,1.0,2.6449456860148004,0.0,239238.75333333327,886422.2866666671
1,5,7,181748.1299999999,664118.9199999999,0,45.6527,0.0,2324,0,0,0,0,1,0,0,0,0,0,0,0,-0.7880107536067218,0.6156614753256585,1,5,9,182335.61000000036,664652.8599999994,0,9.219116666666666,0.0,2324,0,0,0,0,1,0,0,0,0,0,0,0,-0.9961946980917455,0.08715574274765789,2,5,5,181870.79000000004,664860.4299999997,0,8.48595,0.0,2324,0,0,0,0,1,0,0,0,0,0,0,0,-0.17364817766693127,0.9848077530122079,2,5,5,182441.53000000023,664542.6799999997,0,4.652466666666666,0.0,2324,0,0,0,0,1,0,0,0,0,0,0,0,-0.01745240643728445,0.9998476951563913,0,0,1,0,0,0,0,0,0,0,0,0,0,1,0,0,0,0,0,0,0,1,0,0,0,0,0,0,0,0,0,0,0,0,0,0,0,0,1,0,0,0,0,0,1,0,0,0,0,0,0,0,0,0,0,0,0,0,0,0,1,0,0,0,0,0,0,1,0,0,0,0,0,0,0,0,0,0,0,0,0,0,0,0,0,0,1,0,0,0,0,0,0,0,0,0,0,0,0,0,0,1.9480706158894487,1.0,0.9212278347282288,1.0,1.3802208787295769,1.0,1.2110206551139324,1.0,182099.01500000013,664543.7224999997
1,0,10,182281.0499999998,666002.6300000008,0,0.0,40.24733052083333,2205,0,0,0,0,1,0,0,0,0,0,0,0,0.0,1.0,2,5,5,183795.5499999998,662608.9199999999,0,7.8563,0.0,1353,0,0,0,0,0,0,0,1,0,0,0,0,0.573576436351046,0.8191520442889918,1,5,5,183813.1799999997,662815.3300000001,0,5.989683333333334,0.0,1353,0,0,0,0,0,0,0,1,0,0,0,0,0.9510565162951536,-0.30901699437494734,1,5,5,181550.53000000023,666156.0899999999,0,2.9393666666666665,0.0,1353,0,0,0,0,0,0,0,1,0,0,0,0,-0.8090169943749476,0.5877852522924729,0,0,0,1,0,0,0,0,0,0,0,0,0,0,0,0,0,1,0,0,0,1,0,0,0,0,0,0,0,0,0,0,0,0,0,1,0,0,0,0,0,0,0,0,1,0,0,0,0,0,0,0,0,0,0,0,0,0,0,1,0,0,0,0,0,0,0,1,0,0,0,0,0,0,0,0,0,0,0,0,0,0,0,1,0,0,0,0,0,0,0,0,0,0,0,0,0,0,0,0,0,1.2817917540201522,1.0,1.513577124562678,1.0,1.3850059857152945,1.0,1.6465073117340991,1.0,182860.0774999999,664395.7425000002
1,0,10,186647.59999999963,695230.3699999992,0,0.0,36.585694652777775,738,0,0,0,0,0,0,0,0,0,1,0,0,0.0,1.0,1,0,10,186810.84999999963,695239.0700000003,0,0.0,36.58569503472222,738,0,0,0,0,0,0,0,0,0,1,0,0,0.0,1.0,2,3,5,185865.41999999995,691615.4800000004,0,13.067016666666667,0.0,2324,0,0,0,0,1,0,0,0,0,0,0,0,-0.052335956242943564,-0.9986295347545738,2,5,5,186293.9500000002,693448.0099999998,0,1.3497333333333332,0.0,2324,0,0,0,0,1,0,0,0,0,0,0,0,-0.25881904510252035,-0.9659258262890684,0,0,0,1,0,0,0,0,0,0,0,0,0,0,0,0,0,1,0,0,0,0,1,0,0,0,0,0,0,0,0,0,0,0,0,0,0,0,0,0,1,0,0,0,1,0,0,0,0,0,0,0,0,0,0,0,0,0,0,0,1,0,0,0,0,0,0,1,0,0,0,0,0,0,0,0,0,0,0,0,0,0,0,0,0,0,1,0,0,0,0,0,0,0,0,0,0,0,0,0,0,1.470552111012869,1.0,1.5205364371340937,1.0,2.5040188048579424,0.0,0.48237510905785735,1.0,248539.2733333331,925177.6433333332
2,0,10,179075.4500000002,663147.9499999993,0,0.0,103.31447835648149,2205,0,0,0,0,1,0,0,0,0,0,0,0,0.0,1.0,1,0,6,180774.2199999997,661479.4800000004,0,254.6655,0.0,1141,0,0,0,0,0,0,1,0,0,0,0,0,0.0,1.0,2,5,10,181305.03000000023,662891.9000000004,0,35.93215,0.0,1540,0,0,0,0,0,0,0,0,1,0,0,0,0.01745240643728351,0.9998476951563913,2,5,5,179699.9299999997,666674.6300000008,0,5.59885,0.0,1540,0,0,0,0,0,0,0,0,1,0,0,0,0.17364817766693033,0.984807753012208,1,0,0,1,0,0,0,0,0,0,0,0,0,0,0,0,0,1,0,0,0,0,1,0,0,0,0,0,0,0,0,0,0,0,0,0,0,0,0,0,1,0,0,0,1,0,0,0,0,0,0,0,0,0,0,0,0,0,0,0,0,0,1,0,0,0,0,1,0,0,0,0,0,0,0,0,0,0,0,0,0,0,0,0,1,0,0,0,0,0,0,0,0,0,0,0,0,0,0,0,0,0.865347704163501,1.0,1.5373116789533374,1.0,0.913419767303741,1.0,2.2720212365850254,1.0,180213.65749999997,663548.4900000002
2,0,10,179177.2000000002,662945.9700000007,0,0.0,154.87633721064816,1141,0,0,0,0,0,0,1,0,0,0,0,0,0.0,1.0,2,0,10,179075.4500000002,663147.9499999993,0,0.0,103.02280712962963,2205,0,0,0,0,1,0,0,0,0,0,0,0,0.0,1.0,2,5,8,180558.84999999963,668000.3200000003,0,31.308933333333332,0.0,2205,0,0,0,0,1,0,0,0,0,0,0,0,0.15643446504023098,-0.9876883405951377,2,5,5,182563.78000000023,662033.1600000001,0,15.6256,0.0,2205,0,0,0,0,1,0,0,0,0,0,0,0,-0.2756373558169998,0.9612616959383187,1,0,0,1,0,0,0,0,0,0,0,0,0,0,0,0,0,1,0,0,0,0,1,0,0,0,0,0,0,0,0,0,0,0,0,0,0,0,0,0,1,0,0,0,1,0,0,0,0,0,0,0,0,0,0,0,0,0,0,0,1,0,0,0,0,0,0,1,0,0,0,0,0,0,0,0,0,0,0,0,0,0,0,0,0,0,1,0,0,0,0,0,0,0,0,0,0,0,0,0,0,0.8525972545685999,1.0,0.8270238699578102,1.0,2.126057539694412,1.0,1.597976426901207,1.0,180343.82000000007,664031.8500000001
1,0,10,187498.5599999996,659374.9499999993,0,0.0,83.62014347222222,787,0,0,0,0,0,0,0,0,0,1,0,0,0.0,1.0,1,0,10,187492.6399999997,659382.8399999999,0,0.0,83.62014377314814,787,0,0,0,0,0,0,0,0,0,1,0,0,0.0,1.0,1,0,10,187663.8200000003,659810.7899999991,0,0.0,81.78679871527778,1353,0,0,0,0,0,0,0,1,0,0,0,0,0.0,1.0,1,0,10,186004.1399999997,659312.2799999993,0,0.0,38.58442587962963,787,0,0,0,0,0,0,0,0,0,1,0,0,0.0,1.0,0,0,0,1,0,0,0,0,0,0,0,0,0,0,0,0,0,1,0,0,0,0,1,0,0,0,0,0,0,0,0,0,0,0,0,0,0,0,0,0,1,0,0,0,0,1,0,0,0,0,0,0,0,0,0,0,0,0,0,0,0,0,0,0,1,0,0,0,1,0,0,0,0,0,0,0,0,0,0,0,0,0,0,0,0,0,0,0,1,0,0,2,0,0,0,0,0,0,0,0,0,0.7959737879827501,1.0,0.7780734703816881,1.0,1.3854947169034995,1.0,2.6861512320245393,0.0,249553.05333333308,879293.6199999992
2,0,10,177347.7999999998,661625.0600000005,0,0.0,103.4728990625,785,0,0,0,0,0,0,0,1,0,0,0,0,0.0,1.0,2,0,10,177347.7999999998,661625.0600000005,0,0.0,103.4728990625,785,0,0,0,0,0,0,0,1,0,0,0,0,0.0,1.0,1,0,6,180789.41999999995,661429.6300000008,0,804.6913166666667,0.0,1141,0,0,0,0,0,0,1,0,0,0,0,0,0.0,1.0,1,0,6,180789.41999999995,661429.6300000008,0,804.6913166666667,0.0,1141,0,0,0,0,0,0,1,0,0,0,0,0,0.0,1.0,1,0,0,1,0,0,0,0,0,0,0,0,0,0,0,0,0,1,0,0,0,0,1,0,0,0,0,0,0,0,0,0,0,0,0,0,0,0,0,0,1,0,0,0,0,1,0,0,0,0,0,0,0,0,0,0,0,0,0,0,0,0,0,0,1,0,0,0,1,0,0,0,0,0,0,0,0,0,0,0,0,0,0,0,0,0,0,0,1,0,0,2,2,0,0,0,0,0,0,0,0,1.8955825257818282,1.0,1.8955825257818282,1.0,1.8955825257818602,1.0,1.8955825257818602,1.0,179068.60999999987,661527.3450000007
2,0,10,179100.08999999985,663100.0700000003,0,0.0,158.37876461805556,1141,0,0,0,0,0,0,1,0,0,0,0,0,0.0,1.0,2,0,6,177395.46999999974,662145.5199999996,0,0.0,100.53317436342593,2205,0,0,0,0,1,0,0,0,0,0,0,0,0.0,1.0,17,0,10,178733.74000000022,662995.6600000001,0,0.0,71.02643822916667,790,0,0,0,0,0,0,0,0,0,0,1,0,0.0,1.0,2,0,6,178582.48000000045,661212.8599999994,0,772.9877333333334,0.0,2205,0,0,0,0,1,0,0,0,0,0,0,0,0.0,1.0,1,0,0,1,0,0,0,0,0,0,0,0,0,0,0,0,0,1,0,0,0,0,1,0,0,0,0,0,0,0,0,0,0,0,0,0,0,0,0,0,1,0,0,0,0,1,0,0,0,0,0,0,0,0,0,0,0,0,0,0,0,0,0,0,1,0,0,0,1,0,0,0,0,0,0,0,0,0,0,0,0,0,0,0,0,0,0,0,1,0,0,0,0,0,0,0,0,0,0,0,0,1.401235019346643,1.0,1.5430921101507156,1.0,0.9885438967321187,1.0,1.654885162385058,1.0,178452.94500000007,662363.5274999999
2,0,6,181032.9000000004,657216.3499999996,0,773.0075666666667,0.0,1295,0,0,0,0,0,1,0,0,0,0,0,0,0.0,1.0,2,0,6,178296.5599999996,659853.6199999992,0,833.00665,0.0,1295,0,0,0,0,0,1,0,0,0,0,0,0,0.0,1.0,2,0,6,177947.29000000004,658711.3100000005,0,833.00675,0.0,1295,0,0,0,0,0,1,0,0,0,0,0,0,0.0,1.0,2,0,6,177956.8700000001,658813.5099999998,0,833.0068,0.0,1295,0,0,0,0,0,1,0,0,0,0,0,0,0.0,1.0,0,0,0,1,0,0,0,0,0,0,0,0,0,0,0,0,0,1,0,0,0,0,1,0,0,0,0,0,0,0,0,0,0,0,0,0,0,0,0,0,1,0,0,0,0,1,0,0,0,0,0,0,0,0,0,0,0,0,0,0,0,0,0,0,1,0,0,0,1,0,0,0,0,0,0,0,0,0,0,0,0,0,0,0,0,0,0,0,1,0,0,2,0,0,0,0,0,0,0,0,0,2.3707308800875113,1.0,1.1730495834009849,1.0,0.773641005901402,1.0,0.7771800391404955,1.0,178808.40500000003,658648.6974999998
2,0,10,177334.5,661514.4299999997,0,0.0,109.75761704861111,785,0,0,0,0,0,0,0,1,0,0,0,0,0.0,1.0,2,0,10,177321.38999999966,661428.4299999997,0,0.0,109.75760541666666,785,0,0,0,0,0,0,0,1,0,0,0,0,0.0,1.0,2,0,10,177366.4400000004,661908.0899999999,0,0.0,106.9915058912037,2205,0,0,0,0,1,0,0,0,0,0,0,0,0.0,1.0,1,5,5,183207.9000000004,670682.8800000008,0,4.235233333333333,0.0,2324,0,0,0,0,1,0,0,0,0,0,0,0,0.37460659341591224,-0.9271838545667873,1,0,0,1,0,0,0,0,0,0,0,0,0,0,0,0,0,1,0,0,0,0,1,0,0,0,0,0,0,0,0,0,0,0,0,0,0,0,0,0,1,0,0,0,0,1,0,0,0,0,0,0,0,0,0,0,0,0,0,0,0,0,0,0,1,0,0,1,0,0,0,0,0,0,0,0,0,0,0,0,0,0,0,1,0,0,0,0,0,0,0,3,0,0,0,0,0,0,0,0,0,0.8622824598614084,1.0,0.8870599294370147,1.0,0.7558039547725974,1.0,2.503424769813568,0.0,238410.0766666668,885177.9433333334
2,0,10,177408.16000000015,662268.3399999999,0,0.0,107.03316743055555,2205,0,0,0,0,1,0,0,0,0,0,0,0,0.0,1.0,1,0,6,180789.41999999995,661429.6300000008,0,0.0,6.885192881944445,1141,0,0,0,0,0,0,1,0,0,0,0,0,0.0,1.0,2,5,5,180403.46,664991.0700000003,0,10.494516666666666,0.0,2205,0,0,0,0,1,0,0,0,0,0,0,0,0.9396926207859083,0.3420201433256688,2,5,5,182860.51999999955,668181.0199999996,0,5.69445,0.0,2205,0,0,0,0,1,0,0,0,0,0,0,0,0.8571673007021123,-0.5150380749100543,1,0,0,1,0,0,0,0,0,0,0,0,0,0,0,0,0,1,0,0,0,0,1,0,0,0,0,0,0,0,0,0,0,0,0,0,0,0,0,0,1,0,0,0,1,0,0,0,0,0,0,0,0,0,0,0,0,0,0,1,0,0,0,0,0,0,0,1,0,0,0,0,0,0,0,0,0,0,0,0,0,0,0,0,0,0,1,0,0,0,0,0,0,0,0,0,0,0,0,0,0,1.5445112221440347,1.0,1.2297180630685565,1.0,0.33773885317046654,1.0,2.04236703307273,1.0,180365.3899999999,664217.5150000001
1,0,10,188285.58999999985,659377.2899999991,0,0.0,122.62013336805556,170,0,0,0,0,0,0,0,0,0,0,1,0,0.0,1.0,2,0,10,190399.8799999999,659472.3200000003,0,0.0,39.745156377314814,1366,0,0,0,0,0,0,0,0,1,0,0,0,0.0,1.0,1,0,10,190015.04000000004,659611.7300000004,0,0.0,31.631580266203702,787,0,0,0,0,0,0,0,0,0,1,0,0,0.0,1.0,1,0,10,189613.1399999997,659628.6600000001,0,0.0,11.728266145833333,738,0,0,0,0,0,0,0,0,0,1,0,0,0.0,1.0,0,0,0,1,0,0,0,0,0,0,0,0,0,0,0,0,0,1,0,0,0,0,1,0,0,0,0,0,0,0,0,0,0,0,0,0,0,0,0,0,1,0,0,0,0,1,0,0,0,0,0,0,0,0,0,0,0,0,0,0,0,0,0,0,1,0,0,0,1,0,0,0,0,0,0,0,0,0,0,0,0,0,0,0,0,0,0,0,1,0,0,0,0,0,0,0,0,0,0,0,0,2.890853737286238,0.0,1.8287907742292921,1.0,0.990285849240492,1.0,0.24819989186182964,1.0,252771.21666666647,879363.3333333334
2,0,10,177334.5,661514.4299999997,0,0.0,103.09094958333333,785,0,0,0,0,0,0,0,1,0,0,0,0,0.0,1.0,2,0,10,177347.7999999998,661625.0600000005,0,0.0,103.09094959490741,785,0,0,0,0,0,0,0,1,0,0,0,0,0.0,1.0,2,0,6,177381.58999999985,662031.7899999991,0,0.0,100.32483851851852,2205,0,0,0,0,1,0,0,0,0,0,0,0,0.0,1.0,2,4,5,180733.2999999998,664331.2300000004,0,6.517416666666667,0.0,1540,0,0,0,0,0,0,0,0,1,0,0,0,0.24192189559966773,0.9702957262759965,1,0,0,1,0,0,0,0,0,0,0,0,0,0,0,0,0,1,0,0,0,0,1,0,0,0,0,0,0,0,0,0,0,0,0,0,0,0,0,0,1,0,0,0,0,1,0,0,0,0,0,0,0,0,0,0,0,0,0,0,0,0,0,0,1,0,0,1,0,0,0,0,0,0,0,0,0,0,0,0,0,0,0,0,0,0,1,0,0,0,0,3,0,0,0,0,0,0,0,0,0,0.9357633047334399,1.0,0.8702936509348808,1.0,0.6801300510864507,1.0,2.454189903026114,1.0,178199.29749999987,662375.6275
2,0,10,177965.59999999963,658892.7699999996,0,0.0,79.96881149305555,1540,0,0,0,0,0,0,0,0,1,0,0,0,0.0,1.0,2,0,8,177956.8700000001,658813.6199999992,0,0.0,79.96879993055556,1540,0,0,0,0,0,0,0,0,1,0,0,0,0.0,1.0,1,0,10,179004.88999999966,658838.9399999995,0,0.0,43.64597582175926,142,1,0,0,0,0,0,0,0,0,0,0,0,0.0,1.0,2,5,6,181502.7000000002,656634.9399999995,0,7.7716666666666665,0.0,1353,0,0,0,0,0,0,0,1,0,0,0,0,-0.6156614753256588,0.7880107536067216,0,0,0,1,0,0,0,0,0,0,0,0,0,0,0,0,0,1,0,0,0,0,1,0,0,0,0,0,0,0,0,0,0,0,0,0,0,0,0,0,1,0,0,0,0,1,0,0,0,0,0,0,0,0,0,0,0,0,0,0,0,0,0,0,1,0,0,1,0,0,0,0,0,0,0,0,0,0,0,0,0,0,0,0,0,0,1,0,0,0,0,2,0,0,0,0,0,0,0,0,0,1.0714281252408848,1.0,1.049159028683923,1.0,0.46009116998612715,1.0,2.4225826172991916,1.0,179107.5149999999,658295.0674999994
2,0,10,186290.9000000004,659876.8599999994,0,0.0,132.5943677777778,790,0,0,0,0,0,0,0,0,0,0,1,0,0.0,1.0,2,0,10,186214.3899999997,659530.0600000005,0,0.0,132.59435605324074,790,0,0,0,0,0,0,0,0,0,0,1,0,0.0,1.0,1,0,7,187286.83999999985,659459.1400000006,0,0.0,1.703499675925926,787,0,0,0,0,0,0,0,0,0,1,0,0,0.0,1.0,20,0,6,187270.0,659512.6500000004,0,0.0,1.703499699074074,787,0,0,0,0,0,0,0,0,0,1,0,0,0.0,1.0,0,0,0,1,0,0,0,0,0,0,0,0,0,0,0,0,0,1,0,0,0,0,1,0,0,0,0,0,0,0,0,0,0,0,0,0,0,0,0,0,1,0,0,0,0,1,0,0,0,0,0,0,0,0,0,0,0,0,0,0,0,0,0,0,1,0,0,0,1,0,0,0,0,0,0,0,0,0,0,0,0,0,0,0,0,0,0,0,1,0,0,2,0,0,0,0,0,0,0,0,0,1.6273240127279411,1.0,1.635391197292101,1.0,1.587416761697617,1.0,1.5062361447566057,1.0,186765.53249999997,659594.6775000002
2,0,10,177408.16000000015,662268.3399999999,0,0.0,106.99150512731481,2205,0,0,0,0,1,0,0,0,0,0,0,0,0.0,1.0,1,0,6,180789.41999999995,661429.6300000008,0,0.0,6.843530590277778,1141,0,0,0,0,0,0,1,0,0,0,0,0,0.0,1.0,2,5,5,181402.6399999997,661897.0500000007,0,16.617383333333333,0.0,2324,0,0,0,0,1,0,0,0,0,0,0,0,-0.6819983600624984,-0.7313537016191706,2,5,5,181679.6900000004,669822.3699999992,0,1.6173833333333334,0.0,2324,0,0,0,0,1,0,0,0,0,0,0,0,-0.9743700647852352,0.22495105434386492,1,0,0,1,0,0,0,0,0,0,0,0,0,0,0,0,0,1,0,0,0,0,1,0,0,0,0,0,0,0,0,0,0,0,0,0,0,0,0,0,1,0,0,0,1,0,0,0,0,0,0,0,0,0,0,0,0,0,0,0,1,0,0,0,0,0,0,1,0,0,0,0,0,0,0,0,0,0,0,0,0,0,0,0,0,0,1,0,0,0,0,0,0,0,0,0,0,0,0,0,0,1.2826437829922595,1.0,0.9553840566186046,1.0,0.8652645269028235,1.0,2.367802670499696,1.0,180319.97750000004,663854.3475000001
2,0,10,179193.58000000007,662978.9499999993,0,0.0,158.83710583333334,1141,0,0,0,0,0,0,1,0,0,0,0,0,0.0,1.0,2,0,10,179100.08999999985,663100.0700000003,0,0.0,158.8371058449074,1141,0,0,0,0,0,0,1,0,0,0,0,0,0.0,1.0,2,0,6,177395.46999999974,662145.5199999996,0,0.0,100.99151563657408,2205,0,0,0,0,1,0,0,0,0,0,0,0,0.0,1.0,17,0,10,178733.74000000022,662995.6600000001,0,0.0,71.48477946759259,790,0,0,0,0,0,0,0,0,0,0,1,0,0.0,1.0,1,0,0,1,0,0,0,0,0,0,0,0,0,0,0,0,0,1,0,0,0,0,1,0,0,0,0,0,0,0,0,0,0,0,0,0,0,0,0,0,1,0,0,0,0,1,0,0,0,0,0,0,0,0,0,0,0,0,0,0,0,0,0,0,1,0,0,0,1,0,0,0,0,0,0,0,0,0,0,0,0,0,0,0,0,0,0,0,1,0,0,0,0,0,0,0,0,0,0,0,0,1.1114294886633869,1.0,1.0437418713932223,1.0,2.4988052748577068,1.0,0.41627914605648475,1.0,178605.71999999997,662805.0499999998
2,0,10,178672.3799999999,665806.7899999991,0,0.0,55.786811863425925,1540,0,0,0,0,0,0,0,0,1,0,0,0,0.0,1.0,2,0,10,178578.91999999993,665596.5600000005,0,0.0,55.786811863425925,1540,0,0,0,0,0,0,0,0,1,0,0,0,0.0,1.0,1,0,6,176901.25999999978,661672.7599999998,0,893.0390333333334,0.0,790,0,0,0,0,0,0,0,0,0,0,1,0,0.0,1.0,2,4,6,180202.7999999998,665252.4199999999,0,3.6056166666666667,0.0,1000,0,0,0,0,0,1,0,0,0,0,0,0,0.13917310096006544,0.9902680687415704,1,0,0,1,0,0,0,0,0,0,0,0,0,0,0,0,0,1,0,0,0,0,1,0,0,0,0,0,0,0,0,0,0,0,0,0,0,0,0,0,1,0,0,0,0,1,0,0,0,0,0,0,0,0,0,0,0,0,0,0,0,0,0,0,1,0,0,1,0,0,0,0,0,0,0,0,0,0,0,0,0,0,0,0,0,0,1,0,0,0,0,2,0,0,0,0,0,0,0,0,0,0.8584953469894663,1.0,0.7095074710975441,1.0,2.3522966160299585,1.0,1.2222513727946964,1.0,178588.83999999985,664582.1324999998
2,0,6,177381.58999999985,662031.7899999991,0,0.0,100.11649746527777,2205,0,0,0,0,1,0,0,0,0,0,0,0,0.0,1.0,17,0,10,178540.1799999997,663026.1099999994,0,0.0,70.60978450231481,790,0,0,0,0,0,0,0,0,0,0,1,0,0.0,1.0,1,0,10,180749.91999999995,661572.5,0,0.0,24.989379409722222,1141,0,0,0,0,0,0,1,0,0,0,0,0,0.0,1.0,2,0,10,180244.75,664183.7100000009,0,0.0,9.703453483796297,787,0,0,0,0,0,0,0,0,0,1,0,0,0.0,1.0,1,0,0,1,0,0,0,0,0,0,0,0,0,0,0,0,0,1,0,0,0,0,1,0,0,0,0,0,0,0,0,0,0,0,0,0,0,0,0,0,1,0,0,0,0,1,0,0,0,0,0,0,0,0,0,0,0,0,0,0,0,0,0,0,1,0,0,0,1,0,0,0,0,0,0,0,0,0,0,0,0,0,0,0,0,0,0,0,1,0,0,0,0,0,0,0,0,0,0,0,0,1.6746109443371286,1.0,0.6480142570380834,1.0,1.6144968312119519,1.0,1.5291775454557879,1.0,179229.10999999987,662703.5274999999
1,0,10,188285.58999999985,659377.2899999991,0,0.0,124.03679842592592,170,0,0,0,0,0,0,0,0,0,0,1,0,0.0,1.0,1,0,10,190015.04000000004,659611.7300000004,0,0.0,33.048245289351854,787,0,0,0,0,0,0,0,0,0,1,0,0,0.0,1.0,1,0,10,189613.1399999997,659628.6600000001,0,0.0,13.144932962962963,738,0,0,0,0,0,0,0,0,0,1,0,0,0.0,1.0,1,0,6,190137.86000000036,659584.3200000003,0,0.0,1.9273519907407408,134,0,0,0,0,0,0,0,0,0,0,0,1,0.0,1.0,0,0,0,1,0,0,0,0,0,0,0,0,0,0,0,0,0,1,0,0,0,0,1,0,0,0,0,0,0,0,0,0,0,0,0,0,0,0,0,0,1,0,0,0,0,1,0,0,0,0,0,0,0,0,0,0,0,0,0,0,0,0,0,0,1,0,0,0,1,0,0,0,0,0,0,0,0,0,0,0,0,0,0,0,0,0,0,0,1,0,0,0,0,0,0,0,0,0,0,0,0,2.9654990615218204,0.0,1.2102686066431003,1.0,0.3041018793783966,1.0,1.49740878594712,1.0,252683.87666666662,879400.6666666666
2,5,5,188391.83999999985,667298.6899999995,0,25.46625,0.0,1540,0,0,0,0,0,0,0,0,1,0,0,0,0.9743700647852352,-0.2249510543438648,2,5,5,187586.16999999995,666814.2599999998,0,23.466516666666667,0.0,1540,0,0,0,0,0,0,0,0,1,0,0,0,0.13917310096006544,0.9902680687415704,1,5,5,187377.8200000003,666660.7899999991,0,16.033016666666665,0.0,1540,0,0,0,0,0,0,0,0,1,0,0,0,-0.10452846326765305,-0.9945218953682734,2,5,5,188628.6500000004,666074.0999999996,0,2.5664666666666665,0.0,1540,0,0,0,0,0,0,0,0,1,0,0,0,0.37460659341591224,-0.9271838545667873,0,0,1,0,0,0,0,0,0,0,0,0,0,0,0,1,0,0,0,0,0,1,0,0,0,0,0,0,0,0,0,0,0,0,0,0,0,0,1,0,0,0,0,0,1,0,0,0,0,0,0,0,0,0,0,0,0,0,0,0,0,0,1,0,0,0,0,1,0,0,0,0,0,0,0,0,0,0,0,0,0,0,0,1,0,0,0,0,0,0,0,0,0,0,0,0,0,0,0,0,0,1.4695277649521288,1.0,0.8773526114933481,1.0,1.2882701630575097,1.0,1.8653116550277549,1.0,187996.1200000001,666711.9599999995
1,0,10,188285.58999999985,659377.2899999991,0,0.0,158.79939170138888,738,0,0,0,0,0,0,0,0,0,1,0,0,0.0,1.0,1,0,10,188285.58999999985,659377.2899999991,0,0.0,123.74513292824074,170,0,0,0,0,0,0,0,0,0,0,1,0,0.0,1.0,2,0,10,190399.8799999999,659472.3200000003,0,0.0,40.87015592592593,1366,0,0,0,0,0,0,0,0,1,0,0,0,0.0,1.0,1,0,9,189608.8799999999,659721.5999999996,0,0.0,12.811590763888889,738,0,0,0,0,0,0,0,0,0,1,0,0,0.0,1.0,0,0,0,1,0,0,0,0,0,0,0,0,0,0,0,0,0,1,0,0,0,0,1,0,0,0,0,0,0,0,0,0,0,0,0,0,0,0,0,0,1,0,0,0,0,1,0,0,0,0,0,0,0,0,0,0,0,0,0,0,0,0,0,0,1,0,0,0,1,0,0,0,0,0,0,0,0,0,0,0,0,0,0,0,0,0,0,0,1,0,0,2,0,0,0,0,0,0,0,0,0,1.6588254032856569,1.0,1.6588254032856569,1.0,2.402853052522164,1.0,0.9952080178830626,1.0,189144.98499999987,659487.1249999995
2,0,10,191283.08999999985,675529.3599999994,0,0.0,8.096787939814815,1295,0,0,0,0,0,1,0,0,0,0,0,0,0.0,1.0,2,0,6,191370.46,675506.0700000003,0,0.0,8.096788472222222,1295,0,0,0,0,0,1,0,0,0,0,0,0,0.0,1.0,2,0,6,191484.1399999997,675480.1400000006,0,952.9919333333333,0.0,790,0,0,0,0,0,0,0,0,0,0,1,0,0.0,1.0,2,0,6,191566.1299999999,675454.4299999997,0,952.9921333333333,0.0,790,0,0,0,0,0,0,0,0,0,0,1,0,0.0,1.0,0,0,0,1,0,0,0,0,0,0,0,0,0,0,0,0,0,1,0,0,0,0,1,0,0,0,0,0,0,0,0,0,0,0,0,0,0,0,0,0,1,0,0,0,0,1,0,0,0,0,0,0,0,0,0,0,0,0,0,0,0,0,0,0,1,0,0,0,1,0,0,0,0,0,0,0,0,0,0,0,0,0,0,0,0,0,0,0,1,0,0,4,0,0,0,0,0,0,0,0,0,2.1715521847731427,1.0,0.8408427413963406,1.0,0.8754784498743632,1.0,2.1378373350746482,1.0,191425.95499999984,675492.5
1,0,10,188299.2199999997,659292.9600000009,0,0.0,158.63272582175927,738,0,0,0,0,0,0,0,0,0,1,0,0,0.0,1.0,1,0,10,188271.1200000001,659466.2799999993,0,0.0,158.63120931712962,738,0,0,0,0,0,0,0,0,0,1,0,0,0.0,1.0,1,0,10,189613.1399999997,659628.6600000001,0,0.0,12.644935787037037,738,0,0,0,0,0,0,0,0,0,1,0,0,0.0,1.0,1,0,6,190137.86000000036,659584.3200000003,0,0.0,1.4273549074074074,134,0,0,0,0,0,0,0,0,0,0,0,1,0.0,1.0,0,0,0,1,0,0,0,0,0,0,0,0,0,0,0,0,0,1,0,0,0,0,1,0,0,0,0,0,0,0,0,0,0,0,0,0,0,0,0,0,1,0,0,0,0,1,0,0,0,0,0,0,0,0,0,0,0,0,0,0,0,0,0,0,1,0,0,0,1,0,0,0,0,0,0,0,0,0,0,0,0,0,0,0,0,0,0,0,1,0,0,2,0,0,0,0,0,0,0,0,0,1.7039044448960634,1.0,1.710922777490035,1.0,1.161786491826486,1.0,2.2430078802138183,1.0,189080.33499999996,659493.0550000002
2,0,10,180636.83000000007,664833.2699999996,0,0.0,58.24514435185185,2205,0,0,0,0,1,0,0,0,0,0,0,0,0.0,1.0,2,0,10,178618.1799999997,665686.4600000009,0,0.0,55.953477719907404,1540,0,0,0,0,0,0,0,0,1,0,0,0,0.0,1.0,2,5,6,179963.4400000004,666027.0199999996,0,32.507866666666665,0.0,785,0,0,0,0,0,0,0,1,0,0,0,0,-0.10452846326765305,-0.9945218953682734,2,5,6,180554.23000000045,668667.25,0,12.174516666666667,0.0,785,0,0,0,0,0,0,0,1,0,0,0,0,0.13917310096006544,0.9902680687415704,1,0,0,1,0,0,0,0,0,0,0,0,0,0,0,0,0,1,0,0,0,0,1,0,0,0,0,0,0,0,0,0,0,0,0,0,0,0,0,0,1,0,0,0,1,0,0,0,0,0,0,0,0,0,0,0,0,0,0,0,0,0,1,0,0,0,0,1,0,0,0,0,0,0,0,0,0,0,0,0,0,0,0,1,0,0,0,0,0,0,0,0,0,0,0,0,0,0,0,0,0,1.4513608274461975,1.0,1.3049173585811142,1.0,0.2475004011445541,1.0,2.17970178082576,1.0,179943.17000000016,666303.5
2,0,10,177437.83000000007,662499.7699999996,0,0.0,100.11649809027777,2205,0,0,0,0,1,0,0,0,0,0,0,0,0.0,1.0,2,0,10,179116.7000000002,665979.1099999994,0,0.0,96.01103511574074,1000,0,0,0,0,0,1,0,0,0,0,0,0,0.0,1.0,2,0,6,180344.96,664164.5899999999,0,0.0,9.703454131944444,787,0,0,0,0,0,0,0,0,0,1,0,0,0.0,1.0,1,5,5,178832.08000000007,662601.8399999999,0,1.3239,0.0,1000,0,0,0,0,0,1,0,0,0,0,0,0,0.35836794954530027,0.9335804264972017,1,0,0,1,0,0,0,0,0,0,0,0,0,0,0,0,0,1,0,0,0,0,1,0,0,0,0,0,0,0,0,0,0,0,0,0,0,0,0,0,1,0,0,0,0,1,0,0,0,0,0,0,0,0,0,0,0,0,0,0,0,0,0,0,1,0,0,1,0,0,0,0,0,0,0,0,0,0,0,0,0,0,0,0,1,0,0,0,0,0,0,0,0,0,0,0,0,0,0,0,0,1.6245748838018974,1.0,1.7771173006797796,1.0,1.1890018065111372,1.0,0.9914015568338048,1.0,178932.89250000007,663811.3274999997
2,5,5,187463.2199999997,665897.0899999999,0,21.390966666666667,0.0,649,0,0,0,0,0,0,1,0,0,0,0,0,0.913545457642601,-0.4067366430758001,2,5,6,187480.59999999963,665901.7899999991,0,20.841116666666668,0.0,649,0,0,0,0,0,0,1,0,0,0,0,0,0.9902680687415704,-0.13917310096006535,2,5,8,186480.0,666784.7300000004,0,14.8084,0.0,649,0,0,0,0,0,0,1,0,0,0,0,0,-0.601815023152048,-0.798635510047293,2,5,5,187665.01999999955,667305.5399999991,0,13.074983333333334,0.0,649,0,0,0,0,0,0,1,0,0,0,0,0,0.9271838545667874,0.37460659341591196,0,0,1,0,0,0,0,0,0,0,0,0,0,0,0,0,1,0,0,0,0,1,0,0,0,0,0,0,0,0,0,0,0,0,0,1,0,0,0,0,0,0,0,0,0,0,1,0,0,0,0,1,0,0,0,0,0,0,0,0,0,0,0,0,0,0,0,1,0,0,0,0,0,0,0,0,0,0,0,0,0,0,0,0,0,0,1,0,0,0,0,0,0,0,0,0,0,0,0,0,0,1.1372404764994244,1.0,1.1396477897132593,1.0,1.5979160853014556,1.0,1.7285179983556564,1.0,187272.20999999973,666472.2874999996
2,0,10,179055.76999999955,663114.8699999992,0,0.0,156.32204256944445,1141,0,0,0,0,0,0,1,0,0,0,0,0,0.0,1.0,2,0,10,179182.24000000022,665961.1099999994,0,0.0,57.32230869212963,1141,0,0,0,0,0,0,1,0,0,0,0,0,0.0,1.0,2,0,10,178678.98000000045,665826.8399999999,0,0.0,56.16181098379629,1540,0,0,0,0,0,0,0,0,1,0,0,0,0.0,1.0,1,0,6,180789.41999999995,661429.6300000008,0,434.67445,0.0,1141,0,0,0,0,0,0,1,0,0,0,0,0,0.0,1.0,1,0,0,1,0,0,0,0,0,0,0,0,0,0,0,0,0,1,0,0,0,0,1,0,0,0,0,0,0,0,0,0,0,0,0,0,0,0,0,0,1,0,0,0,0,1,0,0,0,0,0,0,0,0,0,0,0,0,0,0,0,0,0,0,1,0,0,0,1,0,0,0,0,0,0,0,0,0,0,0,0,0,0,0,0,0,0,0,1,0,0,0,0,0,0,0,0,0,0,0,0,0.7637028701158511,1.0,1.394950630643197,1.0,1.3974642631773166,1.0,2.197203052407167,1.0,179426.60250000004,664083.1124999998
2,0,10,179116.7000000002,665979.1099999994,0,0.0,57.57926416666667,1141,0,0,0,0,0,0,1,0,0,0,0,0,0.0,1.0,2,0,6,180321.3200000003,662385.4100000001,0,603.05705,0.0,1540,0,0,0,0,0,0,0,0,1,0,0,0,0.0,1.0,2,0,6,180398.11000000036,662389.0,0,603.05705,0.0,1540,0,0,0,0,0,0,0,0,1,0,0,0,0.0,1.0,1,0,6,178212.4500000002,664417.0500000007,0,483.05705,0.0,738,0,0,0,0,0,0,0,0,0,1,0,0,0.0,1.0,1,0,0,1,0,0,0,0,0,0,0,0,0,0,0,0,0,1,0,0,0,0,1,0,0,0,0,0,0,0,0,0,0,0,0,0,0,0,0,0,1,0,0,0,0,1,0,0,0,0,0,0,0,0,0,0,0,0,0,0,0,0,0,0,1,0,0,0,1,0,0,0,0,0,0,0,0,0,0,0,0,0,0,0,0,0,0,0,1,0,0,2,0,0,0,0,0,0,0,0,0,1.8391103491122338,1.0,1.3436042033457734,1.0,1.373876866565501,1.0,1.1934722271159808,1.0,179512.14500000025,663792.6425000001
2,0,6,175876.00999999978,658912.0899999999,0,0.0,2.3701652314814816,1540,0,0,0,0,0,0,0,0,1,0,0,0,0.0,1.0,2,0,8,175870.9400000004,659360.8900000006,0,0.0,2.370165497685185,1540,0,0,0,0,0,0,0,0,1,0,0,0,0.0,1.0,2,0,6,176768.33000000007,658079.6799999997,0,0.0,2.3701655324074076,1540,0,0,0,0,0,0,0,0,1,0,0,0,0.0,1.0,2,0,6,176533.04000000004,658207.4299999997,0,893.0047666666667,0.0,1295,0,0,0,0,0,1,0,0,0,0,0,0,0.0,1.0,0,0,0,1,0,0,0,0,0,0,0,0,0,0,0,0,0,1,0,0,0,0,1,0,0,0,0,0,0,0,0,0,0,0,0,0,0,0,0,0,1,0,0,0,0,1,0,0,0,0,0,0,0,0,0,0,0,0,0,0,0,0,0,0,1,0,0,0,1,0,0,0,0,0,0,0,0,0,0,0,0,0,0,0,0,0,0,0,1,0,0,2,2,0,0,0,0,0,0,0,0,1.0261064910627196,1.0,1.7818149284793843,1.0,1.6406367046941162,1.0,1.108973841163633,1.0,176262.08000000007,658640.0225
1,0,10,179748.33000000007,666135.5099999998,0,0.0,189.12016356481482,395,0,0,0,1,0,0,0,0,0,0,0,0,0.0,1.0,1,0,10,180468.24000000025,661860.9900000002,0,0.0,18.82280244212963,649,0,0,0,0,0,0,1,0,0,0,0,0,0.0,1.0,2,5,5,178837.3200000003,666919.9800000004,0,15.602183333333333,0.0,2324,0,0,0,0,1,0,0,0,0,0,0,0,-0.2923717047227364,-0.9563047559630355,2,5,6,180647.7999999998,667487.3300000001,0,8.868833333333333,0.0,2324,0,0,0,0,1,0,0,0,0,0,0,0,0.20791169081775931,-0.9781476007338057,1,0,0,1,0,0,0,0,0,0,0,0,0,0,0,0,0,1,0,0,0,0,1,0,0,0,0,0,0,0,0,0,0,0,0,0,0,0,0,0,1,0,0,0,1,0,0,0,0,0,0,0,0,0,0,0,0,0,0,0,0,0,1,0,0,0,0,1,0,0,0,0,0,0,0,0,0,0,0,0,0,0,0,0,0,0,1,0,0,0,0,0,0,0,0,0,0,0,0,0,0,0.38508682941001,1.0,2.5843145979189246,0.0,1.1692979614425119,1.0,1.3813211711186253,1.0,239900.56333333347,887467.9366666669
6,5,10,188960.6200000001,692257.6799999997,0,37.49863333333333,0.0,1540,0,0,0,0,0,0,0,0,1,0,0,0,-0.9961946980917455,0.08715574274765789,2,5,5,187468.41999999995,688279.5399999991,0,18.915316666666666,0.0,1540,0,0,0,0,0,0,0,0,1,0,0,0,-0.9993908270190958,0.03489949670250128,2,5,5,188494.2199999997,690400.6699999999,0,14.498716666666667,0.0,1540,0,0,0,0,0,0,0,0,1,0,0,0,-0.9993908270190958,0.03489949670250128,6,5,6,188565.3700000001,692304.0899999999,0,2.5824,0.0,1540,0,0,0,0,0,0,0,0,1,0,0,0,-0.9945218953682734,0.10452846326765299,0,0,1,0,0,0,0,0,0,0,0,0,0,1,0,0,0,0,0,0,0,1,0,0,0,0,0,0,0,0,0,0,0,0,0,0,1,0,0,0,0,0,0,0,1,0,0,0,0,0,0,0,0,0,0,0,0,0,0,0,1,0,0,0,0,0,1,0,0,0,0,0,1,0,0,0,0,0,0,0,0,0,0,0,0,0,0,0,0,0,0,2,0,0,0,0,0,0,0,0,0,1.4190263539404635,1.0,2.441081485229507,1.0,0.38841287244549766,1.0,1.3679676528767875,1.0,188372.15749999997,690810.4949999996
2,0,6,181445.04000000004,668673.0800000001,0,963.0240833333334,0.0,1295,0,0,0,0,0,1,0,0,0,0,0,0,0.0,1.0,2,0,6,181445.04000000004,668673.0800000001,0,963.0240833333334,0.0,1295,0,0,0,0,0,1,0,0,0,0,0,0,0.0,1.0,2,0,6,179752.41999999993,662874.1500000004,0,723.0240833333334,0.0,785,0,0,0,0,0,0,0,1,0,0,0,0,0.0,1.0,2,0,6,179752.41999999993,662874.1500000004,0,723.0240833333334,0.0,785,0,0,0,0,0,0,0,1,0,0,0,0,0.0,1.0,1,0,0,1,0,0,0,0,0,0,0,0,0,0,0,0,0,1,0,0,0,0,1,0,0,0,0,0,0,0,0,0,0,0,0,0,0,0,0,0,1,0,0,0,0,1,0,0,0,0,0,0,0,0,0,0,0,0,0,0,0,0,0,0,1,0,0,0,1,0,0,0,0,0,0,0,0,0,0,0,0,0,0,0,0,0,0,0,1,0,0,2,2,0,0,0,0,0,0,0,0,1.6127254098672217,1.0,1.6127254098672217,1.0,1.6127254098672217,1.0,1.6127254098672217,1.0,180598.72999999998,665773.6150000002
1,0,6,182583.49000000025,675756.6799999997,0,1012.9594166666667,0.0,170,0,0,0,0,0,0,0,0,0,0,1,0,0.0,1.0,1,0,6,182532.8899999997,675666.3800000008,0,1012.9596333333334,0.0,170,0,0,0,0,0,0,0,0,0,0,1,0,0.0,1.0,1,0,6,182643.86000000036,675915.1400000006,0,1012.95975,0.0,170,0,0,0,0,0,0,0,0,0,0,1,0,0.0,1.0,2,5,6,186207.8099999996,676163.1300000008,0,30.574733333333334,0.0,1141,0,0,0,0,0,0,1,0,0,0,0,0,-0.20791169081775907,-0.9781476007338057,0,0,0,1,0,0,0,0,0,0,0,0,0,0,0,0,0,1,0,0,0,0,1,0,0,0,0,0,0,0,0,0,0,0,0,0,0,0,0,0,1,0,0,0,0,1,0,0,0,0,0,0,0,0,0,0,0,0,0,0,0,0,0,0,1,0,0,1,0,0,0,0,0,0,0,0,0,0,0,0,0,0,0,1,0,0,0,0,0,0,0,3,0,0,0,0,0,0,0,0,0,1.042972747346735,1.0,1.1173983746946603,1.0,0.966532710035586,1.0,3.108759679136658,0.0,244656.01666666663,901167.1100000007
1,0,10,186162.73000000045,664161.8900000006,0,0.0,5.470103472222222,790,0,0,0,0,0,0,0,0,0,0,1,0,0.0,1.0,2,5,6,185984.25999999975,663900.1899999995,0,42.4826,0.0,2324,0,0,0,0,1,0,0,0,0,0,0,0,0.12186934340514748,0.992546151641322,2,5,5,185999.5700000003,663988.6199999992,0,7.64925,0.0,2324,0,0,0,0,1,0,0,0,0,0,0,0,0.17364817766693033,0.984807753012208,2,5,5,186041.7999999998,664515.0899999999,0,3.26615,0.0,2324,0,0,0,0,1,0,0,0,0,0,0,0,-0.8829475928589271,0.4694715627858904,0,0,0,1,0,0,0,0,0,0,0,0,0,0,0,0,0,1,0,0,0,1,0,0,0,0,0,0,0,0,0,0,0,0,0,0,0,0,1,0,0,0,0,0,1,0,0,0,0,0,0,0,0,0,0,0,0,0,0,0,0,0,1,0,0,0,0,1,0,0,0,0,0,0,0,0,0,0,0,0,0,0,0,0,0,0,1,0,0,0,0,3,0,0,0,0,0,0,0,0,0,0.769101589870277,1.0,1.6327659416304834,1.0,1.0481795208117455,1.0,2.447334931174349,1.0,186047.09000000008,664141.4474999998
2,0,6,180895.16000000012,657649.0199999996,0,963.0245,0.0,1295,0,0,0,0,0,1,0,0,0,0,0,0,0.0,1.0,2,0,6,180895.16000000012,657649.0199999996,0,963.0245,0.0,1295,0,0,0,0,0,1,0,0,0,0,0,0,0.0,1.0,2,0,6,180895.16000000012,657649.0199999996,0,963.0245,0.0,1295,0,0,0,0,0,1,0,0,0,0,0,0,0.0,1.0,2,0,6,180895.16000000012,657649.0199999996,0,963.0245,0.0,1295,0,0,0,0,0,1,0,0,0,0,0,0,0.0,1.0,0,0,0,1,0,0,0,0,0,0,0,0,0,0,0,0,0,1,0,0,0,0,1,0,0,0,0,0,0,0,0,0,0,0,0,0,0,0,0,0,1,0,0,0,0,1,0,0,0,0,0,0,0,0,0,0,0,0,0,0,0,0,0,0,1,0,0,0,1,0,0,0,0,0,0,0,0,0,0,0,0,0,0,0,0,0,0,0,1,0,0,4,0,0,0,0,0,0,0,0,0,0.0,1.0,0.0,1.0,0.0,1.0,0.0,1.0,180895.16000000012,657649.0199999996
2,0,10,178618.1799999997,665686.4600000009,0,0.0,54.078478715277775,1540,0,0,0,0,0,0,0,0,1,0,0,0,0.0,1.0,1,0,6,179719.23000000045,665936.1300000008,0,0.0,11.03683519675926,1366,0,0,0,0,0,0,0,0,1,0,0,0,0.0,1.0,2,5,5,181311.9699999997,663459.0899999999,0,11.725966666666666,0.0,1366,0,0,0,0,0,0,0,0,1,0,0,0,0.8480480961564261,-0.5299192642332048,2,5,7,180732.7199999997,665567.4600000009,0,4.526,0.0,1366,0,0,0,0,0,0,0,0,1,0,0,0,-0.9848077530122081,0.17364817766692997,1,0,0,1,0,0,0,0,0,0,0,0,0,0,0,0,0,1,0,0,0,0,1,0,0,0,0,0,0,0,0,0,0,0,0,0,0,0,0,0,1,0,0,0,1,0,0,0,0,0,0,0,0,0,0,0,0,0,0,1,0,0,0,0,0,0,0,0,0,1,0,0,0,0,1,0,0,0,0,0,0,0,0,0,0,0,0,0,0,0,0,0,0,0,0,0,0,0,0,0,0,1.5534422531916923,1.0,0.8527240745846603,1.0,2.07411447031198,1.0,0.7482951882193661,1.0,180095.5249999999,665162.2850000006
1,0,10,185945.34999999963,672815.7400000002,0,0.0,33.04720428240741,2324,0,0,0,0,1,0,0,0,0,0,0,0,0.0,1.0,1,0,6,185909.0499999998,672709.9700000007,0,0.0,33.130534050925924,2324,0,0,0,0,1,0,0,0,0,0,0,0,0.0,1.0,2,5,5,183249.59999999963,672110.5700000003,0,19.04095,0.0,2205,0,0,0,0,1,0,0,0,0,0,0,0,-0.7431448254773946,0.6691306063588578,2,5,5,182499.2999999998,672494.0999999996,0,14.991016666666667,0.0,2205,0,0,0,0,1,0,0,0,0,0,0,0,0.9205048534524404,-0.3907311284892736,0,0,0,1,0,0,0,0,0,0,0,0,0,0,0,0,0,1,0,0,0,0,1,0,0,0,0,0,0,0,0,0,0,0,0,0,0,0,0,0,1,0,0,0,1,0,0,0,0,0,0,0,0,0,0,0,0,0,0,0,0,0,1,0,0,0,0,1,0,0,0,0,0,0,0,0,0,0,0,0,0,0,0,0,0,0,1,0,0,0,0,0,0,0,0,0,0,0,0,0,0,1.7263883917629403,1.0,1.6696090314241796,1.0,1.348051946527573,1.0,2.0910137507271696,1.0,184400.82499999972,672532.5950000002
2,0,10,179225.83999999985,663041.8200000003,0,0.0,127.16181546296296,785,0,0,0,0,0,0,0,1,0,0,0,0,0.0,1.0,2,0,10,178909.51999999955,666038.7699999996,0,0.0,96.26105164351851,1000,0,0,0,0,0,1,0,0,0,0,0,0,0.0,1.0,1,0,10,180770.2999999998,661493.5800000001,0,0.0,25.23939653935185,1141,0,0,0,0,0,0,1,0,0,0,0,0,0.0,1.0,2,5,6,179484.48000000045,661810.5999999996,0,14.3976,0.0,1366,0,0,0,0,0,0,0,0,1,0,0,0,-0.13917310096006552,-0.9902680687415703,1,0,0,1,0,0,0,0,0,0,0,0,0,0,0,0,0,1,0,0,0,0,1,0,0,0,0,0,0,0,0,0,0,0,0,0,0,0,0,0,1,0,0,0,0,1,0,0,0,0,0,0,0,0,0,0,0,0,0,0,0,0,0,0,1,0,0,1,0,0,0,0,0,0,0,0,0,0,0,0,0,0,0,0,1,0,0,0,0,0,0,0,0,0,0,0,0,0,0,0,0,0.3003184120079521,1.0,2.415925754956931,1.0,1.587639889610515,1.0,1.0317483394969849,1.0,179597.53499999992,663096.1924999999
2,5,5,182090.9500000002,663670.8300000001,0,22.963866666666668,0.0,2324,0,0,0,0,1,0,0,0,0,0,0,0,-0.29237170472273627,0.9563047559630357,2,5,5,181521.6500000004,664207.5999999996,0,18.213233333333335,0.0,2324,0,0,0,0,1,0,0,0,0,0,0,0,-0.8480480961564261,0.5299192642332047,2,5,6,182291.01999999955,664777.3399999999,0,7.046783333333333,0.0,2324,0,0,0,0,1,0,0,0,0,0,0,0,-0.9998476951563913,-0.017452406437283498,1,5,5,181339.21,665162.1799999997,0,3.7965333333333335,0.0,2324,0,0,0,0,1,0,0,0,0,0,0,0,0.5150380749100542,0.8571673007021123,0,0,1,0,0,0,0,0,0,0,0,0,0,0,0,0,1,0,0,0,0,1,0,0,0,0,0,0,0,0,0,0,0,0,0,0,1,0,0,0,0,0,0,0,1,0,0,0,0,0,0,0,0,0,0,0,0,0,0,0,0,0,1,0,0,0,0,1,0,0,0,0,0,0,0,0,0,0,0,0,0,0,0,0,0,0,1,0,0,0,0,0,0,0,0,0,0,0,0,0,0,1.7377522734013853,1.0,0.7937337677911063,1.0,1.2083949712708084,1.0,1.7755796575259037,1.0,181810.70750000002,664454.4874999998
2,0,10,178747.04000000004,666085.1899999995,0,0.0,96.60131288194444,1000,0,0,0,0,0,1,0,0,0,0,0,0,0.0,1.0,2,0,10,178578.91999999993,665596.5600000005,0,0.0,56.41876655092592,1540,0,0,0,0,0,0,0,0,1,0,0,0,0.0,1.0,2,0,10,178578.91999999993,665596.5600000005,0,0.0,56.41876655092592,1540,0,0,0,0,0,0,0,0,1,0,0,0,0.0,1.0,2,5,5,179038.88999999966,665666.2400000002,0,30.807166666666667,0.0,235,1,0,0,0,0,0,0,0,0,0,0,0,0.0,1.0,1,0,0,1,0,0,0,0,0,0,0,0,0,0,0,0,0,1,0,0,0,0,1,0,0,0,0,0,0,0,0,0,0,0,0,0,0,0,0,0,1,0,0,0,0,1,0,0,0,0,0,0,0,0,0,0,0,0,0,0,0,0,0,0,1,0,0,0,1,0,0,0,0,0,0,0,0,0,0,0,0,0,0,0,0,0,0,1,0,0,0,2,0,0,0,0,0,0,0,0,0,1.7844446749897618,1.0,1.0734924666707122,1.0,1.0734924666707122,1.0,1.588629947735653,1.0,178735.9424999999,665736.1375000002
1,5,8,186362.6299999999,665005.6899999995,0,24.616733333333332,0.0,2324,0,0,0,0,1,0,0,0,0,0,0,0,-0.22495105434386498,-0.9743700647852352,2,5,5,186121.09999999963,664942.6099999994,0,11.800333333333333,0.0,2324,0,0,0,0,1,0,0,0,0,0,0,0,-0.9876883405951378,0.15643446504023067,2,5,5,186103.9299999997,664945.8900000006,0,9.833733333333333,0.0,2324,0,0,0,0,1,0,0,0,0,0,0,0,-0.9848077530122081,0.17364817766692997,2,5,5,185606.91999999995,664806.6099999994,0,4.750616666666667,0.0,2324,0,0,0,0,1,0,0,0,0,0,0,0,-0.848048096156426,-0.529919264233205,0,0,1,0,0,0,0,0,0,0,0,0,0,1,0,0,0,0,0,0,0,1,0,0,0,0,0,0,0,0,0,0,0,0,0,0,0,0,1,0,0,0,0,0,1,0,0,0,0,0,0,0,0,0,0,0,0,0,0,0,0,0,1,0,0,0,0,1,0,0,0,0,0,0,0,0,0,0,0,0,0,0,0,0,0,0,1,0,0,0,0,2,0,0,0,0,0,0,0,0,0,1.8644356947326193,1.0,0.4286228408697207,1.0,0.3395381765915563,1.0,2.6307691351782494,0.0,248064.85999999972,886566.933333333
2,0,10,177408.16000000015,662268.3399999999,0,0.0,100.57483144675926,2205,0,0,0,0,1,0,0,0,0,0,0,0,0.0,1.0,2,0,10,178747.04000000004,666085.1899999995,0,0.0,56.286810601851855,1540,0,0,0,0,0,0,0,0,1,0,0,0,0.0,1.0,1,0,6,179674.59999999963,663477.4800000004,0,832.9906,0.0,2205,0,0,0,0,1,0,0,0,0,0,0,0,0.0,1.0,1,0,6,180789.41999999995,661429.6300000008,0,614.6739333333334,0.0,1141,0,0,0,0,0,0,1,0,0,0,0,0,0.0,1.0,1,0,0,1,0,0,0,0,0,0,0,0,0,0,0,0,0,1,0,0,0,0,1,0,0,0,0,0,0,0,0,0,0,0,0,0,0,0,0,0,1,0,0,0,0,1,0,0,0,0,0,0,0,0,0,0,0,0,0,0,0,0,0,0,1,0,0,0,1,0,0,0,0,0,0,0,0,0,0,0,0,0,0,0,0,0,0,0,1,0,0,0,0,0,0,0,0,0,0,0,0,1.3584308705467885,1.0,1.8678032809014404,1.0,0.36326966253635895,1.0,1.6647057093331712,1.0,179154.80499999993,663315.1600000001
2,0,10,179193.58000000007,662978.9499999993,0,0.0,156.21210107638888,1141,0,0,0,0,0,0,1,0,0,0,0,0,0.0,1.0,1,0,10,180135.2000000002,662368.6999999993,0,0.0,105.09235564814814,1353,0,0,0,0,0,0,0,1,0,0,0,0,0.0,1.0,1,0,10,179022.34999999963,665899.0600000005,0,0.0,56.03681170138889,1366,0,0,0,0,0,0,0,0,1,0,0,0,0.0,1.0,2,5,6,180849.51999999955,666443.4000000004,0,2.2088666666666668,0.0,1366,0,0,0,0,0,0,0,0,1,0,0,0,-0.19080899537654467,0.981627183447664,1,0,0,1,0,0,0,0,0,0,0,0,0,0,0,0,0,1,0,0,0,0,1,0,0,0,0,0,0,0,0,0,0,0,0,0,0,0,0,0,1,0,0,0,0,1,0,0,0,0,0,0,0,0,0,0,0,0,0,0,0,0,0,0,1,0,0,1,0,0,0,0,0,0,0,0,0,0,0,0,0,0,0,0,0,0,1,0,0,0,0,0,0,0,0,0,0,0,0,0,0,1.246810468441424,1.0,1.656989076961877,1.0,1.3288510650995409,1.0,1.813135877369652,1.0,179800.16249999986,664422.5274999999
2,0,6,177413.54000000004,662175.6099999994,0,0.0,103.67426417824075,785,0,0,0,0,0,0,0,1,0,0,0,0,0.0,1.0,2,0,6,177381.58999999985,662031.7899999991,0,0.0,100.90816465277777,2205,0,0,0,0,1,0,0,0,0,0,0,0,0.0,1.0,17,0,10,178540.1799999997,663026.1099999994,0,0.0,71.4014517013889,790,0,0,0,0,0,0,0,0,0,0,1,0,0.0,1.0,2,0,10,180244.75,664183.7100000009,0,0.0,10.495120671296297,787,0,0,0,0,0,0,0,0,0,1,0,0,0.0,1.0,1,0,0,1,0,0,0,0,0,0,0,0,0,0,0,0,0,1,0,0,0,0,1,0,0,0,0,0,0,0,0,0,0,0,0,0,0,0,0,0,1,0,0,0,0,1,0,0,0,0,0,0,0,0,0,0,0,0,0,0,0,0,0,0,1,0,0,0,1,0,0,0,0,0,0,0,0,0,0,0,0,0,0,0,0,0,0,0,1,0,0,2,0,0,0,0,0,0,0,0,0,1.1803704216584636,1.0,1.2910836328779016,1.0,0.2224882826100099,1.0,2.2532559919388726,1.0,178395.0149999999,662854.3049999997
2,0,6,177356.33999999985,661702.3200000003,0,0.0,101.13259804398149,785,0,0,0,0,0,0,0,1,0,0,0,0,0.0,1.0,17,0,6,178698.5599999996,663005.4399999995,0,0.0,68.85977386574073,790,0,0,0,0,0,0,0,0,0,0,1,0,0.0,1.0,1,0,10,180749.91999999995,661572.5,0,0.0,23.23938033564815,1141,0,0,0,0,0,0,1,0,0,0,0,0,0.0,1.0,2,5,5,183751.09999999963,669563.9199999999,0,5.474383333333333,0.0,1366,0,0,0,0,0,0,0,0,1,0,0,0,-0.9961946980917455,-0.08715574274765825,1,0,0,1,0,0,0,0,0,0,0,0,0,0,0,0,0,1,0,0,0,0,1,0,0,0,0,0,0,0,0,0,0,0,0,0,0,0,0,0,1,0,0,0,0,1,0,0,0,0,0,0,0,0,0,0,0,0,0,0,0,0,0,0,1,0,0,1,0,0,0,0,0,0,0,0,0,0,0,0,0,0,0,0,1,0,0,0,0,0,0,0,0,0,0,0,0,0,0,0,0,1.2590128992545564,1.0,0.6072311337330657,1.0,0.8660817079981822,1.0,2.341798775156458,1.0,180138.97999999975,663961.0449999999
2,0,9,192534.98000000045,673815.4399999995,0,0.0,8.661788287037037,787,0,0,0,0,0,0,0,0,0,1,0,0,0.0,1.0,2,0,9,192609.91000000012,673792.8699999992,0,0.0,8.661788668981481,787,0,0,0,0,0,0,0,0,0,1,0,0,0.0,1.0,2,5,9,191897.4500000002,674644.5600000005,0,26.04135,0.0,1295,0,0,0,0,0,1,0,0,0,0,0,0,0.9205048534524404,-0.3907311284892736,2,5,5,190233.58000000007,672822.1300000008,0,4.1868,0.0,1000,0,0,0,0,0,1,0,0,0,0,0,0,0.0,1.0,0,0,0,1,0,0,0,0,0,0,0,0,0,0,0,0,0,1,0,0,0,0,1,0,0,0,0,0,0,0,0,0,0,0,0,0,0,0,0,0,1,0,0,0,0,0,1,0,0,0,0,0,1,0,0,0,0,0,0,0,0,0,0,0,0,0,0,1,0,0,0,0,0,0,0,0,0,0,0,0,0,0,0,0,1,0,0,0,0,0,0,2,0,0,0,0,0,0,0,0,0,0.8959900504426815,1.0,0.9881176379428047,1.0,1.0980316797115477,1.0,2.3057879162973522,1.0,191818.9800000002,673768.75
2,0,10,177363.59999999963,661768.3800000008,0,0.0,100.8825943287037,785,0,0,0,0,0,0,0,1,0,0,0,0,0.0,1.0,2,0,10,178693.75,665885.8900000006,0,0.0,53.82847398148148,1540,0,0,0,0,0,0,0,0,1,0,0,0,0.0,1.0,1,4,5,177735.8700000001,662520.5999999996,0,26.769166666666667,0.0,1000,0,0,0,0,0,1,0,0,0,0,0,0,0.9945218953682734,-0.10452846326765333,2,5,5,178842.00999999978,666935.2599999998,0,23.50255,0.0,1000,0,0,0,0,0,1,0,0,0,0,0,0,-0.2923717047227364,-0.9563047559630355,1,0,0,1,0,0,0,0,0,0,0,0,0,0,0,0,0,1,0,0,0,0,1,0,0,0,0,0,0,0,0,0,0,0,0,0,0,0,0,0,1,0,0,0,1,0,0,0,0,0,0,0,0,0,0,0,0,0,0,0,0,0,1,0,0,0,0,1,0,0,0,0,0,0,0,0,0,0,0,0,0,0,0,0,0,0,1,0,0,0,0,0,0,0,0,0,0,0,0,0,0,1.8756357111728048,1.0,1.2078259198532975,1.0,1.2877322940108054,1.0,1.9554370556605785,1.0,178158.80749999988,664277.5325000002
1,5,5,178170.1200000001,654736.6300000008,0,25.458566666666666,0.0,1141,0,0,0,0,0,0,1,0,0,0,0,0,-0.4848096202463369,0.8746197071393959,1,5,5,177890.1299999999,655559.8499999996,0,20.29225,0.0,1141,0,0,0,0,0,0,1,0,0,0,0,0,0.9205048534524404,-0.3907311284892736,1,5,5,177920.50999999978,655106.9600000009,0,5.059216666666667,0.0,1141,0,0,0,0,0,0,1,0,0,0,0,0,0.9271838545667874,-0.37460659341591207,2,5,5,181953.8899999997,650949.0099999998,0,3.70855,0.0,1141,0,0,0,0,0,0,1,0,0,0,0,0,-0.48480962024633695,-0.8746197071393959,0,0,1,0,0,0,0,0,0,0,0,0,0,0,0,0,1,0,0,0,0,1,0,0,0,0,0,0,0,0,0,0,0,0,0,0,0,0,1,0,0,0,0,0,1,0,0,0,0,0,0,0,0,0,0,0,0,0,0,0,0,1,0,0,0,0,0,1,0,0,0,0,0,0,0,0,0,0,0,0,0,0,0,1,0,0,0,0,0,0,0,0,0,0,0,0,0,0,0,0,0,0.585486170910999,1.0,1.0318224893151111,1.0,0.8286697815198212,1.0,2.4319906849042283,1.0,178983.66249999986,654088.1125000003
2,5,10,186977.9400000004,665180.0099999998,0,27.6747,0.0,2205,0,0,0,0,1,0,0,0,0,0,0,0,0.05233595624294383,0.9986295347545738,2,5,6,186142.3700000001,667432.6199999992,0,21.108616666666666,0.0,2205,0,0,0,0,1,0,0,0,0,0,0,0,0.0,1.0,2,5,5,190015.3700000001,668061.5899999999,0,8.074716666666667,0.0,2205,0,0,0,0,1,0,0,0,0,0,0,0,-0.5446390350150271,-0.838670567945424,2,5,5,186406.2000000002,666647.9399999995,0,1.7584166666666667,0.0,2205,0,0,0,0,1,0,0,0,0,0,0,0,-0.9945218953682734,0.10452846326765299,0,0,1,0,0,0,0,0,0,0,0,0,0,0,0,0,1,0,0,0,0,1,0,0,0,0,0,0,0,0,0,0,0,0,0,0,0,0,1,0,0,0,0,0,1,0,0,0,0,0,0,0,0,0,0,0,0,0,0,0,0,0,1,0,0,0,0,1,0,0,0,0,0,0,0,0,0,0,0,0,0,0,0,1,0,0,0,0,0,0,0,0,0,0,0,0,0,0,0,0,0,1.2954891855385353,1.0,1.0525100836827606,1.0,2.2126958580382303,1.0,0.759074334505841,1.0,187385.4700000002,666830.5399999996
2,0,6,177395.46999999974,662145.5199999996,0,0.0,99.99151462962963,2205,0,0,0,0,1,0,0,0,0,0,0,0,0.0,1.0,2,0,7,177403.1200000001,662212.1300000008,0,0.0,99.99150305555555,2205,0,0,0,0,1,0,0,0,0,0,0,0,0.0,1.0,1,5,5,179427.90000000037,664522.5800000001,0,8.431033333333334,0.0,2324,0,0,0,0,1,0,0,0,0,0,0,0,-0.01745240643728445,0.9998476951563913,2,5,5,180296.79000000004,668898.2100000009,0,7.414383333333333,0.0,2324,0,0,0,0,1,0,0,0,0,0,0,0,-0.17364817766693047,-0.984807753012208,1,0,0,1,0,0,0,0,0,0,0,0,0,0,0,0,0,1,0,0,0,0,1,0,0,0,0,0,0,0,0,0,0,0,0,0,0,0,0,0,1,0,0,0,1,0,0,0,0,0,0,0,0,0,0,0,0,0,0,0,1,0,0,0,0,0,0,1,0,0,0,0,0,0,0,0,0,0,0,0,0,0,0,0,1,0,0,0,0,0,0,2,0,0,0,0,0,0,0,0,0,1.300782230940165,1.0,1.26979406682256,1.0,0.3991537049818274,1.0,2.369849079946679,1.0,178630.82000000007,664444.6100000003
2,0,10,178678.98000000045,665826.8399999999,0,0.0,62.70348550925926,1540,0,0,0,0,0,0,0,0,1,0,0,0,0.0,1.0,2,5,5,183109.6299999999,669454.5600000005,0,26.669083333333333,0.0,2324,0,0,0,0,1,0,0,0,0,0,0,0,0.8910065241883679,-0.45399049973954675,2,5,7,180740.71,666924.3100000005,0,25.252383333333334,0.0,2324,0,0,0,0,1,0,0,0,0,0,0,0,0.22495105434386478,-0.9743700647852352,2,5,5,180387.09999999963,666680.1300000008,0,7.6357333333333335,0.0,2324,0,0,0,0,1,0,0,0,0,0,0,0,-0.01745240643728445,0.9998476951563913,1,0,0,1,0,0,0,0,0,0,0,0,0,0,0,0,0,1,0,0,0,1,0,0,0,0,0,0,0,0,0,0,0,0,0,1,0,0,0,0,0,0,0,0,1,0,0,0,0,0,0,0,0,0,0,0,0,0,0,1,0,0,0,0,0,0,0,1,0,0,0,0,0,0,0,0,0,0,0,0,0,0,0,0,0,0,1,0,0,0,0,0,0,0,0,0,0,0,0,0,0,1.6912045532747197,1.0,2.2262755174044577,1.0,0.20283210151191336,1.0,0.43674193539186235,1.0,180729.10499999998,667221.4600000004
1,0,10,183741.01999999955,652595.0,0,0.0,91.56137671296297,738,0,0,0,0,0,0,0,0,0,1,0,0,0.0,1.0,2,5,5,182630.5499999998,651940.1600000001,0,7.4824,0.0,860,0,0,0,1,0,0,0,0,0,0,0,0,-0.46947156278589086,-0.8829475928589269,2,5,6,179364.8099999996,654292.6500000004,0,6.665816666666666,0.0,860,0,0,0,1,0,0,0,0,0,0,0,0,-0.5000000000000001,-0.8660254037844386,2,5,5,180915.73000000045,652768.3399999999,0,5.36605,0.0,860,0,0,0,1,0,0,0,0,0,0,0,0,-0.992546151641322,0.12186934340514768,0,0,0,1,0,0,0,0,0,0,0,0,0,0,0,0,0,1,0,0,0,1,0,0,0,0,0,0,0,0,0,0,0,0,0,0,0,1,0,0,0,0,0,0,1,0,0,0,0,0,0,0,0,0,0,0,0,0,0,1,0,0,0,0,0,0,0,1,0,0,0,0,0,0,0,0,0,0,0,0,0,0,0,0,0,0,1,0,0,0,0,0,0,0,0,0,0,0,0,0,0,1.6619709666555356,1.0,1.0779925919603597,1.0,2.127000451616143,1.0,0.600365805350176,1.0,181663.02749999985,652899.0375000001
2,0,10,178618.1799999997,665686.4600000009,0,0.0,56.328477928240744,1540,0,0,0,0,0,0,0,0,1,0,0,0,0.0,1.0,1,0,7,179719.23000000045,665936.1300000008,0,0.0,13.286834421296296,1366,0,0,0,0,0,0,0,0,1,0,0,0,0.0,1.0,2,0,6,178627.33999999985,661095.3599999994,0,892.9915333333333,0.0,2205,0,0,0,0,1,0,0,0,0,0,0,0,0.0,1.0,2,0,6,180123.75,664122.7300000004,0,892.99155,0.0,2205,0,0,0,0,1,0,0,0,0,0,0,0,0.0,1.0,1,0,0,1,0,0,0,0,0,0,0,0,0,0,0,0,0,1,0,0,0,0,1,0,0,0,0,0,0,0,0,0,0,0,0,0,0,0,0,0,1,0,0,0,0,1,0,0,0,0,0,0,0,0,0,0,0,0,0,0,0,0,0,0,1,0,0,0,1,0,0,0,0,0,0,0,0,0,0,0,0,0,0,0,0,0,0,0,1,0,0,0,0,0,0,0,0,0,0,0,0,1.2454389014959348,1.0,1.3752446101398668,1.0,2.453513047905433,1.0,0.6603453906637711,1.0,179272.125,664210.1700000004
1,0,10,187492.6399999997,659382.8399999999,0,0.0,129.4951561111111,787,0,0,0,0,0,0,0,0,0,1,0,0,0.0,1.0,1,0,6,187667.66999999995,659861.0099999998,0,0.0,84.66179960648148,1353,0,0,0,0,0,0,0,1,0,0,0,0,0.0,1.0,1,0,10,186028.3899999997,659304.3200000003,0,0.0,41.45941528935185,787,0,0,0,0,0,0,0,0,0,1,0,0,0.0,1.0,2,0,6,186351.3200000003,660157.3000000007,0,1355.1080333333334,0.0,2324,0,0,0,0,1,0,0,0,0,0,0,0,0.0,1.0,0,0,0,1,0,0,0,0,0,0,0,0,0,0,0,0,0,1,0,0,0,0,1,0,0,0,0,0,0,0,0,0,0,0,0,0,0,0,0,0,1,0,0,0,0,1,0,0,0,0,0,0,0,0,0,0,0,0,0,0,0,0,0,0,1,0,0,0,1,0,0,0,0,0,0,0,0,0,0,0,0,0,0,0,0,0,0,0,1,0,0,0,0,0,0,0,0,0,0,0,0,1.2766556925754058,1.0,1.521333914172935,1.0,1.7668416094801098,1.0,1.3591299780795474,1.0,186885.00499999992,659676.3675000002
2,0,6,191283.08999999985,675529.3599999994,0,0.0,1.013453912037037,1295,0,0,0,0,0,1,0,0,0,0,0,0,0.0,1.0,2,0,6,191484.1399999997,675480.1400000006,0,833.04045,0.0,790,0,0,0,0,0,0,0,0,0,0,1,0,0.0,1.0,2,4,5,190043.86000000036,675665.3499999996,0,12.0433,0.0,2205,0,0,0,0,1,0,0,0,0,0,0,0,-0.6293203910498378,0.7771459614569706,2,5,5,192004.23000000045,675415.5199999996,0,2.1239666666666666,0.0,1295,0,0,0,0,0,1,0,0,0,0,0,0,-0.22495105434386498,-0.9743700647852352,0,0,0,1,0,0,0,0,0,0,0,0,0,0,0,0,0,1,0,0,0,0,1,0,0,0,0,0,0,0,0,0,0,0,0,0,0,0,0,0,1,0,0,0,1,0,0,0,0,0,0,0,0,0,0,0,0,0,0,0,0,0,1,0,0,0,0,1,0,0,0,0,0,0,0,0,0,0,0,0,0,0,0,0,1,0,0,0,0,0,0,2,0,0,0,0,0,0,0,0,0,0.1960937327037968,1.0,0.6988681726339738,1.0,2.8810007260339585,0.0,1.9906319367683518,1.0,254938.4400000001,900696.7899999997
2,4,6,184051.41000000012,662833.2799999993,0,27.614583333333332,0.0,2324,0,0,0,0,1,0,0,0,0,0,0,0,0.9510565162951536,-0.30901699437494734,2,2,7,185518.01999999955,663770.0999999996,0,24.831333333333333,0.0,2324,0,0,0,0,1,0,0,0,0,0,0,0,-0.08715574274765794,-0.9961946980917455,2,5,6,183175.5700000003,663247.0099999998,0,18.980883333333335,0.0,2324,0,0,0,0,1,0,0,0,0,0,0,0,-0.01745240643728445,0.9998476951563913,2,5,7,181916.1299999999,665429.1400000006,0,13.33105,0.0,2324,0,0,0,0,1,0,0,0,0,0,0,0,-0.9612616959383188,0.2756373558169994,0,0,1,0,0,0,0,0,0,0,0,0,0,0,0,0,1,0,0,0,0,1,0,0,0,0,0,0,0,0,0,0,0,0,0,1,0,0,0,0,0,0,0,0,1,0,0,0,0,0,0,0,0,0,0,0,0,0,0,1,0,0,0,0,0,0,0,1,0,0,0,0,0,0,0,0,0,0,0,0,0,0,0,0,0,0,1,0,0,0,0,0,0,0,0,0,0,0,0,0,0,0.9219923221150004,1.0,1.6129051005534347,1.0,0.6558625654459659,1.0,2.068394512493913,1.0,183665.28249999997,663819.8824999998
1,0,10,188299.2199999997,659292.9600000009,0,0.0,156.7993887037037,738,0,0,0,0,0,0,0,0,0,1,0,0,0.0,1.0,1,0,10,188285.58999999985,659377.2899999991,0,0.0,156.79938886574075,738,0,0,0,0,0,0,0,0,0,1,0,0,0.0,1.0,1,0,10,189948.21,659628.6099999994,0,0.0,30.756576261574075,787,0,0,0,0,0,0,0,0,0,1,0,0,0.0,1.0,1,0,9,189608.8799999999,659721.5999999996,0,0.0,10.81158792824074,738,0,0,0,0,0,0,0,0,0,1,0,0,0.0,1.0,0,0,0,1,0,0,0,0,0,0,0,0,0,0,0,0,0,1,0,0,0,0,1,0,0,0,0,0,0,0,0,0,0,0,0,0,0,0,0,0,1,0,0,0,0,1,0,0,0,0,0,0,0,0,0,0,0,0,0,0,0,0,0,0,1,0,0,0,1,0,0,0,0,0,0,0,0,0,0,0,0,0,0,0,0,0,0,0,1,0,0,2,0,0,0,0,0,0,0,0,0,1.6506142389226728,1.0,1.638742714961805,1.0,1.984177454345751,1.0,1.320363285057148,1.0,189035.47499999986,659505.1149999998
17,0,10,178540.1799999997,663026.1099999994,0,0.0,77.609786875,790,0,0,0,0,0,0,0,0,0,0,1,0,0.0,1.0,17,0,6,178698.5599999996,663005.4399999995,0,0.0,77.60977533564815,790,0,0,0,0,0,0,0,0,0,0,1,0,0.0,1.0,1,0,10,180749.91999999995,661572.5,0,0.0,31.989381793981483,1141,0,0,0,0,0,0,1,0,0,0,0,0,0.0,1.0,2,0,10,180244.75,664183.7100000009,0,0.0,16.703455856481483,787,0,0,0,0,0,0,0,0,0,1,0,0,0.0,1.0,1,0,0,1,0,0,0,0,0,0,0,0,0,0,0,0,0,1,0,0,0,0,1,0,0,0,0,0,0,0,0,0,0,0,0,0,0,0,0,0,1,0,0,0,0,1,0,0,0,0,0,0,0,0,0,0,0,0,0,0,0,0,0,0,1,0,0,0,1,0,0,0,0,0,0,0,0,0,0,0,0,0,0,0,0,0,0,0,1,0,0,2,0,0,0,0,0,0,0,0,0,1.08455670389981,1.0,0.9152053350369677,1.0,1.9318125343710666,1.0,1.5021643346348705,1.0,179558.3524999998,662946.94
2,0,10,179084.16000000015,663131.1799999997,0,0.0,154.94704199074073,1141,0,0,0,0,0,0,1,0,0,0,0,0,0.0,1.0,2,0,10,179225.83999999985,663041.8200000003,0,0.0,125.87013224537037,785,0,0,0,0,0,0,0,1,0,0,0,0,0.0,1.0,2,0,10,177424.86000000034,662262.4000000004,0,0.0,101.84093078703704,785,0,0,0,0,0,0,0,1,0,0,0,0,0.0,1.0,2,0,10,178618.1799999997,665686.4600000009,0,0.0,54.78681038194444,1540,0,0,0,0,0,0,0,0,1,0,0,0,0.0,1.0,1,0,0,1,0,0,0,0,0,0,0,0,0,0,0,0,0,1,0,0,0,0,1,0,0,0,0,0,0,0,0,0,0,0,0,0,0,0,0,0,1,0,0,0,0,1,0,0,0,0,0,0,0,0,0,0,0,0,0,0,0,0,0,0,1,0,0,0,1,0,0,0,0,0,0,0,0,0,0,0,0,0,0,0,0,0,0,0,1,0,0,0,0,0,0,0,0,0,0,0,0,0.6372639054702145,1.0,0.8040472644235837,1.0,1.7225100196124261,1.0,2.158222936509183,1.0,178588.26,663530.4650000003
2,2,5,182722.46,676369.9399999995,0,19.306633333333334,0.0,1141,0,0,0,0,0,0,1,0,0,0,0,0,-0.9848077530122081,0.17364817766692997,2,5,6,182548.00999999975,674167.5099999998,0,32.47495,0.0,649,0,0,0,0,0,0,1,0,0,0,0,0,-0.9975640502598242,-0.06975647374412558,1,5,10,185646.2999999998,675094.2599999998,0,32.708466666666666,0.0,785,0,0,0,0,0,0,0,1,0,0,0,0,0.9993908270190958,-0.03489949670250073,2,5,5,182656.2999999998,676381.3900000006,0,2.1925166666666667,0.0,785,0,0,0,0,0,0,0,1,0,0,0,0,0.9876883405951377,-0.15643446504023104,0,0,1,0,0,0,0,0,0,0,0,0,0,0,0,0,1,0,0,0,0,1,0,0,0,0,0,0,0,0,0,0,0,0,0,0,0,0,1,0,0,0,0,0,0,0,1,0,0,0,0,0,1,0,0,0,0,0,0,0,0,0,0,0,0,0,0,1,0,0,0,0,0,0,0,0,0,0,0,0,0,0,0,1,0,0,0,0,0,0,0,2,0,0,0,0,0,0,0,0,0,0.9810697676708879,1.0,1.415048986367773,1.0,2.049842355015064,1.0,1.0262279678938417,1.0,183393.26749999984,675503.2749999999
2,5,5,182694.34999999963,666598.1099999994,0,22.48115,0.0,860,0,0,0,1,0,0,0,0,0,0,0,0,-0.8090169943749473,-0.5877852522924732,2,5,5,183449.25,663304.9700000007,0,21.63061666666667,0.0,860,0,0,0,1,0,0,0,0,0,0,0,0,-0.8290375725550421,0.5591929034707462,1,5,5,183545.50999999975,663475.9299999997,0,16.781066666666668,0.0,860,0,0,0,1,0,0,0,0,0,0,0,0,-0.9902680687415704,0.13917310096006547,2,5,6,184206.33999999985,662792.4399999995,0,6.09775,0.0,860,0,0,0,1,0,0,0,0,0,0,0,0,-0.9335804264972021,0.35836794954529955,0,0,1,0,0,0,0,0,0,0,0,0,0,0,1,0,0,0,0,0,0,1,0,0,0,0,0,0,0,0,0,0,0,0,0,1,0,0,0,0,0,0,0,0,1,0,0,0,0,0,0,0,0,0,0,0,0,0,0,0,0,0,1,0,0,0,0,1,0,0,0,0,0,0,0,0,0,0,0,0,0,0,0,1,0,0,0,0,0,0,0,0,0,0,0,0,0,0,0,0,0,2.6284938340917723,0.0,0.7264166846925719,1.0,0.5622420528028464,1.0,1.425834597905923,1.0,244631.81666666642,885390.483333333
1,0,7,176901.25999999978,661672.7599999998,0,1133.0482833333333,0.0,790,0,0,0,0,0,0,0,0,0,0,1,0,0.0,1.0,2,5,10,180118.65000000037,664879.8100000005,0,39.014966666666666,0.0,1353,0,0,0,0,0,0,0,1,0,0,0,0,0.9271838545667874,0.37460659341591196,1,5,5,177814.1900000004,663728.4800000004,0,14.4483,0.0,1353,0,0,0,0,0,0,0,1,0,0,0,0,-0.9335804264972021,0.35836794954529955,1,5,5,183855.3899999997,669861.4900000002,0,3.4482333333333335,0.0,1353,0,0,0,0,0,0,0,1,0,0,0,0,-0.9986295347545738,-0.052335956242944306,1,0,0,1,0,0,0,0,0,0,0,0,0,0,0,0,0,1,0,0,0,1,0,0,0,0,0,0,0,0,0,0,0,0,0,0,0,0,1,0,0,0,0,0,1,0,0,0,0,0,0,0,0,0,0,0,0,0,0,1,0,0,0,0,0,0,0,1,0,0,0,0,0,0,0,0,0,0,0,0,0,0,0,1,0,0,0,0,0,0,0,0,0,0,0,0,0,0,0,0,0,1.5293928123645495,1.0,0.16590706223681748,1.0,0.7973836574177905,1.0,2.2414951263217273,1.0,179672.37250000006,665035.6350000002
1,0,10,179694.4400000004,665825.2200000007,0,0.0,278.3284516666667,785,0,0,0,0,0,0,0,1,0,0,0,0,0.0,1.0,2,0,10,178909.51999999955,666038.7699999996,0,0.0,96.42769935185186,1000,0,0,0,0,0,1,0,0,0,0,0,0,0.0,1.0,1,0,10,180770.2999999998,661493.5800000001,0,0.0,25.406044247685184,1141,0,0,0,0,0,0,1,0,0,0,0,0,0.0,1.0,2,0,6,178391.01999999955,660885.5600000005,0,772.98705,0.0,2205,0,0,0,0,1,0,0,0,0,0,0,0,0.0,1.0,1,0,0,1,0,0,0,0,0,0,0,0,0,0,0,0,0,1,0,0,0,0,1,0,0,0,0,0,0,0,0,0,0,0,0,0,0,0,0,0,1,0,0,0,0,1,0,0,0,0,0,0,0,0,0,0,0,0,0,0,0,0,0,0,1,0,0,0,1,0,0,0,0,0,0,0,0,0,0,0,0,0,0,0,0,0,0,0,1,0,0,0,0,0,0,0,0,0,0,0,0,1.389853249479673,1.0,1.545927196355933,1.0,1.4990398782838938,1.0,1.7530761480521075,1.0,179441.31999999983,663560.7825000002
1,0,6,185909.0499999998,672709.9700000007,0,0.0,35.255538298611114,2324,0,0,0,0,1,0,0,0,0,0,0,0,0.0,1.0,1,0,10,185861.98000000045,672598.8100000005,0,0.0,35.25553862268519,2324,0,0,0,0,1,0,0,0,0,0,0,0,0.0,1.0,1,0,6,184348.9299999997,672070.2599999998,0,298.0255833333333,0.0,2205,0,0,0,0,1,0,0,0,0,0,0,0,0.0,1.0,1,0,6,184323.34999999963,672013.5800000001,0,298.0257833333333,0.0,2205,0,0,0,0,1,0,0,0,0,0,0,0,0.0,1.0,0,0,0,1,0,0,0,0,0,0,0,0,0,0,0,0,0,1,0,0,0,0,1,0,0,0,0,0,0,0,0,0,0,0,0,0,0,0,0,0,1,0,0,0,0,1,0,0,0,0,0,0,0,0,0,0,0,0,0,0,0,0,0,0,1,0,0,0,1,0,0,0,0,0,0,0,0,0,0,0,0,0,0,0,0,0,0,0,1,0,0,2,0,0,0,0,0,0,0,0,0,1.6164959850304028,1.0,1.460589919858361,1.0,1.4958663597858892,1.0,1.5781495205649405,1.0,185110.8274999999,672348.1550000003
2,0,10,191283.08999999985,675529.3599999994,0,0.0,8.013455150462963,1295,0,0,0,0,0,1,0,0,0,0,0,0,0.0,1.0,2,0,6,191370.46,675506.0700000003,0,0.0,8.013455810185185,1295,0,0,0,0,0,1,0,0,0,0,0,0,0.0,1.0,2,0,6,191484.1399999997,675480.1400000006,0,832.9928833333333,0.0,790,0,0,0,0,0,0,0,0,0,0,1,0,0.0,1.0,2,0,6,191566.1299999999,675454.4299999997,0,832.9930666666667,0.0,790,0,0,0,0,0,0,0,0,0,0,1,0,0.0,1.0,0,0,0,1,0,0,0,0,0,0,0,0,0,0,0,0,0,1,0,0,0,0,1,0,0,0,0,0,0,0,0,0,0,0,0,0,0,0,0,0,1,0,0,0,0,1,0,0,0,0,0,0,0,0,0,0,0,0,0,0,0,0,0,0,1,0,0,0,1,0,0,0,0,0,0,0,0,0,0,0,0,0,0,0,0,0,0,0,1,0,0,4,0,0,0,0,0,0,0,0,0,2.1715521847731427,1.0,0.8408427413963406,1.0,0.8754784498743632,1.0,2.1378373350746482,1.0,191425.95499999984,675492.5
2,0,10,178578.91999999993,665596.5600000005,0,0.0,55.703481215277776,1540,0,0,0,0,0,0,0,0,1,0,0,0,0.0,1.0,2,5,5,181049.34999999963,666462.8300000001,0,16.629533333333335,0.0,2324,0,0,0,0,1,0,0,0,0,0,0,0,0.9563047559630355,-0.29237170472273666,2,5,6,180681.0499999998,664817.4700000007,0,15.86285,0.0,2324,0,0,0,0,1,0,0,0,0,0,0,0,-0.945518575599317,0.3255681544571563,1,5,5,180945.00999999975,665507.0,0,5.579533333333333,0.0,2324,0,0,0,0,1,0,0,0,0,0,0,0,0.7771459614569708,0.6293203910498375,1,0,0,1,0,0,0,0,0,0,0,0,0,0,0,0,0,1,0,0,0,1,0,0,0,0,0,0,0,0,0,0,0,0,0,1,0,0,0,0,0,0,0,0,1,0,0,0,0,0,0,0,0,0,0,0,0,0,0,1,0,0,0,0,0,0,0,1,0,0,0,0,0,0,0,0,0,0,0,0,0,0,0,0,0,0,1,0,0,0,0,0,0,0,0,0,0,0,0,0,0,2.175507734364673,1.0,1.4259777732654115,1.0,1.079642975333226,1.0,0.7997192666260161,1.0,180313.5824999998,665595.9650000003
1,0,10,179694.4400000004,665825.2200000007,0,0.0,278.20345550925924,785,0,0,0,0,0,0,0,1,0,0,0,0,0.0,1.0,2,0,10,178909.51999999955,666038.7699999996,0,0.0,96.30270320601852,1000,0,0,0,0,0,1,0,0,0,0,0,0,0.0,1.0,1,0,10,180770.2999999998,661493.5800000001,0,0.0,25.281048078703705,1141,0,0,0,0,0,0,1,0,0,0,0,0,0.0,1.0,1,5,5,179957.29000000004,664148.9700000007,0,8.392583333333333,0.0,738,0,0,0,0,0,0,0,0,0,1,0,0,1.2246467991473532e-16,-1.0,1,0,0,1,0,0,0,0,0,0,0,0,0,0,0,0,0,1,0,0,0,0,1,0,0,0,0,0,0,0,0,0,0,0,0,0,0,0,0,0,1,0,0,0,0,1,0,0,0,0,0,0,0,0,0,0,0,0,0,0,0,0,0,0,1,0,0,1,0,0,0,0,0,0,0,0,0,0,0,0,0,0,0,0,0,0,1,0,0,0,0,0,0,0,0,0,0,0,0,0,0,1.172233350421426,1.0,1.531679014473521,1.0,2.4421425504829823,1.0,0.20899060767678734,1.0,179832.88749999995,664376.6350000002
2,0,10,179100.08999999985,663100.0700000003,0,0.0,156.96209806712963,1141,0,0,0,0,0,0,1,0,0,0,0,0,0.0,1.0,1,0,10,180135.2000000002,662368.6999999993,0,0.0,105.84235265046296,1353,0,0,0,0,0,0,0,1,0,0,0,0,0.0,1.0,17,0,10,178733.74000000022,662995.6600000001,0,0.0,69.60977167824075,790,0,0,0,0,0,0,0,0,0,0,1,0,0.0,1.0,1,0,6,176766.50999999978,661726.2799999993,0,893.0378166666667,0.0,790,0,0,0,0,0,0,0,0,0,0,1,0,0.0,1.0,1,0,0,1,0,0,0,0,0,0,0,0,0,0,0,0,0,1,0,0,0,0,1,0,0,0,0,0,0,0,0,0,0,0,0,0,0,0,0,0,1,0,0,0,0,1,0,0,0,0,0,0,0,0,0,0,0,0,0,0,0,0,0,0,1,0,0,0,1,0,0,0,0,0,0,0,0,0,0,0,0,0,0,0,0,0,0,0,1,0,0,0,0,0,0,0,0,0,0,0,0,0.7810418789804626,1.0,1.6513314504276044,1.0,0.5090130748534905,1.0,2.3555407355239164,1.0,178683.885,662547.6774999998
1,0,10,178853.0599999996,645047.1500000004,0,0.0,8.661808032407407,1366,0,0,0,0,0,0,0,0,1,0,0,0,0.0,1.0,1,0,10,179337.13999999966,644997.9700000007,0,0.0,8.703466990740742,1366,0,0,0,0,0,0,0,0,1,0,0,0,0.0,1.0,1,0,9,179275.6900000004,645032.3599999994,0,0.0,8.703467013888888,1366,0,0,0,0,0,0,0,0,1,0,0,0,0.0,1.0,1,5,5,178624.13999999966,644414.5999999996,0,17.8697,0.0,2324,0,0,0,0,1,0,0,0,0,0,0,0,-0.7193398003386509,-0.6946583704589975,0,0,0,1,0,0,0,0,0,0,0,0,0,0,0,0,0,1,0,0,0,0,1,0,0,0,0,0,0,0,0,0,0,0,0,0,0,0,0,0,1,0,0,0,0,1,0,0,0,0,0,0,0,0,0,0,0,0,0,0,0,0,0,0,1,0,0,1,0,0,0,0,0,0,0,0,0,0,0,0,0,0,0,0,0,0,1,0,0,0,0,0,0,0,0,0,0,0,0,0,0,0.865755778635106,1.0,1.2062830990409064,1.0,1.0659432799269124,1.0,2.1640517057269104,1.0,179022.50749999983,644873.02
1,0,10,183694.99000000025,652624.1099999994,0,0.0,90.97805252314815,738,0,0,0,0,0,0,0,0,0,1,0,0,0.0,1.0,1,5,5,178294.41999999993,654859.0299999993,0,8.051733333333333,0.0,1540,0,0,0,0,0,0,0,0,1,0,0,0,-0.01745240643728445,0.9998476951563913,2,5,5,179802.1799999997,653989.1500000004,0,6.102233333333333,0.0,1540,0,0,0,0,0,0,0,0,1,0,0,0,-0.9659258262890682,0.25881904510252113,2,5,5,181955.53000000023,653784.3000000007,0,6.06245,0.0,1366,0,0,0,0,0,0,0,0,1,0,0,0,-0.25881904510252035,-0.9659258262890684,0,0,0,1,0,0,0,0,0,0,0,0,0,0,0,0,0,1,0,0,0,1,0,0,0,0,0,0,0,0,0,0,0,0,0,0,0,1,0,0,0,0,0,0,1,0,0,0,0,0,0,0,0,0,0,0,0,0,0,0,1,0,0,0,0,0,1,0,0,0,0,0,1,0,0,0,0,0,0,0,0,0,0,0,0,0,0,0,0,0,0,0,0,0,0,0,0,0,0,0,0,2.1057099061360702,1.0,1.9917799136528107,1.0,0.8047286111996728,1.0,0.7144223949610873,1.0,180936.78000000003,653814.1475
17,0,10,178661.00999999978,663015.4499999993,0,0.0,70.81811497685185,790,0,0,0,0,0,0,0,0,0,0,1,0,0.0,1.0,1,5,5,178145.0,663267.1300000008,0,12.168916666666666,0.0,1540,0,0,0,0,0,0,0,0,1,0,0,0,0.37460659341591224,-0.9271838545667873,2,5,8,183884.8099999996,668126.25,0,5.23555,0.0,1540,0,0,0,0,0,0,0,0,1,0,0,0,0.08715574274765864,-0.9961946980917455,2,5,5,180309.8200000003,667376.7200000007,0,3.8855166666666667,0.0,1540,0,0,0,0,0,0,0,0,1,0,0,0,0.981627183447664,0.19080899537654492,1,0,0,1,0,0,0,0,0,0,0,0,0,0,0,0,0,1,0,0,0,1,0,0,0,0,0,0,0,0,0,0,0,0,0,0,0,0,1,0,0,0,0,0,1,0,0,0,0,0,0,0,0,0,0,0,0,0,0,0,0,1,0,0,0,0,0,1,0,0,0,0,0,0,0,0,0,0,0,0,0,0,0,0,1,0,0,0,0,0,0,0,0,0,0,0,0,0,0,0,0,1.27168540438558,1.0,1.3267301749575808,1.0,1.9773085782644346,1.0,0.8456298923339461,1.0,180250.15999999992,665446.3875000002
1,0,10,186810.84999999963,695239.0700000003,0,0.0,30.21068861111111,738,0,0,0,0,0,0,0,0,0,1,0,0,0.0,1.0,1,0,10,186647.59999999963,695230.3699999992,0,0.0,30.252353287037035,738,0,0,0,0,0,0,0,0,0,1,0,0,0.0,1.0,1,0,10,186810.84999999963,695239.0700000003,0,0.0,30.252353599537038,738,0,0,0,0,0,0,0,0,0,1,0,0,0.0,1.0,1,0,10,186647.59999999963,695230.3699999992,0,0.0,30.294019444444444,738,0,0,0,0,0,0,0,0,0,1,0,0,0.0,1.0,0,0,0,1,0,0,0,0,0,0,0,0,0,0,0,0,0,1,0,0,0,0,1,0,0,0,0,0,0,0,0,0,0,0,0,0,0,0,0,0,1,0,0,0,0,1,0,0,0,0,0,0,0,0,0,0,0,0,0,0,0,0,0,0,1,0,0,0,1,0,0,0,0,0,0,0,0,0,0,0,0,0,0,0,0,0,0,0,1,0,0,0,0,0,0,0,0,0,0,0,0,1.9015022738187621,1.0,1.9015022738187621,1.0,1.9015022738187621,1.0,1.9015022738187621,1.0,186729.22499999963,695234.7199999997
1,0,10,187687.1200000001,659857.8300000001,0,0.0,83.82846644675926,1353,0,0,0,0,0,0,0,1,0,0,0,0,0.0,1.0,1,0,10,186028.3899999997,659304.3200000003,0,0.0,40.62608233796296,787,0,0,0,0,0,0,0,0,0,1,0,0,0.0,1.0,20,0,6,187270.0,659512.6500000004,0,0.0,1.6618347222222223,787,0,0,0,0,0,0,0,0,0,1,0,0,0.0,1.0,2,0,6,186351.3200000003,660157.3000000007,0,155.10858333333334,0.0,2324,0,0,0,0,1,0,0,0,0,0,0,0,0.0,1.0,0,0,0,1,0,0,0,0,0,0,0,0,0,0,0,0,0,1,0,0,0,0,1,0,0,0,0,0,0,0,0,0,0,0,0,0,0,0,0,0,1,0,0,0,0,1,0,0,0,0,0,0,0,0,0,0,0,0,0,0,0,0,0,0,1,0,0,0,1,0,0,0,0,0,0,0,0,0,0,0,0,0,0,0,0,0,0,0,1,0,0,0,0,0,0,0,0,0,0,0,0,1.7372710803409008,1.0,1.8081273007493404,1.0,0.9581099049149601,1.0,1.3231964653870671,1.0,186834.20750000002,659708.0250000004
2,0,10,186290.9000000004,659876.8599999994,0,0.0,131.5527018402778,790,0,0,0,0,0,0,0,0,0,0,1,0,0.0,1.0,2,0,10,186255.74000000025,659726.9600000009,0,0.0,131.55269041666668,790,0,0,0,0,0,0,0,0,0,0,1,0,0.0,1.0,20,0,6,187270.0,659512.6500000004,0,953.0406333333333,0.0,787,0,0,0,0,0,0,0,0,0,1,0,0,0.0,1.0,1,0,6,187194.46,659282.0600000005,0,953.0406833333333,0.0,787,0,0,0,0,0,0,0,0,0,1,0,0,0.0,1.0,0,0,0,1,0,0,0,0,0,0,0,0,0,0,0,0,0,1,0,0,0,0,1,0,0,0,0,0,0,0,0,0,0,0,0,0,0,0,0,0,1,0,0,0,0,1,0,0,0,0,0,0,0,0,0,0,0,0,0,0,0,0,0,0,1,0,0,0,1,0,0,0,0,0,0,0,0,0,0,0,0,0,0,0,0,0,0,0,1,0,0,2,0,0,0,0,0,0,0,0,0,1.5286345681554676,1.0,1.4559834902844762,1.0,1.488342193220922,1.0,1.5437165485707596,1.0,186752.77500000014,659599.6325000003
1,0,10,185945.34999999963,672815.7400000002,0,0.0,33.13053462962963,2324,0,0,0,0,1,0,0,0,0,0,0,0,0.0,1.0,1,0,6,185909.0499999998,672709.9700000007,0,0.0,33.213867835648145,2324,0,0,0,0,1,0,0,0,0,0,0,0,0.0,1.0,1,0,10,185861.98000000045,672598.8100000005,0,0.0,33.21386810185185,2324,0,0,0,0,1,0,0,0,0,0,0,0,0.0,1.0,2,5,5,185234.96,671561.1300000008,0,2.5191,0.0,649,0,0,0,0,0,0,1,0,0,0,0,0,0.9902680687415704,-0.13917310096006535,0,0,0,1,0,0,0,0,0,0,0,0,0,0,0,0,0,1,0,0,0,0,1,0,0,0,0,0,0,0,0,0,0,0,0,0,0,0,0,0,1,0,0,0,0,1,0,0,0,0,0,0,0,0,0,0,0,0,0,0,0,0,0,0,1,0,0,0,0,1,0,0,0,0,1,0,0,0,0,0,0,0,0,0,0,0,0,0,0,0,0,2,0,0,0,0,0,0,0,0,0,1.1218341000941827,1.0,0.8447283144950083,1.0,0.5451158438359383,1.0,2.5087322609234333,0.0,247650.44666666663,896561.8833333341
1,0,10,182329.61000000036,665960.5199999996,0,0.0,41.95566858796296,2205,0,0,0,0,1,0,0,0,0,0,0,0,0.0,1.0,2,5,5,182942.50999999975,666277.2400000002,0,1.4712833333333333,0.0,1000,0,0,0,0,0,1,0,0,0,0,0,0,0.9510565162951535,0.30901699437494745,2,1,8,182365.83999999985,666447.1999999993,0,43.92978333333333,0.0,2324,0,0,0,0,1,0,0,0,0,0,0,0,-0.9335804264972016,-0.3583679495453007,2,5,7,182472.6200000001,662782.8100000005,0,20.26305,0.0,2324,0,0,0,0,1,0,0,0,0,0,0,0,-0.9945218953682734,0.10452846326765299,0,0,0,1,0,0,0,0,0,0,0,0,0,0,0,0,0,1,0,0,0,0,0,1,0,0,0,0,1,0,0,0,0,0,0,0,0,0,0,0,0,0,0,0,1,0,0,0,0,0,0,0,0,0,0,0,0,0,0,1,0,0,0,0,0,0,0,1,0,0,0,0,0,0,0,0,0,0,0,0,0,0,0,1,0,0,0,0,0,0,0,0,0,0,0,0,0,0,0,0,0,0.716212502619192,1.0,1.145014248751952,1.0,1.250236844258762,1.0,2.958423381852093,0.0,243370.19333333336,887155.9233333332
2,0,10,179177.2000000002,662945.9700000007,0,0.0,155.5499596875,1141,0,0,0,0,0,0,1,0,0,0,0,0,0.0,1.0,1,0,6,180794.6399999997,661410.1999999993,0,804.69195,0.0,1141,0,0,0,0,0,0,1,0,0,0,0,0,0.0,1.0,1,0,6,180794.6399999997,661410.1999999993,0,804.69195,0.0,1141,0,0,0,0,0,0,1,0,0,0,0,0,0.0,1.0,1,0,6,180794.6399999997,661410.1999999993,0,804.69195,0.0,1141,0,0,0,0,0,0,1,0,0,0,0,0,0.0,1.0,1,0,0,1,0,0,0,0,0,0,0,0,0,0,0,0,0,1,0,0,0,0,1,0,0,0,0,0,0,0,0,0,0,0,0,0,0,0,0,0,1,0,0,0,0,1,0,0,0,0,0,0,0,0,0,0,0,0,0,0,0,0,0,0,1,0,0,0,1,0,0,0,0,0,0,0,0,0,0,0,0,0,0,0,0,0,0,0,1,0,0,3,0,0,0,0,0,0,0,0,0,2.4503112135876797,1.0,0.8167704045292574,1.0,0.8167704045292574,1.0,0.8167704045292574,1.0,180390.2799999998,661794.1424999996
2,0,10,179075.4500000002,663147.9499999993,0,0.0,103.27281047453704,2205,0,0,0,0,1,0,0,0,0,0,0,0,0.0,1.0,1,0,6,180774.2199999997,661479.4800000004,0,194.66378333333333,0.0,1141,0,0,0,0,0,0,1,0,0,0,0,0,0.0,1.0,2,5,5,181707.3700000001,667742.2599999998,0,2.3137333333333334,0.0,1353,0,0,0,0,0,0,0,1,0,0,0,0,-0.961261695938319,-0.2756373558169989,2,5,5,177958.00999999978,662547.0399999991,0,2.0471333333333335,0.0,1353,0,0,0,0,0,0,0,1,0,0,0,0,0.17364817766693028,-0.984807753012208,1,0,0,1,0,0,0,0,0,0,0,0,0,0,0,0,0,1,0,0,0,0,1,0,0,0,0,0,0,0,0,0,0,0,0,0,0,0,0,0,1,0,0,0,0,0,1,0,0,0,0,0,1,0,0,0,0,0,0,0,0,0,0,0,0,0,0,1,0,0,0,0,0,0,0,0,0,0,0,0,0,0,0,0,0,0,1,0,0,0,0,0,0,0,0,0,0,0,0,0,0,0.5152430851653949,1.0,1.2582419329454628,1.0,2.2916491961026404,1.0,1.1719909195977924,1.0,179878.76249999995,663729.1824999996
2,0,6,177381.6299999999,661904.2699999996,0,0.0,103.38259814814815,785,0,0,0,0,0,0,0,1,0,0,0,0,0.0,1.0,2,0,7,177403.1200000001,662212.1300000008,0,0.0,100.61649861111111,2205,0,0,0,0,1,0,0,0,0,0,0,0,0.0,1.0,2,0,10,177437.83000000007,662499.7699999996,0,0.0,100.61649862268519,2205,0,0,0,0,1,0,0,0,0,0,0,0,0.0,1.0,2,0,6,180344.96,664164.5899999999,0,0.0,10.203454652777777,787,0,0,0,0,0,0,0,0,0,1,0,0,0.0,1.0,1,0,0,1,0,0,0,0,0,0,0,0,0,0,0,0,0,1,0,0,0,0,1,0,0,0,0,0,0,0,0,0,0,0,0,0,0,0,0,0,1,0,0,0,0,1,0,0,0,0,0,0,0,0,0,0,0,0,0,0,0,0,0,0,1,0,0,0,1,0,0,0,0,0,0,0,0,0,0,0,0,0,0,0,0,0,0,0,1,0,0,3,0,0,0,0,0,0,0,0,0,1.0223249547908888,1.0,0.8225469286138443,1.0,0.6808965389232045,1.0,2.467744530317781,1.0,178141.885,662695.19
2,0,10,179084.16000000015,663131.1799999997,0,0.0,154.15537413194446,1141,0,0,0,0,0,0,1,0,0,0,0,0,0.0,1.0,2,0,10,179225.83999999985,663041.8200000003,0,0.0,125.07846436342592,785,0,0,0,0,0,0,0,1,0,0,0,0,0.0,1.0,2,5,7,182243.66000000012,667938.1699999999,0,31.8388,0.0,1353,0,0,0,0,0,0,0,1,0,0,0,0,0.8480480961564261,0.5299192642332049,2,5,5,179061.4400000004,667209.4399999995,0,12.855333333333334,0.0,1353,0,0,0,0,0,0,0,1,0,0,0,0,-0.9063077870366497,-0.42261826174069994,1,0,0,1,0,0,0,0,0,0,0,0,0,0,0,0,0,1,0,0,0,0,1,0,0,0,0,0,0,0,0,0,0,0,0,0,0,0,0,0,1,0,0,0,1,0,0,0,0,0,0,0,0,0,0,0,0,0,0,0,1,0,0,0,0,0,0,1,0,0,0,0,0,0,0,0,0,0,0,0,0,0,0,0,0,0,1,0,0,0,0,2,0,0,0,0,0,0,0,0,0,1.2997731232654777,1.0,1.3218663233588328,1.0,1.9406315894062633,1.0,1.140636140208685,1.0,179903.77500000014,665330.1524999999
2,0,10,177401.2000000002,662045.3599999994,0,0.0,103.46594119212963,785,0,0,0,0,0,0,0,1,0,0,0,0,0.0,1.0,2,0,10,177408.16000000015,662268.3399999999,0,0.0,100.69983008101852,2205,0,0,0,0,1,0,0,0,0,0,0,0,0.0,1.0,2,0,6,177381.58999999985,662031.7899999991,0,0.0,100.69983009259259,2205,0,0,0,0,1,0,0,0,0,0,0,0,0.0,1.0,2,0,10,180244.75,664183.7100000009,0,0.0,10.28678611111111,787,0,0,0,0,0,0,0,0,0,1,0,0,0.0,1.0,1,0,0,1,0,0,0,0,0,0,0,0,0,0,0,0,0,1,0,0,0,0,1,0,0,0,0,0,0,0,0,0,0,0,0,0,0,0,0,0,1,0,0,0,0,1,0,0,0,0,0,0,0,0,0,0,0,0,0,0,0,0,0,0,1,0,0,0,1,0,0,0,0,0,0,0,0,0,0,0,0,0,0,0,0,0,0,0,1,0,0,3,0,0,0,0,0,0,0,0,0,0.8617980489803092,1.0,0.7401383097951891,1.0,0.8840678415367063,1.0,2.47431332715371,1.0,178108.92500000005,662632.2999999998
1,0,10,183741.01999999955,652595.0,0,0.0,91.18637056712963,738,0,0,0,0,0,0,0,0,0,1,0,0,0.0,1.0,1,0,6,178169.90000000037,654868.5899999999,0,773.0069333333333,0.0,1295,0,0,0,0,0,1,0,0,0,0,0,0,0.0,1.0,1,0,6,178218.38999999966,654988.6199999992,0,773.0073,0.0,1295,0,0,0,0,0,1,0,0,0,0,0,0,0.0,1.0,2,0,6,178182.66999999993,654872.6500000004,0,773.0074666666667,0.0,1295,0,0,0,0,0,1,0,0,0,0,0,0,0.0,1.0,0,0,0,1,0,0,0,0,0,0,0,0,0,0,0,0,0,1,0,0,0,0,1,0,0,0,0,0,0,0,0,0,0,0,0,0,0,0,0,0,1,0,0,0,0,1,0,0,0,0,0,0,0,0,0,0,0,0,0,0,0,0,0,0,1,0,0,0,1,0,0,0,0,0,0,0,0,0,0,0,0,0,0,0,0,0,0,0,1,0,0,2,0,0,0,0,0,0,0,0,0,2.6477059593199317,0.0,0.8846984342562794,1.0,0.8864889315715653,1.0,0.878558501400123,1.0,239437.32666666651,872441.6199999998
2,0,10,179107.7000000002,663112.9000000004,0,0.0,103.98114641203703,2205,0,0,0,0,1,0,0,0,0,0,0,0,0.0,1.0,2,0,10,177386.4299999997,662058.9399999995,0,0.0,100.99150520833334,2205,0,0,0,0,1,0,0,0,0,0,0,0,0.0,1.0,1,5,6,180052.58000000007,663641.7200000007,0,29.4341,0.0,2324,0,0,0,0,1,0,0,0,0,0,0,0,-0.35836794954530043,-0.9335804264972017,2,5,7,180637.7999999998,671474.3900000006,0,15.834116666666667,0.0,2324,0,0,0,0,1,0,0,0,0,0,0,0,-0.13917310096006552,-0.9902680687415703,1,0,0,1,0,0,0,0,0,0,0,0,0,0,0,0,0,1,0,0,0,0,1,0,0,0,0,0,0,0,0,0,0,0,0,0,0,0,0,0,1,0,0,0,1,0,0,0,0,0,0,0,0,0,0,0,0,0,0,0,0,0,1,0,0,0,0,1,0,0,0,0,0,0,0,0,0,0,0,0,0,0,0,1,0,0,0,0,0,0,0,0,0,0,0,0,0,0,0,0,0,0.7919389071286818,1.0,1.435403514447414,1.0,0.6510489039517443,1.0,2.63216862608324,0.0,239061.50333333327,886762.6500000004
2,0,10,186290.9000000004,659876.8599999994,0,0.0,132.71936914351852,790,0,0,0,0,0,0,0,0,0,0,1,0,0.0,1.0,1,0,7,187194.46,659282.0600000005,0,0.0,1.8285011111111111,787,0,0,0,0,0,0,0,0,0,1,0,0,0.0,1.0,2,0,6,186323.24000000025,660235.4700000007,0,394.34165,0.0,2324,0,0,0,0,1,0,0,0,0,0,0,0,0.0,1.0,2,0,8,186370.9000000004,660223.4299999997,0,393.70826666666665,0.0,2324,0,0,0,0,1,0,0,0,0,0,0,0,0.0,1.0,0,0,0,1,0,0,0,0,0,0,0,0,0,0,0,0,0,1,0,0,0,0,1,0,0,0,0,0,0,0,0,0,0,0,0,0,0,0,0,0,1,0,0,0,0,1,0,0,0,0,0,0,0,0,0,0,0,0,0,0,0,0,0,0,1,0,0,0,1,0,0,0,0,0,0,0,0,0,0,0,0,0,0,0,0,0,0,0,1,0,0,2,0,0,0,0,0,0,0,0,0,0.6694367314907285,1.0,2.3574069991020425,1.0,1.0438761455635912,1.0,0.9520886032180993,1.0,186544.87500000026,659904.4550000001
2,0,6,177356.33999999985,661702.3200000003,0,0.0,103.17426600694445,785,0,0,0,0,0,0,0,1,0,0,0,0,0.0,1.0,17,0,6,178698.5599999996,663005.4399999995,0,0.0,70.90144188657408,790,0,0,0,0,0,0,0,0,0,0,1,0,0.0,1.0,2,5,5,178384.34999999963,665200.3000000007,0,26.793016666666666,0.0,738,0,0,0,0,0,0,0,0,0,1,0,0,0.5150380749100542,0.8571673007021123,2,5,5,180688.8200000003,667179.6699999999,0,8.909683333333334,0.0,738,0,0,0,0,0,0,0,0,0,1,0,0,0.13917310096006574,-0.9902680687415703,1,0,0,1,0,0,0,0,0,0,0,0,0,0,0,0,0,1,0,0,0,0,1,0,0,0,0,0,0,0,0,0,0,0,0,0,0,0,0,0,1,0,0,0,1,0,0,0,0,0,0,0,0,0,0,0,0,0,0,0,0,0,1,0,0,0,0,1,0,0,0,0,0,0,0,0,0,0,0,0,0,0,0,1,0,0,0,0,0,0,0,0,0,0,0,0,0,0,0,0,0,1.7805992352621025,1.0,0.7690717108425148,1.0,0.6119622249504969,1.0,2.1069364619734494,1.0,178782.01749999984,664271.9325000001
2,0,10,177976.3700000001,658984.2100000009,0,0.0,82.34380024305555,1540,0,0,0,0,0,0,0,0,1,0,0,0,0.0,1.0,2,0,6,180765.86000000036,657536.9499999993,0,893.0055833333333,0.0,1295,0,0,0,0,0,1,0,0,0,0,0,0,0.0,1.0,2,0,6,180689.86000000036,657504.1899999995,0,893.0057666666667,0.0,1295,0,0,0,0,0,1,0,0,0,0,0,0,0.0,1.0,2,0,6,178337.98000000045,659866.5500000007,0,893.0057833333333,0.0,1295,0,0,0,0,0,1,0,0,0,0,0,0,0.0,1.0,0,0,0,1,0,0,0,0,0,0,0,0,0,0,0,0,0,1,0,0,0,0,1,0,0,0,0,0,0,0,0,0,0,0,0,0,0,0,0,0,1,0,0,0,0,1,0,0,0,0,0,0,0,0,0,0,0,0,0,0,0,0,0,0,1,0,0,0,1,0,0,0,0,0,0,0,0,0,0,0,0,0,0,0,0,0,0,0,1,0,0,0,0,0,0,0,0,0,0,0,0,1.3535931710653695,1.0,1.4130429809373983,1.0,1.37682199880429,1.0,1.5501679188983928,1.0,179442.5175000003,658472.9750000001
1,0,6,185909.0499999998,672709.9700000007,0,0.0,42.130539212962965,2324,0,0,0,0,1,0,0,0,0,0,0,0,0.0,1.0,1,0,10,185861.98000000045,672598.8100000005,0,0.0,42.130539525462964,2324,0,0,0,0,1,0,0,0,0,0,0,0,0.0,1.0,1,0,10,185945.34999999963,672815.7400000002,0,0.0,42.13054003472222,2324,0,0,0,0,1,0,0,0,0,0,0,0,0.0,1.0,1,0,6,184403.83999999985,672179.5,0,892.9937,0.0,790,0,0,0,0,0,0,0,0,0,0,1,0,0.0,1.0,0,0,0,1,0,0,0,0,0,0,0,0,0,0,0,0,0,1,0,0,0,0,1,0,0,0,0,0,0,0,0,0,0,0,0,0,0,0,0,0,1,0,0,0,0,1,0,0,0,0,0,0,0,0,0,0,0,0,0,0,0,0,0,0,1,0,0,0,1,0,0,0,0,0,0,0,0,0,0,0,0,0,0,0,0,0,0,0,1,0,0,2,0,0,0,0,0,0,0,0,0,0.9009627662449397,1.0,0.7457108639824452,1.0,1.0747756222623968,1.0,2.6761049886509727,0.0,247373.4066666666,896768.0066666672
2,0,6,177381.6299999999,661904.2699999996,0,0.0,103.71593710648148,785,0,0,0,0,0,0,0,1,0,0,0,0,0.0,1.0,2,0,10,179116.7000000002,665979.1099999994,0,0.0,96.84437461805555,1000,0,0,0,0,0,1,0,0,0,0,0,0,0.0,1.0,1,0,6,179062.41999999993,665885.5,0,0.0,58.620150011574076,1366,0,0,0,0,0,0,0,0,1,0,0,0,0.0,1.0,2,0,10,178547.0,665523.4900000002,0,0.0,56.66181670138889,1540,0,0,0,0,0,0,0,0,1,0,0,0,0.0,1.0,1,0,0,1,0,0,0,0,0,0,0,0,0,0,0,0,0,1,0,0,0,0,1,0,0,0,0,0,0,0,0,0,0,0,0,0,0,0,0,0,1,0,0,0,0,1,0,0,0,0,0,0,0,0,0,0,0,0,0,0,0,0,0,0,1,0,0,0,1,0,0,0,0,0,0,0,0,0,0,0,0,0,0,0,0,0,0,0,1,0,0,0,0,0,0,0,0,0,0,0,0,2.622331413614017,0.0,1.0853741354959872,1.0,0.9950171563036819,1.0,0.5860110461174939,1.0,238035.91666666666,886430.7899999997
2,0,6,177356.33999999985,661702.3200000003,0,0.0,103.38259763888888,785,0,0,0,0,0,0,0,1,0,0,0,0,0.0,1.0,17,0,6,178698.5599999996,663005.4399999995,0,0.0,71.10977354166667,790,0,0,0,0,0,0,0,0,0,0,1,0,0.0,1.0,1,0,6,180770.2999999998,661493.5800000001,0,0.0,25.489380069444444,1141,0,0,0,0,0,0,1,0,0,0,0,0,0.0,1.0,2,0,7,179356.41999999993,663419.3599999994,0,892.9906166666667,0.0,2205,0,0,0,0,1,0,0,0,0,0,0,0,0.0,1.0,1,0,0,1,0,0,0,0,0,0,0,0,0,0,0,0,0,1,0,0,0,0,1,0,0,0,0,0,0,0,0,0,0,0,0,0,0,0,0,0,1,0,0,0,0,1,0,0,0,0,0,0,0,0,0,0,0,0,0,0,0,0,0,0,1,0,0,0,1,0,0,0,0,0,0,0,0,0,0,0,0,0,0,0,0,0,0,0,1,0,0,0,0,0,0,0,0,0,0,0,0,1.7821942336791978,1.0,0.6753538871216969,1.0,1.9005547843332897,1.0,1.033392146561453,1.0,179045.4049999998,662405.1749999998
2,5,6,168359.00999999978,632151.0899999999,0,29.151533333333333,0.0,1540,0,0,0,0,0,0,0,0,1,0,0,0,-0.5150380749100542,-0.8571673007021123,2,5,5,167783.8200000003,633156.8399999999,0,25.2514,0.0,1540,0,0,0,0,0,0,0,0,1,0,0,0,-0.22495105434386498,-0.9743700647852352,2,5,5,168948.90000000037,637270.4600000009,0,20.767983333333333,0.0,1540,0,0,0,0,0,0,0,0,1,0,0,0,0.0697564737441253,0.9975640502598242,2,5,5,168201.41000000015,635060.5199999996,0,18.328733333333332,0.0,1366,0,0,0,0,0,0,0,0,1,0,0,0,0.45399049973954675,0.8910065241883679,0,0,1,0,0,0,0,0,0,0,0,0,0,0,0,0,1,0,0,0,0,1,0,0,0,0,0,0,0,0,0,0,0,0,0,1,0,0,0,0,0,0,0,0,1,0,0,0,0,0,0,0,0,0,0,0,0,0,0,0,1,0,0,0,0,0,0,0,0,1,0,0,0,0,0,0,0,0,1,0,0,0,0,0,0,0,0,0,0,0,0,2,0,0,0,0,0,0,0,0,0,1.9044286962768933,1.0,1.1500264462734804,1.0,2.4687982541188567,1.0,0.5582020228947668,1.0,168323.28500000015,634409.7275
2,0,10,177395.46999999974,662145.5199999996,0,0.0,100.24060791666666,2205,0,0,0,0,1,0,0,0,0,0,0,0,0.0,1.0,2,0,10,178693.75,665885.8900000006,0,0.0,55.95347826388889,1540,0,0,0,0,0,0,0,0,1,0,0,0,0.0,1.0,1,0,9,180759.6799999997,661531.8699999992,0,0.0,25.114369502314815,1141,0,0,0,0,0,0,1,0,0,0,0,0,0.0,1.0,1,0,10,180468.24000000025,661860.9900000002,0,0.0,12.07279542824074,649,0,0,0,0,0,0,1,0,0,0,0,0,0.0,1.0,1,0,0,1,0,0,0,0,0,0,0,0,0,0,0,0,0,1,0,0,0,0,1,0,0,0,0,0,0,0,0,0,0,0,0,0,0,0,0,0,1,0,0,0,0,1,0,0,0,0,0,0,0,0,0,0,0,0,0,0,0,0,0,0,1,0,0,0,1,0,0,0,0,0,0,0,0,0,0,0,0,0,0,0,0,0,0,0,1,0,0,0,0,0,0,0,0,0,0,0,0,1.316101756481237,1.0,1.9776185789580494,1.0,1.2452029564383078,1.0,0.9661534537393905,1.0,179329.28499999992,662856.0674999999
2,0,10,177937.33999999985,658564.3000000007,0,0.0,81.88546837962963,1540,0,0,0,0,0,0,0,0,1,0,0,0,0.0,1.0,2,0,10,177976.3700000001,658984.2100000009,0,0.0,81.88546855324074,1540,0,0,0,0,0,0,0,0,1,0,0,0,0.0,1.0,1,0,10,179004.88999999966,658838.9399999995,0,0.0,45.60431105324074,142,1,0,0,0,0,0,0,0,0,0,0,0,0.0,1.0,1,5,5,178148.5599999996,656320.4800000004,0,9.65795,0.0,649,0,0,0,0,0,0,1,0,0,0,0,0,1.0,6.123233995736766e-17,0,0,0,1,0,0,0,0,0,0,0,0,0,0,0,0,0,1,0,0,0,0,1,0,0,0,0,0,0,0,0,0,0,0,0,0,0,0,0,0,1,0,0,0,0,1,0,0,0,0,0,0,0,0,0,0,0,0,0,0,0,0,0,0,1,0,0,1,0,0,0,0,0,0,0,0,0,0,0,0,0,0,0,0,0,0,1,0,0,0,0,2,0,0,0,0,0,0,0,0,0,0.6708642159424996,1.0,1.131846835717377,1.0,1.3080753063929615,1.0,2.454341495732725,1.0,178266.7899999998,658176.9825000004
2,0,10,186214.3899999997,659530.0600000005,0,0.0,139.59435836805557,790,0,0,0,0,0,0,0,0,0,0,1,0,0.0,1.0,1,0,10,187667.66999999995,659861.0099999998,0,0.0,90.87013376157408,1353,0,0,0,0,0,0,0,1,0,0,0,0,0.0,1.0,2,5,5,185674.48000000045,659866.0999999996,0,16.72595,0.0,1000,0,0,0,0,0,1,0,0,0,0,0,0,0.20791169081775931,0.9781476007338057,1,0,6,187414.4500000002,659484.5999999996,0,3.60935,0.0,1000,0,0,0,0,0,1,0,0,0,0,0,0,0.0,1.0,0,0,0,1,0,0,0,0,0,0,0,0,0,0,0,0,0,1,0,0,0,0,1,0,0,0,0,0,0,0,0,0,0,0,0,0,0,0,0,0,1,0,0,0,1,0,0,0,0,0,0,0,0,0,0,0,0,0,0,1,0,0,0,0,0,0,0,0,1,0,0,0,0,0,0,0,0,0,0,0,0,0,0,0,0,0,0,0,1,0,0,0,0,0,0,0,0,0,0,0,0,1.0964959038556026,1.0,1.8743845929895604,1.0,2.1570988379416534,1.0,1.3958489579032118,1.0,186742.74750000006,659685.4424999999
2,0,10,179177.2000000002,662945.9700000007,0,0.0,155.75133619212963,1141,0,0,0,0,0,0,1,0,0,0,0,0,0.0,1.0,17,0,10,178626.95999999996,663024.7799999993,0,0.0,71.40144033564815,790,0,0,0,0,0,0,0,0,0,0,1,0,0.0,1.0,1,0,7,180759.6799999997,661531.8699999992,0,0.0,25.781046817129628,1141,0,0,0,0,0,0,1,0,0,0,0,0,0.0,1.0,2,5,7,179550.83999999985,665438.6400000006,0,4.740716666666667,0.0,395,0,0,0,1,0,0,0,0,0,0,0,0,0.992546151641322,0.12186934340514749,1,0,0,1,0,0,0,0,0,0,0,0,0,0,0,0,0,1,0,0,0,0,1,0,0,0,0,0,0,0,0,0,0,0,0,0,0,0,0,0,1,0,0,0,0,1,0,0,0,0,0,0,0,0,0,0,0,0,0,0,0,0,0,0,1,0,0,0,0,1,0,0,0,0,1,0,0,0,0,0,0,0,0,0,0,0,0,0,0,0,0,0,0,0,0,0,0,0,0,0,0,0.41632647667588996,1.0,0.8467948875650806,1.0,1.9220032701244332,1.0,2.0150486554335885,1.0,179528.66999999993,663235.315
17,0,10,178540.1799999997,663026.1099999994,0,0.0,71.06811788194445,790,0,0,0,0,0,0,0,0,0,0,1,0,0.0,1.0,17,0,6,178698.5599999996,663005.4399999995,0,0.0,71.06810633101851,790,0,0,0,0,0,0,0,0,0,0,1,0,0.0,1.0,1,0,10,180749.91999999995,661572.5,0,0.0,25.447712800925927,1141,0,0,0,0,0,0,1,0,0,0,0,0,0.0,1.0,2,0,6,180183.76999999955,662400.3399999999,0,413.03978333333333,0.0,1540,0,0,0,0,0,0,0,0,1,0,0,0,0.0,1.0,1,0,0,1,0,0,0,0,0,0,0,0,0,0,0,0,0,1,0,0,0,0,1,0,0,0,0,0,0,0,0,0,0,0,0,0,0,0,0,0,1,0,0,0,0,1,0,0,0,0,0,0,0,0,0,0,0,0,0,0,0,0,0,0,1,0,0,0,1,0,0,0,0,0,0,0,0,0,0,0,0,0,0,0,0,0,0,0,1,0,0,2,0,0,0,0,0,0,0,0,0,1.4711707644943692,1.0,1.2783692742612258,1.0,1.9789043916481082,1.0,0.8428269076822681,1.0,179543.1074999997,662501.0974999997
2,0,10,186205.24000000025,659506.6899999995,0,0.0,132.96935611111113,790,0,0,0,0,0,0,0,0,0,0,1,0,0.0,1.0,1,0,10,187498.5599999996,659374.9499999993,0,0.0,86.07847635416667,787,0,0,0,0,0,0,0,0,0,1,0,0,0.0,1.0,1,0,10,187663.8200000003,659810.7899999991,0,0.0,84.24513150462963,1353,0,0,0,0,0,0,0,1,0,0,0,0,0.0,1.0,1,0,10,186004.1399999997,659312.2799999993,0,0.0,41.04275876157407,787,0,0,0,0,0,0,0,0,0,1,0,0,0.0,1.0,0,0,0,1,0,0,0,0,0,0,0,0,0,0,0,0,0,1,0,0,0,0,1,0,0,0,0,0,0,0,0,0,0,0,0,0,0,0,0,0,1,0,0,0,0,1,0,0,0,0,0,0,0,0,0,0,0,0,0,0,0,0,0,0,1,0,0,0,1,0,0,0,0,0,0,0,0,0,0,0,0,0,0,0,0,0,0,0,1,0,0,0,0,0,0,0,0,0,0,0,0,1.3626631853257853,1.0,1.4266313704630582,1.0,1.8746392966953414,1.0,1.8372013148853514,1.0,186842.93999999994,659501.1774999993
2,0,10,177965.59999999963,658892.7699999996,0,0.0,82.5938125,1540,0,0,0,0,0,0,0,0,1,0,0,0,0.0,1.0,2,0,8,177956.8700000001,658813.6199999992,0,0.0,82.5938009375,1540,0,0,0,0,0,0,0,0,1,0,0,0,0.0,1.0,1,0,10,179004.88999999966,658838.9399999995,0,0.0,46.270976840277775,142,1,0,0,0,0,0,0,0,0,0,0,0,0.0,1.0,2,5,5,179050.65000000037,660277.3699999992,0,12.957033333333333,0.0,395,0,0,0,1,0,0,0,0,0,0,0,0,0.4694715627858908,0.882947592858927,0,0,0,1,0,0,0,0,0,0,0,0,0,0,0,0,0,1,0,0,0,0,1,0,0,0,0,0,0,0,0,0,0,0,0,0,0,0,0,0,1,0,0,0,0,1,0,0,0,0,0,0,0,0,0,0,0,0,0,0,0,0,0,0,1,0,0,1,0,0,0,0,0,0,0,0,0,0,0,0,0,0,0,1,0,0,0,0,0,0,0,2,0,0,0,0,0,0,0,0,0,1.0660367613871242,1.0,1.1542797553408979,1.0,1.09023962872967,1.0,2.0945098591389715,1.0,178494.50249999994,659205.6749999993
1,0,10,182329.61000000036,665960.5199999996,0,0.0,42.24733519675926,2205,0,0,0,0,1,0,0,0,0,0,0,0,0.0,1.0,1,5,5,181349.71,665746.7699999996,0,20.275766666666666,0.0,785,0,0,0,0,0,0,0,1,0,0,0,0,0.8090169943749475,-0.587785252292473,2,5,6,184220.86000000036,662787.0700000003,0,18.543416666666666,0.0,785,0,0,0,0,0,0,0,1,0,0,0,0,-0.9396926207859085,0.34202014332566816,2,1,5,183683.28000000023,665274.75,0,3.6462333333333334,0.0,1353,0,0,0,0,0,0,0,1,0,0,0,0,-0.0348994967025009,-0.9993908270190958,0,0,0,1,0,0,0,0,0,0,0,0,0,0,0,0,0,1,0,0,0,1,0,0,0,0,0,0,0,0,0,0,0,0,0,0,0,0,1,0,0,0,0,0,1,0,0,0,0,0,0,0,0,0,0,0,0,0,0,0,0,0,1,0,0,0,0,1,0,0,0,0,0,0,0,0,0,0,0,0,0,0,0,0,0,0,1,0,0,0,0,0,0,0,0,0,0,0,0,0,0,0.9723314650445465,1.0,1.4545553561769966,1.0,2.1113412069699113,1.0,0.7133102501464201,1.0,182895.86500000025,664942.2774999999
2,0,10,177347.7999999998,661625.0600000005,0,0.0,103.75761601851852,785,0,0,0,0,0,0,0,1,0,0,0,0,0.0,1.0,2,0,6,177381.58999999985,662031.7899999991,0,0.0,100.99150491898148,2205,0,0,0,0,1,0,0,0,0,0,0,0,0.0,1.0,2,0,10,180244.75,664183.7100000009,0,0.0,10.578460949074074,787,0,0,0,0,0,0,0,0,0,1,0,0,0.0,1.0,1,5,5,179431.98000000045,665609.5299999993,0,5.033766666666667,0.0,2324,0,0,0,0,1,0,0,0,0,0,0,0,0.9612616959383189,0.27563735581699916,1,0,0,1,0,0,0,0,0,0,0,0,0,0,0,0,0,1,0,0,0,0,1,0,0,0,0,0,0,0,0,0,0,0,0,0,0,0,0,0,1,0,0,0,0,1,0,0,0,0,0,0,0,0,0,0,0,0,0,0,0,0,0,0,1,0,0,1,0,0,0,0,0,0,0,0,0,0,0,0,0,0,0,0,0,1,0,0,0,0,0,2,0,0,0,0,0,0,0,0,0,1.482224161595402,1.0,1.2488994529940893,1.0,1.2708213997627267,1.0,1.6572378311093576,1.0,178601.53000000003,663362.5225
2,0,6,166776.03000000026,633865.5899999999,0,1012.9888166666667,0.0,2205,0,0,0,0,1,0,0,0,0,0,0,0,0.0,1.0,2,0,6,167042.24000000022,633549.8699999992,0,1012.9890666666666,0.0,2205,0,0,0,0,1,0,0,0,0,0,0,0,0.0,1.0,2,0,6,166706.13999999966,633958.7799999993,0,1023.0071166666667,0.0,2205,0,0,0,0,1,0,0,0,0,0,0,0,0.0,1.0,2,0,6,166706.13999999966,633958.7799999993,0,1023.0071166666667,0.0,2205,0,0,0,0,1,0,0,0,0,0,0,0,0.0,1.0,0,0,0,1,0,0,0,0,0,0,0,0,0,0,0,0,0,1,0,0,0,0,1,0,0,0,0,0,0,0,0,0,0,0,0,0,0,0,0,0,1,0,0,0,0,1,0,0,0,0,0,0,0,0,0,0,0,0,0,0,0,0,0,0,1,0,0,0,1,0,0,0,0,0,0,0,0,0,0,0,0,0,0,0,0,0,0,0,1,0,0,4,0,0,0,0,0,0,0,0,0,0.2951528683949108,1.0,2.4014083858325117,1.0,1.0537001969737994,1.0,1.0537001969737994,1.0,166807.63749999995,633833.2549999994
2,0,6,177356.33999999985,661702.3200000003,0,0.0,103.46592974537037,785,0,0,0,0,0,0,0,1,0,0,0,0,0.0,1.0,1,0,6,179674.59999999963,663477.4800000004,0,1012.9887833333333,0.0,2205,0,0,0,0,1,0,0,0,0,0,0,0,0.0,1.0,2,0,6,178627.33999999985,661095.3599999994,0,1012.9888,0.0,2205,0,0,0,0,1,0,0,0,0,0,0,0,0.0,1.0,2,5,5,179038.88999999966,665666.2400000002,0,21.538783333333335,0.0,235,1,0,0,0,0,0,0,0,0,0,0,0,0.0,1.0,1,0,0,1,0,0,0,0,0,0,0,0,0,0,0,0,0,1,0,0,0,0,1,0,0,0,0,0,0,0,0,0,0,0,0,0,0,0,0,0,1,0,0,0,0,1,0,0,0,0,0,0,0,0,0,0,0,0,0,0,0,0,0,0,1,0,0,0,1,0,0,0,0,0,0,0,0,0,0,0,0,0,0,0,0,0,0,1,0,0,0,0,0,0,0,0,0,0,0,0,0,1.4010631542327572,1.0,0.8491765404765971,1.0,1.440089940369018,1.0,2.06088955865167,1.0,178674.29249999975,662985.3500000001
2,0,10,180636.83000000007,664833.2699999996,0,0.0,58.70347539351852,2205,0,0,0,0,1,0,0,0,0,0,0,0,0.0,1.0,2,0,10,179182.24000000022,665961.1099999994,0,0.0,57.57230638888889,1141,0,0,0,0,0,0,1,0,0,0,0,0,0.0,1.0,2,0,6,181342.98000000045,668185.9800000004,0,953.0046,0.0,1295,0,0,0,0,0,1,0,0,0,0,0,0,0.0,1.0,2,0,6,179733.25,662487.6500000004,0,593.0379,0.0,1540,0,0,0,0,0,0,0,0,1,0,0,0,0.0,1.0,1,0,0,1,0,0,0,0,0,0,0,0,0,0,0,0,0,1,0,0,0,0,1,0,0,0,0,0,0,0,0,0,0,0,0,0,0,0,0,0,1,0,0,0,0,1,0,0,0,0,0,0,0,0,0,0,0,0,0,0,0,0,0,0,1,0,0,0,1,0,0,0,0,0,0,0,0,0,0,0,0,0,0,0,0,0,0,0,1,0,0,0,0,0,0,0,0,0,0,0,0,0.4681819756099334,1.0,0.8318713925967245,1.0,2.1041228518159816,1.0,2.026310146939662,1.0,180223.8250000002,665367.0025
2,0,10,177366.4400000004,661908.0899999999,0,0.0,100.28317046296296,2205,0,0,0,0,1,0,0,0,0,0,0,0,0.0,1.0,2,5,5,179216.8099999996,663433.6300000008,0,20.39885,0.0,1353,0,0,0,0,0,0,0,1,0,0,0,0,0.9876883405951377,-0.15643446504023104,2,5,5,180702.00999999975,664221.2300000004,0,19.83215,0.0,1353,0,0,0,0,0,0,0,1,0,0,0,0,0.27563735581699916,0.9612616959383189,2,5,5,180369.08999999985,668848.5899999999,0,3.0488,0.0,1353,0,0,0,0,0,0,0,1,0,0,0,0,0.992546151641322,0.12186934340514749,1,0,0,1,0,0,0,0,0,0,0,0,0,0,0,0,0,1,0,0,0,1,0,0,0,0,0,0,0,0,0,0,0,0,0,0,0,1,0,0,0,0,0,0,1,0,0,0,0,0,0,0,0,0,0,0,0,0,0,0,0,0,1,0,0,0,0,1,0,0,0,0,0,0,0,0,0,0,0,0,0,0,0,1,0,0,0,0,0,0,0,0,0,0,0,0,0,0,0,0,0,1.7387997645083475,1.0,0.6092126621213965,1.0,0.6904257360917484,1.0,2.2360086585854266,1.0,179413.5874999999,664602.8850000002
2,5,6,184937.33000000007,666345.1099999994,0,30.717933333333335,0.0,2324,0,0,0,0,1,0,0,0,0,0,0,0,0.10452846326765346,0.9945218953682733,1,3,5,183999.3099999996,664957.1799999997,0,23.634766666666668,0.0,2324,0,0,0,0,1,0,0,0,0,0,0,0,-0.3907311284892747,0.9205048534524399,1,5,5,185232.76999999955,664647.2300000004,0,7.8845,0.0,2324,0,0,0,0,1,0,0,0,0,0,0,0,0.9455185755993168,-0.3255681544571564,2,5,5,185220.8799999999,664507.8800000008,0,2.0017833333333335,0.0,2324,0,0,0,0,1,0,0,0,0,0,0,0,0.32556815445715664,0.9455185755993168,0,0,1,0,0,0,0,0,0,0,0,0,0,0,0,0,1,0,0,0,0,1,0,0,0,0,0,0,0,0,0,0,0,0,0,0,0,1,0,0,0,0,0,0,1,0,0,0,0,0,0,0,0,0,0,0,0,0,0,1,0,0,0,0,0,0,0,1,0,0,0,0,0,0,0,0,0,0,0,0,0,0,0,0,0,0,1,0,0,0,0,0,0,0,0,0,0,0,0,0,0,2.002038746855202,1.0,1.3996104113395473,1.0,0.9822693105400024,1.0,1.1553713991629075,1.0,184847.57249999978,665114.3500000001
2,0,10,180636.83000000007,664833.2699999996,0,0.0,58.71043332175926,2205,0,0,0,0,1,0,0,0,0,0,0,0,0.0,1.0,2,0,6,181342.98000000045,668185.9800000004,0,963.024,0.0,1295,0,0,0,0,0,1,0,0,0,0,0,0,0.0,1.0,2,0,6,179733.25,662487.6500000004,0,603.0573166666667,0.0,1540,0,0,0,0,0,0,0,0,1,0,0,0,0.0,1.0,2,0,6,179733.25,662487.6500000004,0,603.0573166666667,0.0,1540,0,0,0,0,0,0,0,0,1,0,0,0,0.0,1.0,1,0,0,1,0,0,0,0,0,0,0,0,0,0,0,0,0,1,0,0,0,0,1,0,0,0,0,0,0,0,0,0,0,0,0,0,0,0,0,0,1,0,0,0,0,1,0,0,0,0,0,0,0,0,0,0,0,0,0,0,0,0,0,0,1,0,0,0,1,0,0,0,0,0,0,0,0,0,0,0,0,0,0,0,0,0,0,0,1,0,0,2,0,0,0,0,0,0,0,0,0,0.28785897384256104,1.0,2.534973786189984,0.0,1.3996972100156984,1.0,1.3996972100156984,1.0,240482.1033333335,885998.1833333336
2,5,7,188027.4400000004,668142.2899999991,0,16.250983333333334,0.0,2324,0,0,0,0,1,0,0,0,0,0,0,0,-0.7880107536067221,-0.6156614753256581,1,5,8,188657.6799999997,668087.0199999996,0,15.034366666666667,0.0,2324,0,0,0,0,1,0,0,0,0,0,0,0,-0.6560590289905074,0.7547095802227719,2,5,5,187707.5700000003,665844.7100000009,0,5.134366666666667,0.0,2324,0,0,0,0,1,0,0,0,0,0,0,0,0.17364817766693033,0.984807753012208,2,4,5,186119.74000000025,667209.5899999999,0,13.224166666666667,0.0,2205,0,0,0,0,1,0,0,0,0,0,0,0,-0.19080899537654472,-0.981627183447664,0,0,1,0,0,0,0,0,0,0,0,0,0,0,0,0,1,0,0,0,0,0,0,1,0,0,0,0,0,1,0,0,0,0,0,0,0,0,0,0,0,0,0,0,1,0,0,0,0,0,0,0,0,0,0,0,0,0,0,1,0,0,0,0,0,0,0,1,0,0,0,0,0,0,0,0,0,0,0,0,0,0,0,0,0,0,1,0,0,0,0,0,0,0,0,0,0,0,0,0,0,0.9795958147808653,1.0,1.3764719934826317,1.0,1.5856149432178739,1.0,1.6222320226796156,1.0,187628.10750000016,667320.9024999999
1,0,10,180749.91999999995,661572.5,0,0.0,25.579669976851854,1141,0,0,0,0,0,0,1,0,0,0,0,0,0.0,1.0,2,0,6,180183.76999999955,662400.3399999999,0,603.0581,0.0,1540,0,0,0,0,0,0,0,0,1,0,0,0,0.0,1.0,2,0,6,180142.7000000002,662402.7100000009,0,603.0581,0.0,1540,0,0,0,0,0,0,0,0,1,0,0,0,0.0,1.0,2,5,5,179038.88999999966,665666.2400000002,0,31.558133333333334,0.0,235,1,0,0,0,0,0,0,0,0,0,0,0,0.0,1.0,1,0,0,1,0,0,0,0,0,0,0,0,0,0,0,0,0,1,0,0,0,0,1,0,0,0,0,0,0,0,0,0,0,0,0,0,0,0,0,0,1,0,0,0,0,1,0,0,0,0,0,0,0,0,0,0,0,0,0,0,0,0,0,0,1,0,0,0,1,0,0,0,0,0,0,0,0,0,0,0,0,0,0,0,0,0,0,1,0,0,0,2,0,0,0,0,0,0,0,0,0,1.469001323346063,1.0,0.5748394602953542,1.0,0.5646468136218669,1.0,2.588279733755943,0.0,240038.42666666643,884013.9300000003
2,0,10,186290.9000000004,659876.8599999994,0,0.0,132.6777015972222,790,0,0,0,0,0,0,0,0,0,0,1,0,0.0,1.0,20,0,6,187270.0,659512.6500000004,0,0.0,1.7868335300925926,787,0,0,0,0,0,0,0,0,0,1,0,0,0.0,1.0,1,0,7,187286.83999999985,659459.1400000006,0,0.0,1.7868335300925926,787,0,0,0,0,0,0,0,0,0,1,0,0,0.0,1.0,2,0,8,186370.9000000004,660223.4299999997,0,333.7069833333333,0.0,2324,0,0,0,0,1,0,0,0,0,0,0,0,0.0,1.0,0,0,0,1,0,0,0,0,0,0,0,0,0,0,0,0,0,1,0,0,0,0,1,0,0,0,0,0,0,0,0,0,0,0,0,0,0,0,0,0,1,0,0,0,0,1,0,0,0,0,0,0,0,0,0,0,0,0,0,0,0,0,0,0,1,0,0,0,1,0,0,0,0,0,0,0,0,0,0,0,0,0,0,0,0,0,0,0,1,0,0,2,0,0,0,0,0,0,0,0,0,1.341741741163067,1.0,1.3561611204278274,1.0,1.4630156867895499,1.0,1.606844526447423,1.0,186804.66000000015,659768.02
2,0,10,179193.58000000007,662978.9499999993,0,0.0,158.75376711805555,1141,0,0,0,0,0,0,1,0,0,0,0,0,0.0,1.0,1,0,10,180135.2000000002,662368.6999999993,0,0.0,107.63402170138889,1353,0,0,0,0,0,0,0,1,0,0,0,0,0.0,1.0,2,0,6,178813.41999999993,666065.5299999993,0,0.0,96.80270225694444,1000,0,0,0,0,0,1,0,0,0,0,0,0,0.0,1.0,1,0,10,179022.34999999963,665899.0600000005,0,0.0,58.57847774305556,1366,0,0,0,0,0,0,0,0,1,0,0,0,0.0,1.0,1,0,0,1,0,0,0,0,0,0,0,0,0,0,0,0,0,1,0,0,0,0,1,0,0,0,0,0,0,0,0,0,0,0,0,0,0,0,0,0,1,0,0,0,0,1,0,0,0,0,0,0,0,0,0,0,0,0,0,0,0,0,0,0,1,0,0,0,1,0,0,0,0,0,0,0,0,0,0,0,0,0,0,0,0,0,0,0,1,0,0,0,0,0,0,0,0,0,0,0,0,1.2438816544267117,1.0,1.9619052496222449,1.0,1.6570720457403296,1.0,1.465684956415081,1.0,179291.13749999995,664328.0599999996
1,0,10,182281.0499999998,666002.6300000008,0,0.0,40.330665081018516,2205,0,0,0,0,1,0,0,0,0,0,0,0,0.0,1.0,2,5,5,181167.4400000004,665480.0999999996,0,19.807866666666666,0.0,1366,0,0,0,0,0,0,0,0,1,0,0,0,-0.8660254037844385,-0.5000000000000004,2,5,7,181612.58000000007,665780.4900000002,0,5.14105,0.0,1366,0,0,0,0,0,0,0,0,1,0,0,0,-0.5150380749100542,-0.8571673007021123,2,5,5,184439.09999999963,662647.0700000003,0,2.47485,0.0,1366,0,0,0,0,0,0,0,0,1,0,0,0,0.5591929034707469,-0.8290375725550416,0,0,0,1,0,0,0,0,0,0,0,0,0,0,0,0,0,1,0,0,0,1,0,0,0,0,0,0,0,0,0,0,0,0,0,0,0,0,1,0,0,0,0,0,0,0,1,0,0,0,0,0,0,1,0,0,0,0,0,0,0,0,0,0,0,0,0,1,0,0,0,0,0,0,0,0,0,0,0,0,0,0,0,0,0,0,1,0,0,0,0,0,0,0,0,0,0,0,0,0,0,0.7875421768891628,1.0,1.0007183619696942,1.0,0.8471439809048552,1.0,2.3817964900499278,1.0,182375.04249999998,664977.5725000002
1,0,7,179078.8099999996,645173.0500000007,0,0.0,1.828465601851852,1366,0,0,0,0,0,0,0,0,1,0,0,0,0.0,1.0,1,0,6,179078.8099999996,645173.0500000007,0,0.0,1.8284658449074074,1366,0,0,0,0,0,0,0,0,1,0,0,0,0.0,1.0,1,0,8,178853.0599999996,645047.1500000004,0,0.0,1.828466099537037,1366,0,0,0,0,0,0,0,0,1,0,0,0,0.0,1.0,2,5,5,181557.5700000003,644642.7200000007,0,18.1398,0.0,649,0,0,0,0,0,0,1,0,0,0,0,0,-0.5591929034707473,0.8290375725550414,0,0,0,1,0,0,0,0,0,0,0,0,0,0,0,0,0,1,0,0,0,0,1,0,0,0,0,0,0,0,0,0,0,0,0,0,0,0,0,0,1,0,0,0,0,1,0,0,0,0,0,0,0,0,0,0,0,0,0,0,0,0,0,0,1,0,0,1,0,0,0,0,0,0,0,0,0,0,0,0,0,0,0,0,1,0,0,0,0,0,0,0,0,0,0,0,0,0,0,0,0,0.8839368701156508,1.0,0.8839368701156508,1.0,1.1902042984825525,1.0,2.938444852821042,0.0,239522.74999999968,860011.9900000008
1,0,6,185909.0499999998,672709.9700000007,0,0.0,33.297203206018516,2324,0,0,0,0,1,0,0,0,0,0,0,0,0.0,1.0,1,0,10,185861.98000000045,672598.8100000005,0,0.0,33.29720358796296,2324,0,0,0,0,1,0,0,0,0,0,0,0,0.0,1.0,1,0,10,185945.34999999963,672815.7400000002,0,0.0,33.29720427083333,2324,0,0,0,0,1,0,0,0,0,0,0,0,0.0,1.0,2,5,6,184894.73000000045,672425.0500000007,0,4.790883333333333,0.0,1366,0,0,0,0,0,0,0,0,1,0,0,0,0.3420201433256687,0.9396926207859084,0,0,0,1,0,0,0,0,0,0,0,0,0,0,0,0,0,1,0,0,0,0,1,0,0,0,0,0,0,0,0,0,0,0,0,0,0,0,0,0,1,0,0,0,0,1,0,0,0,0,0,0,0,0,0,0,0,0,0,0,0,0,0,0,1,0,0,0,0,1,0,0,0,0,1,0,0,0,0,0,0,0,0,0,0,0,0,0,0,0,0,2,0,0,0,0,0,0,0,0,0,0.9133036673212527,1.0,0.7294408170672979,1.0,1.1749143983826837,1.0,2.699353663408497,0.0,247537.03666666677,896849.8566666674
1,0,10,185945.34999999963,672815.7400000002,0,0.0,34.13053567129629,2324,0,0,0,0,1,0,0,0,0,0,0,0,0.0,1.0,2,5,5,185221.9000000004,671576.1500000004,0,23.654633333333333,0.0,1000,0,0,0,0,0,1,0,0,0,0,0,0,-0.9876883405951378,0.15643446504023067,2,5,5,184591.4000000004,672673.5899999999,0,7.837983333333334,0.0,1000,0,0,0,0,0,1,0,0,0,0,0,0,0.9510565162951536,-0.30901699437494734,2,5,8,182992.1200000001,671926.8000000007,0,32.763783333333336,0.0,2324,0,0,0,0,1,0,0,0,0,0,0,0,-0.13917310096006588,0.9902680687415703,0,0,0,1,0,0,0,0,0,0,0,0,0,0,0,0,0,1,0,0,0,0,0,1,0,0,0,0,0,0,0,0,1,0,0,0,0,0,0,0,0,0,0,0,1,0,0,0,0,0,0,0,0,0,0,0,0,0,0,0,0,0,1,0,0,0,0,1,0,0,0,0,0,0,0,0,0,0,0,0,0,0,0,0,0,0,1,0,0,0,0,0,0,0,0,0,0,0,0,0,0,1.720309715718503,1.0,1.0702111023350538,1.0,0.5439301952052995,1.0,2.1515636440700576,1.0,184687.69250000012,672248.0700000003
2,5,6,185608.0,666637.2100000009,0,29.25711666666667,0.0,1295,0,0,0,0,0,1,0,0,0,0,0,0,-0.9998476951563913,-0.017452406437283498,2,5,5,187036.6900000004,667117.5199999996,0,21.84065,0.0,1295,0,0,0,0,0,1,0,0,0,0,0,0,0.3090169943749475,-0.9510565162951535,2,5,7,185905.33999999985,667489.0700000003,0,13.9571,0.0,1295,0,0,0,0,0,1,0,0,0,0,0,0,-1.0,-1.8369701987210297e-16,2,5,6,186112.7199999997,667488.8399999999,0,7.8905,0.0,1295,0,0,0,0,0,1,0,0,0,0,0,0,-0.9993908270190957,-0.03489949670250165,0,0,1,0,0,0,0,0,0,0,0,0,0,0,0,0,1,0,0,0,0,1,0,0,0,0,0,0,0,0,0,0,0,0,0,0,0,0,1,0,0,0,0,0,1,0,0,0,0,0,0,0,0,0,0,0,0,0,0,0,0,0,1,0,0,0,0,1,0,0,0,0,0,0,0,0,0,0,0,0,0,0,0,0,0,0,1,0,0,0,0,2,0,0,0,0,0,0,0,0,0,1.7662979669540388,1.0,1.9768655136001274,1.0,0.9091347417132589,1.0,0.7021322045037374,1.0,186165.6875,667183.1600000001
2,0,10,192534.98000000045,673815.4399999995,0,0.0,16.620123252314816,787,0,0,0,0,0,0,0,0,0,1,0,0,0.0,1.0,2,0,10,192609.91000000012,673792.8699999992,0,0.0,16.62012369212963,787,0,0,0,0,0,0,0,0,0,1,0,0,0.0,1.0,2,0,10,192534.98000000045,673815.4399999995,0,0.0,16.661789756944444,787,0,0,0,0,0,0,0,0,0,1,0,0,0.0,1.0,2,0,10,192609.91000000012,673792.8699999992,0,0.0,16.66179017361111,787,0,0,0,0,0,0,0,0,0,1,0,0,0.0,1.0,0,0,0,1,0,0,0,0,0,0,0,0,0,0,0,0,0,1,0,0,0,0,1,0,0,0,0,0,0,0,0,0,0,0,0,0,0,0,0,0,1,0,0,0,0,1,0,0,0,0,0,0,0,0,0,0,0,0,0,0,0,0,0,0,1,0,0,0,1,0,0,0,0,0,0,0,0,0,0,0,0,0,0,0,0,0,0,0,1,0,0,4,0,0,0,0,0,0,0,0,0,1.6052392588727724,1.0,1.605239258871629,1.0,1.6052392588727724,1.0,1.605239258871629,1.0,192572.4450000003,673804.1549999993
2,0,10,177419.7000000002,662364.0999999996,0,0.0,107.07483341435186,2205,0,0,0,0,1,0,0,0,0,0,0,0,0.0,1.0,2,0,6,177412.58000000007,662309.3499999996,0,0.0,107.07483341435186,2205,0,0,0,0,1,0,0,0,0,0,0,0,0.0,1.0,1,0,7,180774.2199999997,661479.4800000004,0,0.0,6.926847256944445,1141,0,0,0,0,0,0,1,0,0,0,0,0,0.0,1.0,2,5,5,180067.8099999996,664039.0999999996,0,17.626766666666665,0.0,1295,0,0,0,0,0,1,0,0,0,0,0,0,0.6819983600624985,0.7313537016191706,1,0,0,1,0,0,0,0,0,0,0,0,0,0,0,0,0,1,0,0,0,0,1,0,0,0,0,0,0,0,0,0,0,0,0,0,0,0,0,0,1,0,0,0,0,1,0,0,0,0,0,0,0,0,0,0,0,0,0,0,0,0,0,0,1,0,0,1,0,0,0,0,0,0,0,0,0,0,0,0,0,0,0,0,1,0,0,0,0,0,0,2,0,0,0,0,0,0,0,0,0,1.2314637046064159,1.0,1.2434288871418118,1.0,1.746176125395932,1.0,1.5351941195873349,1.0,178918.5774999999,662548.0074999998
2,0,10,178578.91999999993,665596.5600000005,0,0.0,56.078493449074074,1540,0,0,0,0,0,0,0,0,1,0,0,0,0.0,1.0,2,0,10,178672.3799999999,665806.7899999991,0,0.0,56.07849346064815,1540,0,0,0,0,0,0,0,0,1,0,0,0,0.0,1.0,1,0,6,180794.6399999997,661410.1999999993,0,314.6972666666667,0.0,1141,0,0,0,0,0,0,1,0,0,0,0,0,0.0,1.0,2,5,6,178466.0700000003,664181.6699999999,0,22.6139,0.0,1366,0,0,0,0,0,0,0,0,1,0,0,0,-0.35836794954530077,0.9335804264972015,1,0,0,1,0,0,0,0,0,0,0,0,0,0,0,0,0,1,0,0,0,0,1,0,0,0,0,0,0,0,0,0,0,0,0,0,0,0,0,0,1,0,0,0,0,1,0,0,0,0,0,0,0,0,0,0,0,0,0,0,0,0,0,0,1,0,0,1,0,0,0,0,0,0,0,0,0,0,0,0,0,0,0,0,0,0,1,0,0,0,0,2,0,0,0,0,0,0,0,0,0,1.0704787974162715,1.0,1.1940006498471334,1.0,2.4212709595344544,1.0,0.4893929822074926,1.0,179128.00249999994,664248.8049999997
1,0,10,187492.6399999997,659382.8399999999,0,0.0,85.91181819444445,787,0,0,0,0,0,0,0,0,0,1,0,0,0.0,1.0,1,0,10,186028.3899999997,659304.3200000003,0,0.0,40.87608915509259,787,0,0,0,0,0,0,0,0,0,1,0,0,0.0,1.0,20,0,6,187270.0,659512.6500000004,0,0.0,1.9118414930555556,787,0,0,0,0,0,0,0,0,0,1,0,0,0.0,1.0,2,0,6,186351.3200000003,660157.3000000007,0,515.1183833333333,0.0,2324,0,0,0,0,1,0,0,0,0,0,0,0,0.0,1.0,0,0,0,1,0,0,0,0,0,0,0,0,0,0,0,0,0,1,0,0,0,0,1,0,0,0,0,0,0,0,0,0,0,0,0,0,0,0,0,0,1,0,0,0,0,1,0,0,0,0,0,0,0,0,0,0,0,0,0,0,0,0,0,0,1,0,0,0,1,0,0,0,0,0,0,0,0,0,0,0,0,0,0,0,0,0,0,0,1,0,0,0,0,0,0,0,0,0,0,0,0,1.5540476369718397,1.0,1.7069452834156111,1.0,1.0347387460584732,1.0,1.508551226252706,1.0,186785.5874999999,659589.2775000003
2,0,10,180636.83000000007,664833.2699999996,0,0.0,58.28681457175926,2205,0,0,0,0,1,0,0,0,0,0,0,0,0.0,1.0,1,1,8,180728.23000000045,664189.9700000007,0,6.729633333333333,0.0,1353,0,0,0,0,0,0,0,1,0,0,0,0,-0.9510565162951536,0.30901699437494723,2,5,5,179290.08999999985,663936.0299999993,0,6.079733333333333,0.0,1353,0,0,0,0,0,0,0,1,0,0,0,0,0.9702957262759965,-0.24192189559966779,2,5,5,181122.21,666456.7899999991,0,4.346266666666667,0.0,1353,0,0,0,0,0,0,0,1,0,0,0,0,-0.9335804264972021,0.35836794954529955,1,0,0,1,0,0,0,0,0,0,0,0,0,0,0,0,0,1,0,0,0,1,0,0,0,0,0,0,0,0,0,0,0,0,0,0,0,0,1,0,0,0,0,0,1,0,0,0,0,0,0,0,0,0,0,0,0,0,0,0,0,0,1,0,0,0,0,1,0,0,0,0,0,0,0,0,0,0,0,0,0,0,0,1,0,0,0,0,0,0,0,0,0,0,0,0,0,0,0,0,0,0.23153424268103415,1.0,0.8636686549646252,1.0,1.763713591671821,1.0,2.0811614307594386,1.0,180444.34000000008,664854.0149999997
2,0,6,177426.34999999963,662419.4100000001,0,0.0,100.65816300925925,2205,0,0,0,0,1,0,0,0,0,0,0,0,0.0,1.0,2,0,10,178909.51999999955,666038.7699999996,0,0.0,96.55270002314815,1000,0,0,0,0,0,1,0,0,0,0,0,0,0.0,1.0,2,0,10,179045.6900000004,665999.7799999993,0,0.0,96.5527000462963,1000,0,0,0,0,0,1,0,0,0,0,0,0,0.0,1.0,2,0,6,181433.8099999996,668673.2300000004,0,893.0047333333333,0.0,1295,0,0,0,0,0,1,0,0,0,0,0,0,0.0,1.0,1,0,0,1,0,0,0,0,0,0,0,0,0,0,0,0,0,1,0,0,0,0,1,0,0,0,0,0,0,0,0,0,0,0,0,0,0,0,0,0,1,0,0,0,0,1,0,0,0,0,0,0,0,0,0,0,0,0,0,0,0,0,0,0,1,0,0,0,1,0,0,0,0,0,0,0,0,0,0,0,0,0,0,0,0,0,0,0,1,0,0,2,0,0,0,0,0,0,0,0,0,2.079178655427974,1.0,0.21318779472108687,1.0,0.1467500027748953,1.0,1.9952700812868136,1.0,179203.8424999998,665782.7974999999
2,0,10,177366.4400000004,661908.0899999999,0,0.0,100.61649797453704,2205,0,0,0,0,1,0,0,0,0,0,0,0,0.0,1.0,2,0,6,177426.34999999963,662419.4100000001,0,0.0,100.61649797453704,2205,0,0,0,0,1,0,0,0,0,0,0,0,0.0,1.0,2,0,6,179434.73000000045,663473.0600000005,0,892.99045,0.0,2205,0,0,0,0,1,0,0,0,0,0,0,0,0.0,1.0,2,0,6,180032.48000000045,662401.8000000007,0,473.04043333333334,0.0,1540,0,0,0,0,0,0,0,0,1,0,0,0,0.0,1.0,1,0,0,1,0,0,0,0,0,0,0,0,0,0,0,0,0,1,0,0,0,0,1,0,0,0,0,0,0,0,0,0,0,0,0,0,0,0,0,0,1,0,0,0,0,1,0,0,0,0,0,0,0,0,0,0,0,0,0,0,0,0,0,0,1,0,0,0,1,0,0,0,0,0,0,0,0,0,0,0,0,0,0,0,0,0,0,0,1,0,0,2,0,0,0,0,0,0,0,0,0,1.5466537759914405,1.0,1.3035769401139385,1.0,1.441925148046927,1.0,1.6775535686133445,1.0,178565.00000000023,662550.5900000003
2,0,10,177976.3700000001,658984.2100000009,0,0.0,82.39242446759259,1540,0,0,0,0,0,0,0,0,1,0,0,0,0.0,1.0,2,0,10,177976.3700000001,658984.2100000009,0,0.0,82.39242446759259,1540,0,0,0,0,0,0,0,0,1,0,0,0,0.0,1.0,2,0,10,177976.3700000001,658984.2100000009,0,0.0,82.39242446759259,1540,0,0,0,0,0,0,0,0,1,0,0,0,0.0,1.0,2,0,6,177930.33999999985,658470.2899999991,0,963.0247166666667,0.0,1295,0,0,0,0,0,1,0,0,0,0,0,0,0.0,1.0,0,0,0,1,0,0,0,0,0,0,0,0,0,0,0,0,0,1,0,0,0,0,1,0,0,0,0,0,0,0,0,0,0,0,0,0,0,0,0,0,1,0,0,0,0,1,0,0,0,0,0,0,0,0,0,0,0,0,0,0,0,0,0,0,1,0,0,0,1,0,0,0,0,0,0,0,0,0,0,0,0,0,0,0,0,0,0,0,1,0,0,4,0,0,0,0,0,0,0,0,0,1.0640221693323233,1.0,1.0640221693323233,1.0,1.0640221693323233,1.0,3.1920665079969703,0.0,237286.4833333334,878474.3066666672
2,0,10,179116.7000000002,665979.1099999994,0,0.0,57.1973141087963,1141,0,0,0,0,0,0,1,0,0,0,0,0,0.0,1.0,2,0,10,179182.24000000022,665961.1099999994,0,0.0,57.19731418981481,1141,0,0,0,0,0,0,1,0,0,0,0,0,0.0,1.0,1,0,6,180789.41999999995,661429.6300000008,0,254.68235,0.0,1141,0,0,0,0,0,0,1,0,0,0,0,0,0.0,1.0,2,1,5,179714.86000000034,662928.6300000008,0,26.499133333333333,0.0,1540,0,0,0,0,0,0,0,0,1,0,0,0,0.25881904510252074,0.9659258262890683,1,0,0,1,0,0,0,0,0,0,0,0,0,0,0,0,0,1,0,0,0,0,1,0,0,0,0,0,0,0,0,0,0,0,0,0,0,0,0,0,1,0,0,0,0,1,0,0,0,0,0,0,0,0,0,0,0,0,0,0,0,0,0,0,1,0,0,1,0,0,0,0,0,0,0,0,0,0,0,0,0,0,0,1,0,0,0,0,0,0,0,2,0,0,0,0,0,0,0,0,0,1.5101846440251645,1.0,1.483207679914408,1.0,2.1683760139615647,1.0,0.8688472567628862,1.0,179700.80500000017,664074.6200000001
2,0,6,175876.00999999978,658912.0899999999,0,0.0,2.161833611111111,1540,0,0,0,0,0,0,0,0,1,0,0,0,0.0,1.0,2,0,8,175870.9400000004,659360.8900000006,0,0.0,2.161833888888889,1540,0,0,0,0,0,0,0,0,1,0,0,0,0.0,1.0,2,0,6,176768.33000000007,658079.6799999997,0,0.0,2.1618339351851854,1540,0,0,0,0,0,0,0,0,1,0,0,0,0.0,1.0,2,5,6,176521.09999999963,658020.4000000004,0,30.590366666666668,0.0,787,0,0,0,0,0,0,0,0,0,1,0,0,-0.891006524188368,0.45399049973954664,0,0,0,1,0,0,0,0,0,0,0,0,0,0,0,0,0,1,0,0,0,0,1,0,0,0,0,0,0,0,0,0,0,0,0,0,0,0,0,0,1,0,0,0,0,1,0,0,0,0,0,0,0,0,0,0,0,0,0,0,0,0,0,0,1,0,0,1,0,0,0,0,0,0,0,0,0,0,0,0,0,0,0,0,0,0,1,0,0,0,0,2,0,0,0,0,0,0,0,0,0,1.036478831211392,1.0,1.7888410359144027,1.0,1.5040758026086296,1.0,1.3100228396383953,1.0,176259.09499999997,658593.2650000001
2,0,6,177405.6900000004,662240.8399999999,0,0.0,100.44983222222223,2205,0,0,0,0,1,0,0,0,0,0,0,0,0.0,1.0,2,0,10,178618.1799999997,665686.4600000009,0,0.0,56.16181137731481,1540,0,0,0,0,0,0,0,0,1,0,0,0,0.0,1.0,1,0,6,179719.23000000045,665936.1300000008,0,0.0,13.120167858796297,1366,0,0,0,0,0,0,0,0,1,0,0,0,0.0,1.0,2,5,6,180858.36000000036,666360.4199999999,0,27.95841666666667,0.0,787,0,0,0,0,0,0,0,0,0,1,0,0,-0.06975647374412476,0.9975640502598243,1,0,0,1,0,0,0,0,0,0,0,0,0,0,0,0,0,1,0,0,0,0,1,0,0,0,0,0,0,0,0,0,0,0,0,0,0,0,0,0,1,0,0,0,0,1,0,0,0,0,0,0,0,0,0,0,0,0,0,0,0,0,0,0,1,0,0,1,0,0,0,0,0,0,0,0,0,0,0,0,0,0,0,1,0,0,0,0,0,0,0,0,0,0,0,0,0,0,0,0,0,2.264966769029362,1.0,0.5642549060813221,1.0,0.7167093923028609,1.0,1.4697700412182482,1.0,179150.36500000022,665055.9625000004
2,0,6,186214.3899999997,659530.0600000005,0,0.0,139.5943829050926,790,0,0,0,0,0,0,0,0,0,0,1,0,0.0,1.0,1,0,6,187667.66999999995,659861.0099999998,0,0.0,90.8701349074074,1353,0,0,0,0,0,0,0,1,0,0,0,0,0.0,1.0,1,0,8,185966.8899999997,659906.9199999999,0,0.0,4.849926863425926,1353,0,0,0,0,0,0,0,1,0,0,0,0,0.0,1.0,2,0,7,186285.4500000002,659886.3100000005,0,0.0,4.849915127314815,1353,0,0,0,0,0,0,0,1,0,0,0,0,0.0,1.0,0,0,0,1,0,0,0,0,0,0,0,0,0,0,0,0,0,1,0,0,0,0,1,0,0,0,0,0,0,0,0,0,0,0,0,0,0,0,0,0,1,0,0,0,0,1,0,0,0,0,0,0,0,0,0,0,0,0,0,0,0,0,0,0,1,0,0,0,1,0,0,0,0,0,0,0,0,0,0,0,0,0,0,0,0,0,0,0,1,0,0,0,0,0,0,0,0,0,0,0,0,1.0137299046157535,1.0,2.771266305755974,0.0,1.4087727548313405,1.0,0.6441822494702004,1.0,248711.46666666653,879728.1000000002
2,0,10,177437.83000000007,662499.7699999996,0,0.0,100.4498320949074,2205,0,0,0,0,1,0,0,0,0,0,0,0,0.0,1.0,2,0,10,178747.04000000004,666085.1899999995,0,0.0,56.1618112962963,1540,0,0,0,0,0,0,0,0,1,0,0,0,0.0,1.0,2,0,6,180344.96,664164.5899999999,0,0.0,10.036788113425926,787,0,0,0,0,0,0,0,0,0,1,0,0,0.0,1.0,2,4,5,180969.16999999995,665404.0,0,2.6915666666666667,0.0,787,0,0,0,0,0,0,0,0,0,1,0,0,-0.6560590289905074,0.7547095802227719,1,0,0,1,0,0,0,0,0,0,0,0,0,0,0,0,0,1,0,0,0,0,1,0,0,0,0,0,0,0,0,0,0,0,0,0,0,0,0,0,1,0,0,0,0,1,0,0,0,0,0,0,0,0,0,0,0,0,0,0,0,0,0,0,1,0,0,0,0,1,0,0,0,0,0,0,0,0,0,0,1,0,0,0,0,0,0,0,0,0,0,0,0,0,0,0,0,0,0,0,0,2.049118955349816,1.0,1.2164183672824755,1.0,0.7576411284069551,1.0,1.3220216399333098,1.0,179374.75,664538.3874999997
2,0,7,191283.08999999985,675529.3599999994,0,0.0,1.3467884027777777,1295,0,0,0,0,0,1,0,0,0,0,0,0,0.0,1.0,2,0,6,191370.46,675506.0700000003,0,0.0,1.3467891435185184,1295,0,0,0,0,0,1,0,0,0,0,0,0,0.0,1.0,1,5,5,190960.1200000001,676968.3000000007,0,24.49255,0.0,738,0,0,0,0,0,0,0,0,0,1,0,0,-0.01745240643728445,0.9998476951563913,2,5,5,190941.8200000003,675722.8300000001,0,17.91065,0.0,738,0,0,0,0,0,0,0,0,0,1,0,0,-0.275637355816999,-0.9612616959383189,0,0,0,1,0,0,0,0,0,0,0,0,0,0,0,0,0,1,0,0,0,0,1,0,0,0,0,0,0,0,0,0,0,0,0,0,0,0,0,0,1,0,0,0,1,0,0,0,0,0,0,0,0,0,0,0,0,0,0,0,0,0,1,0,0,0,0,1,0,0,0,0,0,0,0,0,0,0,0,0,0,0,0,0,0,0,1,0,0,0,0,2,0,0,0,0,0,0,0,0,0,1.0751805031501704,1.0,1.2189721560439144,1.0,2.6466492405745785,0.0,0.7223437500813777,1.0,254851.83000000007,901242.1866666669
1,0,10,185861.98000000045,672598.8100000005,0,0.0,35.63053765046296,2324,0,0,0,0,1,0,0,0,0,0,0,0,0.0,1.0,1,0,10,185945.34999999963,672815.7400000002,0,0.0,35.63053799768519,2324,0,0,0,0,1,0,0,0,0,0,0,0,0.0,1.0,1,0,6,185909.0499999998,672709.9700000007,0,0.0,35.67220247685185,2324,0,0,0,0,1,0,0,0,0,0,0,0,0.0,1.0,2,5,10,184476.59999999963,671197.3900000006,0,16.124166666666667,0.0,134,0,0,0,0,0,0,0,0,0,0,0,1,0.7431448254773941,0.6691306063588582,0,0,0,1,0,0,0,0,0,0,0,0,0,0,0,0,0,1,0,0,0,0,1,0,0,0,0,0,0,0,0,0,0,0,0,0,0,0,0,0,1,0,0,0,0,1,0,0,0,0,0,0,0,0,0,0,0,0,0,0,0,0,0,0,1,0,0,0,0,1,0,0,0,0,0,1,0,0,0,0,0,0,0,0,0,0,0,0,0,0,0,2,0,0,0,0,0,0,0,0,0,0.6460172371817017,1.0,0.9812053162939525,1.0,0.8194041740877763,1.0,2.440495711327771,1.0,185548.24499999988,672330.4775000005
1,0,10,181954.53000000023,664345.2400000002,0,0.0,44.49517296296296,790,0,0,0,0,0,0,0,0,0,0,1,0,0.0,1.0,2,5,5,181635.6200000001,664182.5500000007,0,16.482033333333334,0.0,2324,0,0,0,0,1,0,0,0,0,0,0,0,-0.9998476951563913,-0.017452406437283498,1,5,5,182394.76999999955,664459.1300000008,0,12.099066666666667,0.0,2324,0,0,0,0,1,0,0,0,0,0,0,0,-0.9993908270190958,0.03489949670250128,1,4,5,181867.71,663822.7100000009,0,5.9664166666666665,0.0,2324,0,0,0,0,1,0,0,0,0,0,0,0,-0.10452846326765342,0.9945218953682733,0,0,0,1,0,0,0,0,0,0,0,0,0,0,0,0,0,1,0,0,0,1,0,0,0,0,0,0,0,0,0,0,0,0,0,0,1,0,0,0,0,0,0,0,1,0,0,0,0,0,0,0,0,0,0,0,0,0,0,0,0,0,1,0,0,0,0,1,0,0,0,0,0,0,0,0,0,0,0,0,0,0,0,0,1,0,0,0,0,0,0,0,0,0,0,0,0,0,0,0,0,0.5553104431148187,1.0,1.273431801509295,1.0,1.9488880764249306,1.0,1.5193621974833464,1.0,181963.15749999997,664202.4075000007
1,0,10,183741.01999999955,652595.0,0,0.0,91.10303666666667,738,0,0,0,0,0,0,0,0,0,1,0,0,0.0,1.0,1,0,10,183694.99000000025,652624.1099999994,0,0.0,91.1447016087963,738,0,0,0,0,0,0,0,0,0,1,0,0,0.0,1.0,1,0,10,183741.01999999955,652595.0,0,0.0,91.14470203703704,738,0,0,0,0,0,0,0,0,0,1,0,0,0.0,1.0,1,0,6,178155.11000000034,654834.6099999994,0,773.00595,0.0,1295,0,0,0,0,0,1,0,0,0,0,0,0,0.0,1.0,0,0,0,1,0,0,0,0,0,0,0,0,0,0,0,0,0,1,0,0,0,0,1,0,0,0,0,0,0,0,0,0,0,0,0,0,0,0,0,0,1,0,0,0,0,1,0,0,0,0,0,0,0,0,0,0,0,0,0,0,0,0,0,0,1,0,0,0,1,0,0,0,0,0,0,0,0,0,0,0,0,0,0,0,0,0,0,0,1,0,0,3,0,0,0,0,0,0,0,0,0,0.8987556975318984,1.0,0.8670549351819626,1.0,0.8987556975318984,1.0,2.6645532261937723,0.0,243110.71333333323,870882.9066666663
2,0,10,177965.59999999963,658892.7699999996,0,0.0,82.30214597222222,1540,0,0,0,0,0,0,0,0,1,0,0,0,0.0,1.0,2,0,8,177956.8700000001,658813.6199999992,0,0.0,82.30213440972223,1540,0,0,0,0,0,0,0,0,1,0,0,0,0.0,1.0,2,0,6,180744.7000000002,657539.6899999995,0,833.007,0.0,1295,0,0,0,0,0,1,0,0,0,0,0,0,0.0,1.0,2,5,10,179344.71999999974,659488.3699999992,0,46.75695,0.0,134,0,0,0,0,0,0,0,0,0,0,0,1,0.984807753012208,-0.1736481776669303,0,0,0,1,0,0,0,0,0,0,0,0,0,0,0,0,0,1,0,0,0,0,1,0,0,0,0,0,0,0,0,0,0,0,0,0,0,0,0,0,1,0,0,0,0,1,0,0,0,0,0,0,0,0,0,0,0,0,0,0,0,0,0,0,1,0,0,0,0,1,0,0,0,0,0,1,0,0,0,0,0,0,0,0,0,0,0,0,0,0,0,2,0,0,0,0,0,0,0,0,0,1.1358068566730406,1.0,1.1314087346872468,1.0,2.236509056303688,1.0,0.9383930936391186,1.0,179002.97249999992,658683.6124999993
2,0,10,179055.76999999955,663114.8699999992,0,0.0,155.90537688657406,1141,0,0,0,0,0,0,1,0,0,0,0,0,0.0,1.0,2,0,6,178813.41999999993,666065.5299999993,0,0.0,95.92770328703703,1000,0,0,0,0,0,1,0,0,0,0,0,0,0.0,1.0,17,0,10,178491.23000000045,663020.3100000005,0,0.0,70.52644168981482,790,0,0,0,0,0,0,0,0,0,0,1,0,0.0,1.0,1,5,5,178979.59999999963,663124.9199999999,0,14.276033333333332,0.0,2205,0,0,0,0,1,0,0,0,0,0,0,0,-0.5591929034707473,0.8290375725550414,1,0,0,1,0,0,0,0,0,0,0,0,0,0,0,0,0,1,0,0,0,0,1,0,0,0,0,0,0,0,0,0,0,0,0,0,0,0,0,0,1,0,0,0,0,1,0,0,0,0,0,0,0,0,0,0,0,0,0,0,0,0,0,0,1,0,0,1,0,0,0,0,0,0,0,0,0,0,0,0,0,0,0,1,0,0,0,0,0,0,0,0,0,0,0,0,0,0,0,0,0,0.9947402267103279,1.0,2.964187937242625,0.0,1.1687624432827894,1.0,0.9567393682927243,1.0,238446.6733333332,885108.543333333
2,0,6,177937.33999999985,658564.3000000007,0,963.0243166666667,0.0,1295,0,0,0,0,0,1,0,0,0,0,0,0,0.0,1.0,2,0,6,177937.33999999985,658564.3000000007,0,963.0243166666667,0.0,1295,0,0,0,0,0,1,0,0,0,0,0,0,0.0,1.0,2,0,6,180765.86000000036,657536.9499999993,0,963.02435,0.0,1295,0,0,0,0,0,1,0,0,0,0,0,0,0.0,1.0,2,0,6,180765.86000000036,657536.9499999993,0,963.02435,0.0,1295,0,0,0,0,0,1,0,0,0,0,0,0,0.0,1.0,0,0,0,1,0,0,0,0,0,0,0,0,0,0,0,0,0,1,0,0,0,0,1,0,0,0,0,0,0,0,0,0,0,0,0,0,0,0,0,0,1,0,0,0,0,1,0,0,0,0,0,0,0,0,0,0,0,0,0,0,0,0,0,0,1,0,0,0,1,0,0,0,0,0,0,0,0,0,0,0,0,0,0,0,0,0,0,0,1,0,0,2,2,0,0,0,0,0,0,0,0,1.5609003635202277,1.0,1.5609003635202277,1.0,1.5609003635202563,1.0,1.5609003635202563,1.0,179351.6000000001,658050.625
1,0,10,188299.2199999997,659292.9600000009,0,0.0,159.04939171296297,738,0,0,0,0,0,0,0,0,0,1,0,0,0.0,1.0,1,0,10,188285.58999999985,659377.2899999991,0,0.0,159.04939185185185,738,0,0,0,0,0,0,0,0,0,1,0,0,0.0,1.0,1,0,10,189948.21,659628.6099999994,0,0.0,33.00657928240741,787,0,0,0,0,0,0,0,0,0,1,0,0,0.0,1.0,1,0,9,189608.8799999999,659721.5999999996,0,0.0,13.061590914351852,738,0,0,0,0,0,0,0,0,0,1,0,0,0.0,1.0,0,0,0,1,0,0,0,0,0,0,0,0,0,0,0,0,0,1,0,0,0,0,1,0,0,0,0,0,0,0,0,0,0,0,0,0,0,0,0,0,1,0,0,0,0,1,0,0,0,0,0,0,0,0,0,0,0,0,0,0,0,0,0,0,1,0,0,0,1,0,0,0,0,0,0,0,0,0,0,0,0,0,0,0,0,0,0,0,1,0,0,2,0,0,0,0,0,0,0,0,0,1.6506142389226728,1.0,1.638742714961805,1.0,1.984177454345751,1.0,1.320363285057148,1.0,189035.47499999986,659505.1149999998
2,0,6,179404.41000000015,663471.5099999998,0,1023.0085833333334,0.0,2205,0,0,0,0,1,0,0,0,0,0,0,0,0.0,1.0,1,0,6,179222.96999999974,663009.2200000007,0,963.0252333333333,0.0,1295,0,0,0,0,0,1,0,0,0,0,0,0,0.0,1.0,2,0,6,179699.8799999999,662552.4299999997,0,723.02525,0.0,785,0,0,0,0,0,0,0,1,0,0,0,0,0.0,1.0,2,0,6,179699.8799999999,662552.4299999997,0,723.02525,0.0,785,0,0,0,0,0,0,0,1,0,0,0,0,0.0,1.0,1,0,0,1,0,0,0,0,0,0,0,0,0,0,0,0,0,1,0,0,0,0,1,0,0,0,0,0,0,0,0,0,0,0,0,0,0,0,0,0,1,0,0,0,0,1,0,0,0,0,0,0,0,0,0,0,0,0,0,0,0,0,0,0,1,0,0,0,1,0,0,0,0,0,0,0,0,0,0,0,0,0,0,0,0,0,0,0,1,0,0,2,0,0,0,0,0,0,0,0,0,1.9995091146663517,1.0,1.0454193951532913,1.0,1.3502072411377086,1.0,1.3502072411377086,1.0,179506.78499999992,662896.3975
2,0,8,177947.29000000004,658711.3100000005,0,0.0,82.38546715277778,1540,0,0,0,0,0,0,0,0,1,0,0,0,0.0,1.0,2,0,6,181032.9000000004,657216.3499999996,0,953.0058166666666,0.0,1295,0,0,0,0,0,1,0,0,0,0,0,0,0.0,1.0,2,0,6,178296.5599999996,659853.6199999992,0,963.02365,0.0,1295,0,0,0,0,0,1,0,0,0,0,0,0,0.0,1.0,2,0,6,178296.5599999996,659853.6199999992,0,963.02365,0.0,1295,0,0,0,0,0,1,0,0,0,0,0,0,0.0,1.0,0,0,0,1,0,0,0,0,0,0,0,0,0,0,0,0,0,1,0,0,0,0,1,0,0,0,0,0,0,0,0,0,0,0,0,0,0,0,0,0,1,0,0,0,0,1,0,0,0,0,0,0,0,0,0,0,0,0,0,0,0,0,0,0,1,0,0,0,1,0,0,0,0,0,0,0,0,0,0,0,0,0,0,0,0,0,0,0,1,0,0,2,0,0,0,0,0,0,0,0,0,0.8309101420668429,1.0,2.3454815854036837,1.0,0.9608684326073174,1.0,0.9608684326073174,1.0,178893.3274999999,658908.7249999996
2,0,10,179211.83999999985,663036.8800000008,0,0.0,157.92043319444446,1141,0,0,0,0,0,0,1,0,0,0,0,0,0.0,1.0,2,0,10,180636.83000000007,664833.2699999996,0,0.0,58.078477210648146,2205,0,0,0,0,1,0,0,0,0,0,0,0,0.0,1.0,1,0,10,182658.25999999975,669383.8599999994,0,0.0,47.730988761574075,1366,0,0,0,0,0,0,0,0,1,0,0,0,0.0,1.0,2,5,5,179936.95999999996,663924.9399999995,0,25.423816666666667,0.0,1295,0,0,0,0,0,1,0,0,0,0,0,0,-0.6946583704589973,-0.7193398003386511,1,0,0,1,0,0,0,0,0,0,0,0,0,0,0,0,0,1,0,0,0,0,1,0,0,0,0,0,0,0,0,0,0,0,0,0,0,0,0,0,1,0,0,0,0,1,0,0,0,0,0,0,0,0,0,0,0,0,0,0,0,0,0,0,1,0,0,1,0,0,0,0,0,0,0,0,0,0,0,0,0,0,0,0,0,0,1,0,0,0,0,0,0,0,0,0,0,0,0,0,0,1.4243591214722595,1.0,0.24784358089646955,1.0,2.452205344939711,1.0,0.8186405580335651,1.0,180610.97249999992,665294.7374999998
1,0,10,183694.99000000025,652624.1099999994,0,0.0,97.72803890046296,738,0,0,0,0,0,0,0,0,0,1,0,0,0.0,1.0,1,0,10,183741.01999999955,652595.0,0,0.0,97.72803971064815,738,0,0,0,0,0,0,0,0,0,1,0,0,0.0,1.0,2,5,7,180311.8099999996,653909.7100000009,0,15.392933333333334,0.0,1000,0,0,0,0,0,1,0,0,0,0,0,0,0.9961946980917455,0.08715574274765814,2,3,5,179115.58000000007,654200.4399999995,0,2.1930833333333335,0.0,1000,0,0,0,0,0,1,0,0,0,0,0,0,-0.9563047559630354,0.2923717047227367,0,0,0,1,0,0,0,0,0,0,0,0,0,0,0,0,0,1,0,0,0,0,1,0,0,0,0,0,0,0,0,0,0,0,0,0,0,0,0,0,1,0,0,0,1,0,0,0,0,0,0,0,0,0,0,0,0,0,0,0,0,0,1,0,0,0,0,0,0,1,0,0,0,0,0,0,1,0,0,0,0,0,0,0,0,0,0,0,0,0,0,2,2,0,0,0,0,0,0,0,0,1.5141576807687547,1.0,1.5524642999659977,1.0,1.0935526521732788,1.0,1.9746814150081529,1.0,181715.84999999986,653332.315
2,0,10,178578.91999999993,665596.5600000005,0,0.0,53.99514444444444,1540,0,0,0,0,0,0,0,0,1,0,0,0,0.0,1.0,2,0,10,178672.3799999999,665806.7899999991,0,0.0,53.995144456018515,1540,0,0,0,0,0,0,0,0,1,0,0,0,0.0,1.0,1,0,10,180774.2199999997,661479.4800000004,0,0.0,23.239379814814814,1141,0,0,0,0,0,0,1,0,0,0,0,0,0.0,1.0,2,5,5,184715.4500000002,668467.6500000004,0,1.9401666666666666,0.0,1366,0,0,0,0,0,0,0,0,1,0,0,0,0.7193398003386511,0.6946583704589974,1,0,0,1,0,0,0,0,0,0,0,0,0,0,0,0,0,1,0,0,0,0,1,0,0,0,0,0,0,0,0,0,0,0,0,0,0,0,0,0,1,0,0,0,0,1,0,0,0,0,0,0,0,0,0,0,0,0,0,0,0,0,0,0,1,0,0,1,0,0,0,0,0,0,0,0,0,0,0,0,0,0,0,0,0,1,0,0,0,0,0,2,0,0,0,0,0,0,0,0,0,0.851361845591046,1.0,0.8291523502789365,1.0,1.5481947237867366,1.0,2.047150605951244,1.0,180685.24249999993,665337.6200000001
2,0,6,177405.6900000004,662240.8399999999,0,0.0,100.57483155092592,2205,0,0,0,0,1,0,0,0,0,0,0,0,0.0,1.0,2,0,10,178618.1799999997,665686.4600000009,0,0.0,56.28681069444445,1540,0,0,0,0,0,0,0,0,1,0,0,0,0.0,1.0,1,0,7,179719.23000000045,665936.1300000008,0,0.0,13.245167175925927,1366,0,0,0,0,0,0,0,0,1,0,0,0,0.0,1.0,2,0,6,180282.23000000045,662389.2100000009,0,413.04075,0.0,1540,0,0,0,0,0,0,0,0,1,0,0,0,0.0,1.0,1,0,0,1,0,0,0,0,0,0,0,0,0,0,0,0,0,1,0,0,0,0,1,0,0,0,0,0,0,0,0,0,0,0,0,0,0,0,0,0,1,0,0,0,0,1,0,0,0,0,0,0,0,0,0,0,0,0,0,0,0,0,0,0,1,0,0,0,1,0,0,0,0,0,0,0,0,0,0,0,0,0,0,0,0,0,0,0,1,0,0,0,0,0,0,0,0,0,0,0,0,1.70079904596176,1.0,1.1703864512899795,1.0,1.4052928183062467,1.0,1.4759104889700598,1.0,179006.33250000025,664063.1600000006
1,0,10,181954.53000000023,664345.2400000002,0,0.0,43.578500347222224,790,0,0,0,0,0,0,0,0,0,0,1,0,0.0,1.0,1,0,10,181954.53000000023,664345.2400000002,0,0.0,43.62016452546296,790,0,0,0,0,0,0,0,0,0,0,1,0,0.0,1.0,2,5,5,181236.21,665314.2699999996,0,22.5741,0.0,1366,0,0,0,0,0,0,0,0,1,0,0,0,-0.45399049973954625,-0.8910065241883681,2,5,5,181885.6900000004,664728.3000000007,0,4.47945,0.0,2324,0,0,0,0,1,0,0,0,0,0,0,0,-0.9986295347545738,-0.052335956242944306,0,0,0,1,0,0,0,0,0,0,0,0,0,0,0,0,0,1,0,0,0,0,1,0,0,0,0,0,0,0,0,0,0,0,0,0,0,0,0,0,1,0,0,0,1,0,0,0,0,0,0,0,0,0,0,0,0,0,0,0,1,0,0,0,0,0,0,1,0,0,0,0,0,0,0,0,0,0,0,0,0,0,0,0,0,0,1,0,0,0,0,2,0,0,0,0,0,0,0,0,0,1.1193273281827827,1.0,1.1193273281827827,1.0,2.342731410746766,1.0,0.3881824468206166,1.0,181757.74000000022,664683.2625000002
1,0,6,179078.8099999996,645173.0500000007,0,0.0,2.620138576388889,1366,0,0,0,0,0,0,0,0,1,0,0,0,0.0,1.0,2,5,6,184075.6200000001,644155.2799999993,0,19.89875,0.0,860,0,0,0,1,0,0,0,0,0,0,0,0,0.9455185755993167,0.32556815445715676,2,5,5,181711.76999999955,644435.3300000001,0,8.99935,0.0,860,0,0,0,1,0,0,0,0,0,0,0,0,-0.01745240643728445,0.9998476951563913,2,4,6,183246.6500000004,645065.6099999994,0,2.4824166666666665,0.0,860,0,0,0,1,0,0,0,0,0,0,0,0,0.9659258262890683,0.25881904510252074,0,0,0,1,0,0,0,0,0,0,0,0,0,0,0,0,0,1,0,0,0,1,0,0,0,0,0,0,0,0,0,0,0,0,0,1,0,0,0,0,0,0,0,0,1,0,0,0,0,0,0,0,0,0,0,0,0,0,0,0,0,0,1,0,0,0,0,1,0,0,0,0,0,0,0,0,0,0,0,0,0,0,0,0,0,0,1,0,0,0,0,0,0,0,0,0,0,0,0,0,0,2.5654882074738468,0.0,1.8219275479049661,1.0,0.35851186970009175,1.0,1.0911893886266726,1.0,242704.2833333332,859609.7566666665
2,0,6,176526.84999999963,658196.6999999993,0,0.0,2.2034990162037036,1540,0,0,0,0,0,0,0,0,1,0,0,0,0.0,1.0,1,5,5,176498.6900000004,658150.4499999993,0,21.125,0.0,787,0,0,0,0,0,0,0,0,0,1,0,0,-0.5150380749100542,-0.8571673007021123,2,5,5,176039.36000000034,657450.1300000008,0,18.991216666666666,0.0,787,0,0,0,0,0,0,0,0,0,1,0,0,-0.9961946980917455,0.08715574274765789,2,5,5,175459.0499999998,657981.6099999994,0,12.941333333333333,0.0,787,0,0,0,0,0,0,0,0,0,1,0,0,-0.13917310096006588,0.9902680687415703,0,0,0,1,0,0,0,0,0,0,0,0,0,0,0,0,0,1,0,0,0,1,0,0,0,0,0,0,0,0,0,0,0,0,0,0,0,0,1,0,0,0,0,0,1,0,0,0,0,0,0,0,0,0,0,0,0,0,0,0,0,0,1,0,0,0,0,1,0,0,0,0,0,0,0,0,0,0,0,0,0,0,0,1,0,0,0,0,0,0,0,0,0,0,0,0,0,0,0,0,0,1.2854571395559309,1.0,1.154207074930949,1.0,1.3779209511574375,1.0,1.84345047093987,1.0,176130.98750000005,657944.7224999997
2,0,10,179116.7000000002,665979.1099999994,0,0.0,55.94730880787037,1141,0,0,0,0,0,0,1,0,0,0,0,0,0.0,1.0,1,0,10,179116.38999999966,665972.2300000004,0,0.0,55.03815368055555,2205,0,0,0,0,1,0,0,0,0,0,0,0,0.0,1.0,2,0,6,178693.75,665885.8900000006,0,0.0,54.78681112268519,1540,0,0,0,0,0,0,0,0,1,0,0,0,0.0,1.0,2,5,10,180841.6200000001,670505.1999999993,0,25.508016666666666,0.0,1295,0,0,0,0,0,1,0,0,0,0,0,0,-0.15643446504023073,-0.9876883405951378,1,0,0,1,0,0,0,0,0,0,0,0,0,0,0,0,0,1,0,0,0,0,1,0,0,0,0,0,0,0,0,0,0,0,0,0,0,0,0,0,1,0,0,0,0,1,0,0,0,0,0,0,0,0,0,0,0,0,0,0,0,0,0,0,1,0,0,1,0,0,0,0,0,0,0,0,0,0,0,0,0,0,0,0,1,0,0,0,0,0,0,0,0,0,0,0,0,0,0,0,0,0.8235676042285063,1.0,0.828344036998871,1.0,1.0096769657558868,1.0,2.6383801471821884,0.0,239256.15333333332,889447.4766666666
2,5,10,186949.79000000004,663934.8000000007,0,16.440533333333335,0.0,1000,0,0,0,0,0,1,0,0,0,0,0,0,0.12186934340514755,-0.992546151641322,2,5,5,186026.0499999998,666994.6999999993,0,11.240383333333334,0.0,1000,0,0,0,0,0,1,0,0,0,0,0,0,-0.39073112848927355,-0.9205048534524404,2,5,5,188900.8099999996,666572.75,0,6.356766666666666,0.0,1000,0,0,0,0,0,1,0,0,0,0,0,0,-0.5299192642332048,-0.8480480961564261,2,5,5,186587.33000000007,666464.4000000004,0,2.29035,0.0,1000,0,0,0,0,0,1,0,0,0,0,0,0,0.9945218953682734,-0.10452846326765333,0,0,0,0,1,0,0,0,1,0,0,0,0,0,0,0,0,0,0,0,0,1,0,0,0,0,0,0,0,0,0,0,0,0,0,0,1,0,0,0,0,0,0,0,1,0,0,0,0,0,0,0,0,0,0,0,0,0,0,0,0,1,0,0,0,0,0,1,0,0,0,0,0,0,0,0,0,0,0,0,0,0,0,0,1,0,0,0,0,0,0,0,0,0,0,0,0,0,0,0,0,1.8056449968204547,1.0,1.2961000886540162,1.0,1.6424198723105994,1.0,0.6205600189564277,1.0,187115.99499999988,665991.6625000001
2,0,10,177386.4299999997,662058.9399999995,0,0.0,100.32483881944444,2205,0,0,0,0,1,0,0,0,0,0,0,0,0.0,1.0,1,0,7,180759.6799999997,661531.8699999992,0,0.0,25.197720752314815,1141,0,0,0,0,0,0,1,0,0,0,0,0,0.0,1.0,1,4,5,178395.51999999955,663827.1899999995,0,16.3679,0.0,1540,0,0,0,0,0,0,0,0,1,0,0,0,0.1908089953765448,0.981627183447664,2,5,5,182237.5599999996,662910.6699999999,0,1.5679,0.0,1540,0,0,0,0,0,0,0,0,1,0,0,0,0.9659258262890683,-0.25881904510252085,1,0,0,1,0,0,0,0,0,0,0,0,0,0,0,0,0,1,0,0,0,0,1,0,0,0,0,0,0,0,0,0,0,0,0,0,0,0,0,0,1,0,0,0,1,0,0,0,0,0,0,0,0,0,0,0,0,0,0,0,0,0,1,0,0,0,0,1,0,0,0,0,0,0,0,0,0,0,0,0,0,0,0,0,0,0,1,0,0,0,0,0,0,0,0,0,0,0,0,0,0,1.7012257463987688,1.0,1.0750294377416714,1.0,1.2933907107903864,1.0,1.8427985004543141,1.0,179694.79749999964,662582.1674999995
1,0,10,188285.58999999985,659377.2899999991,0,0.0,165.7160602662037,738,0,0,0,0,0,0,0,0,0,1,0,0,0.0,1.0,2,0,10,190399.8799999999,659472.3200000003,0,0.0,47.78682460648148,1366,0,0,0,0,0,0,0,0,1,0,0,0,0.0,1.0,1,0,10,189948.21,659628.6099999994,0,0.0,39.67324768518519,787,0,0,0,0,0,0,0,0,0,1,0,0,0.0,1.0,1,0,10,189608.8799999999,659721.5999999996,0,0.0,19.728259328703704,738,0,0,0,0,0,0,0,0,0,1,0,0,0.0,1.0,0,0,0,1,0,0,0,0,0,0,0,0,0,0,0,0,0,1,0,0,0,0,1,0,0,0,0,0,0,0,0,0,0,0,0,0,0,0,0,0,1,0,0,0,0,1,0,0,0,0,0,0,0,0,0,0,0,0,0,0,0,0,0,0,1,0,0,0,1,0,0,0,0,0,0,0,0,0,0,0,0,0,0,0,0,0,0,0,1,0,0,0,0,0,0,0,0,0,0,0,0,2.792586010108149,0.0,1.8292364071282106,1.0,0.8583170005637165,1.0,0.3869657149612053,1.0,252747.51999999987,879399.9399999995
1,0,10,188299.2199999997,659292.9600000009,0,0.0,158.59106259259258,738,0,0,0,0,0,0,0,0,0,1,0,0,0.0,1.0,1,0,10,188271.1200000001,659466.2799999993,0,0.0,158.58954614583334,738,0,0,0,0,0,0,0,0,0,1,0,0,0.0,1.0,2,5,5,189922.5700000003,659517.9299999997,0,10.91435,0.0,2324,0,0,0,0,1,0,0,0,0,0,0,0,-0.12186934340514774,-0.992546151641322,2,5,5,189113.73000000045,660782.4900000002,0,10.580166666666667,0.0,2324,0,0,0,0,1,0,0,0,0,0,0,0,-0.017452406437283192,-0.9998476951563913,0,0,0,1,0,0,0,0,0,0,0,0,0,0,0,0,0,1,0,0,0,0,1,0,0,0,0,0,0,0,0,0,0,0,0,0,0,0,0,0,1,0,0,0,1,0,0,0,0,0,0,0,0,0,0,0,0,0,0,0,0,0,1,0,0,0,0,1,0,0,0,0,0,0,0,0,0,0,0,0,0,0,0,0,0,0,1,0,0,0,0,2,0,0,0,0,0,0,0,0,0,1.2023138113029286,1.0,1.0960953708252377,1.0,1.650167465093606,1.0,1.6330073876626852,1.0,188901.66000000015,659764.915
1,0,10,182329.61000000036,665960.5199999996,0,0.0,42.37233238425926,2205,0,0,0,0,1,0,0,0,0,0,0,0,0.0,1.0,2,5,5,182230.2199999997,665811.5299999993,0,15.998183333333333,0.0,1366,0,0,0,0,0,0,0,0,1,0,0,0,0.6560590289905072,0.754709580222772,2,1,6,182474.3099999996,662884.4900000002,0,14.765033333333333,0.0,1366,0,0,0,0,0,0,0,0,1,0,0,0,-0.9902680687415704,0.13917310096006547,1,5,5,183507.0599999996,663791.5700000003,0,9.132016666666667,0.0,1366,0,0,0,0,0,0,0,0,1,0,0,0,0.9902680687415704,-0.13917310096006535,0,0,0,1,0,0,0,0,0,0,0,0,0,0,0,0,0,1,0,0,0,1,0,0,0,0,0,0,0,0,0,0,0,0,0,0,1,0,0,0,0,0,0,0,1,0,0,0,0,0,0,0,0,0,0,0,0,0,0,1,0,0,0,0,0,0,0,1,0,0,0,0,0,0,0,0,0,0,0,0,0,0,0,0,1,0,0,0,0,0,0,0,0,0,0,0,0,0,0,0,0,1.5148491084381581,1.0,1.3870493793119838,1.0,1.9008348731017002,1.0,1.3115350938752768,1.0,182635.2999999998,664612.0274999999
2,5,6,182572.1200000001,662876.0199999996,0,34.42698333333333,0.0,2205,0,0,0,0,1,0,0,0,0,0,0,0,-0.9998476951563913,0.01745240643728313,2,5,6,182661.50999999975,666575.3900000006,0,32.17691666666666,0.0,2205,0,0,0,0,1,0,0,0,0,0,0,0,-0.8090169943749473,-0.5877852522924732,1,5,5,183303.2999999998,666188.5,0,15.476883333333333,0.0,2205,0,0,0,0,1,0,0,0,0,0,0,0,-0.9993908270190958,0.03489949670250128,2,5,6,183330.4699999997,666423.5999999996,0,7.743433333333333,0.0,2205,0,0,0,0,1,0,0,0,0,0,0,0,0.9702957262759965,0.2419218955996679,0,0,1,0,0,0,0,0,0,0,0,0,0,0,0,0,1,0,0,0,0,1,0,0,0,0,0,0,0,0,0,0,0,0,0,0,0,0,1,0,0,0,0,0,1,0,0,0,0,0,0,0,0,0,0,0,0,0,0,1,0,0,0,0,0,0,0,1,0,0,0,0,0,0,0,0,0,0,0,0,0,0,0,0,0,0,1,0,0,0,0,0,0,0,0,0,0,0,0,0,0,2.8366642135053866,0.0,1.171808954667354,1.0,0.7992600631303656,1.0,1.0391915881066003,1.0,243955.7999999998,887354.5033333333
2,0,9,192534.98000000045,673815.4399999995,0,0.0,9.62012232638889,787,0,0,0,0,0,0,0,0,0,1,0,0,0.0,1.0,2,0,9,192609.91000000012,673792.8699999992,0,0.0,9.620122847222222,787,0,0,0,0,0,0,0,0,0,1,0,0,0.0,1.0,2,5,5,190283.4500000002,673667.2699999996,0,23.241516666666666,0.0,2205,0,0,0,0,1,0,0,0,0,0,0,0,-0.8746197071393959,-0.48480962024633684,1,5,5,190916.1200000001,671226.9199999999,0,9.058383333333333,0.0,2205,0,0,0,0,1,0,0,0,0,0,0,0,-0.8386705679454242,-0.544639035015027,0,0,0,1,0,0,0,0,0,0,0,0,0,0,0,0,0,1,0,0,0,0,1,0,0,0,0,0,0,0,0,0,0,0,0,0,0,0,0,0,1,0,0,0,1,0,0,0,0,0,0,0,0,0,0,0,0,0,0,0,0,0,1,0,0,0,0,1,0,0,0,0,0,0,0,0,0,0,0,0,0,0,0,1,0,0,0,0,0,0,0,2,0,0,0,0,0,0,0,0,0,1.1122736157128128,1.0,1.1586613691374936,1.0,1.3376221892539002,1.0,1.909031041346502,1.0,191586.11500000022,673125.6249999995
2,0,10,177334.5,661514.4299999997,0,0.0,102.92427537037037,785,0,0,0,0,0,0,0,1,0,0,0,0,0.0,1.0,2,0,10,177321.38999999966,661428.4299999997,0,0.0,102.92426377314816,785,0,0,0,0,0,0,0,1,0,0,0,0,0.0,1.0,2,0,6,177434.91000000015,662363.7100000009,0,0.0,102.9242637962963,785,0,0,0,0,0,0,0,1,0,0,0,0,0.0,1.0,2,0,10,177366.4400000004,661908.0899999999,0,0.0,100.1581642361111,2205,0,0,0,0,1,0,0,0,0,0,0,0,0.0,1.0,1,0,0,1,0,0,0,0,0,0,0,0,0,0,0,0,0,1,0,0,0,0,1,0,0,0,0,0,0,0,0,0,0,0,0,0,0,0,0,0,1,0,0,0,0,1,0,0,0,0,0,0,0,0,0,0,0,0,0,0,0,0,0,0,1,0,0,0,1,0,0,0,0,0,0,0,0,0,0,0,0,0,0,0,0,0,0,0,1,0,0,4,0,0,0,0,0,0,0,0,0,1.403289451111658,1.0,1.8227531038509388,1.0,2.724259878598672,0.0,0.5040768672382816,1.0,236485.74666666673,882404.8866666667
1,0,10,182329.61000000036,665960.5199999996,0,0.0,41.99733159722222,2205,0,0,0,0,1,0,0,0,0,0,0,0,0.0,1.0,2,3,5,185921.1299999999,664169.4499999993,0,15.20765,0.0,2205,0,0,0,0,1,0,0,0,0,0,0,0,0.8987940462991669,-0.4383711467890775,1,5,5,182047.51999999955,665420.0999999996,0,14.391583333333333,0.0,2205,0,0,0,0,1,0,0,0,0,0,0,0,0.25881904510252074,0.9659258262890683,2,5,5,182296.98000000045,666408.8699999992,0,12.57455,0.0,2205,0,0,0,0,1,0,0,0,0,0,0,0,-0.8571673007021121,-0.5150380749100544,0,0,0,1,0,0,0,0,0,0,0,0,0,0,0,0,0,1,0,0,0,1,0,0,0,0,0,0,0,0,0,0,0,0,0,0,1,0,0,0,0,0,0,0,1,0,0,0,0,0,0,0,0,0,0,0,0,0,0,0,0,0,1,0,0,0,0,1,0,0,0,0,0,0,0,0,0,0,0,0,0,0,0,0,0,0,1,0,0,0,0,0,0,0,0,0,0,0,0,0,0,0.773468606131966,1.0,2.513703666226103,0.0,0.9033404456930796,1.0,1.025868537134257,1.0,244198.41333333342,887319.6466666659
2,5,6,182698.7999999998,676374.1400000006,0,8.663366666666667,0.0,860,0,0,0,1,0,0,0,0,0,0,0,0,-0.9848077530122081,0.17364817766692997,2,5,5,182744.8200000003,674412.8300000001,0,7.630883333333333,0.0,860,0,0,0,1,0,0,0,0,0,0,0,0,-0.5591929034707467,-0.8290375725550417,2,5,5,183008.21,674260.4700000007,0,3.9462166666666665,0.0,860,0,0,0,1,0,0,0,0,0,0,0,0,-0.9563047559630353,-0.2923717047227371,2,5,5,185892.4500000002,675571.2699999996,0,1.91415,0.0,860,0,0,0,1,0,0,0,0,0,0,0,0,0.0,1.0,0,0,1,0,0,0,0,0,0,0,0,0,0,1,0,0,0,0,0,0,0,1,0,0,0,0,0,0,0,0,0,0,0,0,0,0,0,0,1,0,0,0,0,0,1,0,0,0,0,0,0,0,0,0,0,0,0,0,0,1,0,0,0,0,0,0,0,1,0,0,0,0,0,0,0,0,0,0,0,0,0,0,0,0,1,0,0,0,0,0,0,0,0,0,0,0,0,0,0,0,0,1.3682777135642898,1.0,1.0176395094686028,1.0,0.9659690736543645,1.0,2.126420787191627,1.0,183586.07000000007,675154.6775000002
2,0,10,179177.2000000002,662945.9700000007,0,0.0,155.5499596875,1141,0,0,0,0,0,0,1,0,0,0,0,0,0.0,1.0,2,0,10,179177.2000000002,662945.9700000007,0,0.0,155.5499596875,1141,0,0,0,0,0,0,1,0,0,0,0,0,0.0,1.0,2,0,6,179485.95999999996,663510.0199999996,0,1023.0086166666666,0.0,2205,0,0,0,0,1,0,0,0,0,0,0,0,0.0,1.0,2,0,6,179485.95999999996,663510.0199999996,0,1023.0086166666666,0.0,2205,0,0,0,0,1,0,0,0,0,0,0,0,0.0,1.0,1,0,0,1,0,0,0,0,0,0,0,0,0,0,0,0,0,1,0,0,0,0,1,0,0,0,0,0,0,0,0,0,0,0,0,0,0,0,0,0,1,0,0,0,0,1,0,0,0,0,0,0,0,0,0,0,0,0,0,0,0,0,0,0,1,0,0,0,1,0,0,0,0,0,0,0,0,0,0,0,0,0,0,0,0,0,0,0,1,0,0,2,0,0,0,0,0,0,0,0,0,1.4734663949941478,1.0,1.4734663949941478,1.0,1.4734663949941478,1.0,1.4734663949941478,1.0,179331.58000000007,663227.9950000001
2,0,10,177965.59999999963,658892.7699999996,0,0.0,81.76047956018519,1540,0,0,0,0,0,0,0,0,1,0,0,0,0.0,1.0,2,0,8,177956.8700000001,658813.6199999992,0,0.0,81.76046799768518,1540,0,0,0,0,0,0,0,0,1,0,0,0,0.0,1.0,2,0,8,177947.29000000004,658711.3100000005,0,0.0,81.76046859953703,1540,0,0,0,0,0,0,0,0,1,0,0,0,0.0,1.0,1,0,10,179004.88999999966,658838.9399999995,0,0.0,45.43764387731481,142,1,0,0,0,0,0,0,0,0,0,0,0,0.0,1.0,0,0,0,1,0,0,0,0,0,0,0,0,0,0,0,0,0,1,0,0,0,0,1,0,0,0,0,0,0,0,0,0,0,0,0,0,0,0,0,0,1,0,0,0,0,1,0,0,0,0,0,0,0,0,0,0,0,0,0,0,0,0,0,0,1,0,0,0,1,0,0,0,0,0,0,0,0,0,0,0,0,0,0,0,0,0,0,0,1,0,0,3,0,0,0,0,0,0,0,0,0,1.019438197985607,1.0,1.00713599127774,1.0,1.1164533770246694,1.0,3.0261734741344295,0.0,237624.88333333316,878418.8799999995
2,0,9,192609.91000000012,673792.8699999992,0,0.0,10.120119016203704,787,0,0,0,0,0,0,0,0,0,1,0,0,0.0,1.0,2,0,9,192534.98000000045,673815.4399999995,0,0.0,10.161787314814815,787,0,0,0,0,0,0,0,0,0,1,0,0,0.0,1.0,2,0,9,192609.91000000012,673792.8699999992,0,0.0,10.16178767361111,787,0,0,0,0,0,0,0,0,0,1,0,0,0.0,1.0,20,5,5,190126.0499999998,674108.6699999999,0,31.34085,0.0,101,0,0,0,0,0,0,0,0,0,0,0,1,0.01745240643728344,-0.9998476951563913,0,0,0,1,0,0,0,0,0,0,0,0,0,0,0,0,0,1,0,0,0,0,1,0,0,0,0,0,0,0,0,0,0,0,0,0,0,0,0,0,1,0,0,0,0,1,0,0,0,0,0,0,0,0,0,0,0,0,0,0,0,0,0,0,1,0,0,1,0,0,0,0,0,0,0,0,0,0,0,0,0,0,0,0,0,0,1,0,0,0,0,3,0,0,0,0,0,0,0,0,0,1.0763657983971204,1.0,0.9477498119214258,1.0,1.0763657983971204,1.0,3.1003207972595694,0.0,255960.28333333353,898503.2833333326
2,0,6,177434.91000000015,662363.7100000009,0,0.0,102.75760185185185,785,0,0,0,0,0,0,0,1,0,0,0,0,0.0,1.0,2,0,6,177426.34999999963,662419.4100000001,0,0.0,99.99150228009259,2205,0,0,0,0,1,0,0,0,0,0,0,0,0.0,1.0,2,0,10,179045.6900000004,665999.7799999993,0,0.0,95.88603930555556,1000,0,0,0,0,0,1,0,0,0,0,0,0,0.0,1.0,2,5,5,179114.28000000026,663463.9600000009,0,17.496566666666666,0.0,2324,0,0,0,0,1,0,0,0,0,0,0,0,0.981627183447664,-0.1908089953765448,1,0,0,1,0,0,0,0,0,0,0,0,0,0,0,0,0,1,0,0,0,0,1,0,0,0,0,0,0,0,0,0,0,0,0,0,0,0,0,0,1,0,0,0,0,1,0,0,0,0,0,0,0,0,0,0,0,0,0,0,0,0,0,0,1,0,0,1,0,0,0,0,0,0,0,0,0,0,0,0,0,0,0,1,0,0,0,0,0,0,0,2,0,0,0,0,0,0,0,0,0,1.2629814822598582,1.0,1.2276714158161093,1.0,2.2293551175932063,1.0,0.751982359349197,1.0,178255.3075000001,663561.7150000003
1,0,10,187492.6399999997,659382.8399999999,0,0.0,129.16182214120371,787,0,0,0,0,0,0,0,0,0,1,0,0,0.0,1.0,1,0,6,187667.66999999995,659861.0099999998,0,0.0,84.32846565972223,1353,0,0,0,0,0,0,0,1,0,0,0,0,0.0,1.0,2,0,6,186351.3200000003,660157.3000000007,0,875.1071333333333,0.0,2324,0,0,0,0,1,0,0,0,0,0,0,0,0.0,1.0,2,0,6,186297.3899999997,659897.9100000001,0,413.0408,0.0,1540,0,0,0,0,0,0,0,0,1,0,0,0,0.0,1.0,0,0,0,1,0,0,0,0,0,0,0,0,0,0,0,0,0,1,0,0,0,0,1,0,0,0,0,0,0,0,0,0,0,0,0,0,0,0,0,0,1,0,0,0,0,1,0,0,0,0,0,0,0,0,0,0,0,0,0,0,0,0,0,0,1,0,0,0,1,0,0,0,0,0,0,0,0,0,0,0,0,0,0,0,0,0,0,0,1,0,0,2,0,0,0,0,0,0,0,0,0,1.5329634045636853,1.0,1.5730487548449426,1.0,1.5082090435268647,1.0,1.447010179791829,1.0,186952.2549999999,659824.7650000001
2,0,10,177965.59999999963,658892.7699999996,0,0.0,81.96881690972222,1540,0,0,0,0,0,0,0,0,1,0,0,0,0.0,1.0,2,5,5,181395.9299999997,656635.2300000004,0,21.112866666666665,0.0,1353,0,0,0,0,0,0,0,1,0,0,0,0,0.7313537016191705,0.6819983600624985,2,5,5,181352.26999999955,658529.2200000007,0,18.779766666666667,0.0,1353,0,0,0,0,0,0,0,1,0,0,0,0,-0.6691306063588581,0.7431448254773942,2,5,5,178781.49000000022,659723.5999999996,0,7.530166666666666,0.0,1353,0,0,0,0,0,0,0,1,0,0,0,0,-0.35836794954530043,-0.9335804264972017,0,0,0,1,0,0,0,0,0,0,0,0,0,0,0,0,0,1,0,0,0,1,0,0,0,0,0,0,0,0,0,0,0,0,0,0,0,0,1,0,0,0,0,0,1,0,0,0,0,0,0,0,0,0,0,0,0,0,0,1,0,0,0,0,0,0,0,1,0,0,0,0,0,0,0,0,0,0,0,0,0,0,0,0,0,0,1,0,0,0,0,0,0,0,0,0,0,0,0,0,0,1.4742718397588395,1.0,1.7788338780018775,1.0,1.11384803391512,1.0,1.264794665630025,1.0,179873.82249999978,658445.2050000001
2,0,6,178627.33999999985,661095.3599999994,0,1023.00815,0.0,2205,0,0,0,0,1,0,0,0,0,0,0,0,0.0,1.0,2,0,6,178627.33999999985,661095.3599999994,0,1023.00815,0.0,2205,0,0,0,0,1,0,0,0,0,0,0,0,0.0,1.0,2,0,6,178627.33999999985,661095.3599999994,0,1023.00815,0.0,2205,0,0,0,0,1,0,0,0,0,0,0,0,0.0,1.0,2,0,6,178627.33999999985,661095.3599999994,0,1023.00815,0.0,2205,0,0,0,0,1,0,0,0,0,0,0,0,0.0,1.0,1,0,0,1,0,0,0,0,0,0,0,0,0,0,0,0,0,1,0,0,0,0,1,0,0,0,0,0,0,0,0,0,0,0,0,0,0,0,0,0,1,0,0,0,0,1,0,0,0,0,0,0,0,0,0,0,0,0,0,0,0,0,0,0,1,0,0,0,1,0,0,0,0,0,0,0,0,0,0,0,0,0,0,0,0,0,0,0,1,0,0,0,0,0,0,0,0,0,0,0,0,0.0,1.0,0.0,1.0,0.0,1.0,0.0,1.0,178627.33999999985,661095.3599999994
2,0,10,177408.16000000015,662268.3399999999,0,0.0,100.24149979166667,2205,0,0,0,0,1,0,0,0,0,0,0,0,0.0,1.0,2,0,10,178618.1799999997,665686.4600000009,0,0.0,55.95347905092593,1540,0,0,0,0,0,0,0,0,1,0,0,0,0.0,1.0,1,5,5,179117.66000000015,663981.2599999998,0,28.526366666666668,0.0,785,0,0,0,0,0,0,0,1,0,0,0,0,0.0,1.0,1,5,5,177193.48000000045,662264.9299999997,0,8.493066666666667,0.0,785,0,0,0,0,0,0,0,1,0,0,0,0,0.7431448254773941,0.6691306063588582,1,0,0,1,0,0,0,0,0,0,0,0,0,0,0,0,0,1,0,0,0,0,1,0,0,0,0,0,0,0,0,0,0,0,0,0,0,0,0,0,1,0,0,0,0,1,0,0,0,0,0,0,0,0,0,0,0,0,0,0,0,0,0,1,0,0,0,1,0,0,0,0,0,0,0,0,0,0,0,0,0,0,0,0,0,0,1,0,0,0,0,0,0,0,0,0,0,0,0,0,0,1.3028101390652966,1.0,1.979302814322588,1.0,1.0063989803656648,1.0,1.4057848373871333,1.0,178084.3700000001,663550.2475
2,0,10,177419.7000000002,662364.0999999996,0,0.0,98.19982875,2205,0,0,0,0,1,0,0,0,0,0,0,0,0.0,1.0,2,0,6,177412.58000000007,662309.3499999996,0,0.0,98.19982877314814,2205,0,0,0,0,1,0,0,0,0,0,0,0,0.0,1.0,2,0,7,177349.91999999993,661773.3100000005,0,0.0,98.19982877314814,2205,0,0,0,0,1,0,0,0,0,0,0,0,0.0,1.0,1,5,7,179398.38999999966,663813.9700000007,0,30.653433333333332,0.0,649,0,0,0,0,0,0,1,0,0,0,0,0,0.4383711467890774,0.898794046299167,1,0,0,1,0,0,0,0,0,0,0,0,0,0,0,0,0,1,0,0,0,0,1,0,0,0,0,0,0,0,0,0,0,0,0,0,0,0,0,0,1,0,0,0,0,1,0,0,0,0,0,0,0,0,0,0,0,0,0,0,0,0,0,0,1,0,0,1,0,0,0,0,0,0,0,0,0,0,0,0,0,0,0,0,0,0,1,0,0,0,0,3,0,0,0,0,0,0,0,0,0,0.6352092350257494,1.0,0.6720834834887377,1.0,1.1830294272241266,1.0,2.40473651553092,1.0,177895.14749999996,662565.1825000001
2,0,10,177408.16000000015,662268.3399999999,0,0.0,100.32483765046297,2205,0,0,0,0,1,0,0,0,0,0,0,0,0.0,1.0,1,0,6,180789.41999999995,661429.6300000008,0,254.68285,0.0,1141,0,0,0,0,0,0,1,0,0,0,0,0,0.0,1.0,1,5,5,178208.0,663130.5,0,30.682933333333335,0.0,1540,0,0,0,0,0,0,0,0,1,0,0,0,0.8480480961564261,-0.5299192642332048,2,5,5,179572.9299999997,662402.0999999996,0,2.6662333333333335,0.0,1540,0,0,0,0,0,0,0,0,1,0,0,0,0.3090169943749474,0.9510565162951535,1,0,0,1,0,0,0,0,0,0,0,0,0,0,0,0,0,1,0,0,0,0,1,0,0,0,0,0,0,0,0,0,0,0,0,0,0,0,0,0,1,0,0,0,1,0,0,0,0,0,0,0,0,0,0,0,0,0,0,0,0,0,1,0,0,0,0,1,0,0,0,0,0,0,0,0,0,0,0,0,0,0,0,1,0,0,0,0,0,0,0,0,0,0,0,0,0,0,0,0,0,1.6729261016565569,1.0,2.106287914446693,1.0,1.2000360363124758,1.0,0.6177100531069214,1.0,178994.62749999994,662307.6425000001
2,0,7,177349.91999999993,661773.3100000005,0,0.0,100.49149722222222,2205,0,0,0,0,1,0,0,0,0,0,0,0,0.0,1.0,2,0,10,179116.7000000002,665979.1099999994,0,0.0,57.3639741087963,1141,0,0,0,0,0,0,1,0,0,0,0,0,0.0,1.0,1,0,10,179116.38999999966,665972.2300000004,0,0.0,56.45481900462963,2205,0,0,0,0,1,0,0,0,0,0,0,0,0.0,1.0,1,5,5,179589.83000000007,663751.6999999993,0,25.106033333333333,0.0,170,0,0,0,0,0,0,0,0,0,0,1,0,0.45399049973954675,0.8910065241883679,1,0,0,1,0,0,0,0,0,0,0,0,0,0,0,0,0,1,0,0,0,0,1,0,0,0,0,0,0,0,0,0,0,0,0,0,0,0,0,0,1,0,0,0,0,1,0,0,0,0,0,0,0,0,0,0,0,0,0,0,0,0,0,0,1,0,0,1,0,0,0,0,0,0,0,0,0,0,0,0,0,0,0,1,0,0,0,0,0,0,0,0,0,0,0,0,0,0,0,0,0,2.2779554491727674,1.0,1.2595300625750032,1.0,1.2543100716624664,1.0,0.7730018821222698,1.0,178793.20999999996,664369.0874999999
1,0,10,179694.4400000004,665825.2200000007,0,0.0,278.03678806712963,785,0,0,0,0,0,0,0,1,0,0,0,0,0.0,1.0,2,0,6,177426.34999999963,662419.4100000001,0,0.0,100.24149875,2205,0,0,0,0,1,0,0,0,0,0,0,0,0.0,1.0,2,0,10,178909.51999999955,666038.7699999996,0,0.0,96.13603575231481,1000,0,0,0,0,0,1,0,0,0,0,0,0,0.0,1.0,2,5,5,182525.1399999997,669580.4199999999,0,15.091466666666667,0.0,785,0,0,0,0,0,0,0,1,0,0,0,0,-0.9961946980917455,0.08715574274765789,1,0,0,1,0,0,0,0,0,0,0,0,0,0,0,0,0,1,0,0,0,0,1,0,0,0,0,0,0,0,0,0,0,0,0,0,0,0,0,0,1,0,0,0,0,1,0,0,0,0,0,0,0,0,0,0,0,0,0,0,0,0,0,0,1,0,0,1,0,0,0,0,0,0,0,0,0,0,0,0,0,0,0,0,1,0,0,0,0,0,0,0,0,0,0,0,0,0,0,0,0,0.06896714384756159,1.0,1.9052684197908434,1.0,0.33408364500714605,1.0,2.108267535037629,1.0,179638.8624999998,665965.9550000001
2,0,6,177395.46999999974,662145.5199999996,0,0.0,106.99151662037038,2205,0,0,0,0,1,0,0,0,0,0,0,0,0.0,1.0,2,0,7,177403.1200000001,662212.1300000008,0,0.0,106.99150505787037,2205,0,0,0,0,1,0,0,0,0,0,0,0,0.0,1.0,17,0,10,178733.74000000022,662995.6600000001,0,0.0,77.48478047453703,790,0,0,0,0,0,0,0,0,0,0,1,0,0.0,1.0,2,0,10,178747.04000000004,666085.1899999995,0,0.0,62.703484270833336,1540,0,0,0,0,0,0,0,0,1,0,0,0,0.0,1.0,1,0,0,1,0,0,0,0,0,0,0,0,0,0,0,0,0,1,0,0,0,0,1,0,0,0,0,0,0,0,0,0,0,0,0,0,0,0,0,0,1,0,0,0,0,1,0,0,0,0,0,0,0,0,0,0,0,0,0,0,0,0,0,0,1,0,0,0,1,0,0,0,0,0,0,0,0,0,0,0,0,0,0,0,0,0,0,0,1,0,0,2,0,0,0,0,0,0,0,0,0,1.2186434402484865,1.0,1.1645066016388255,1.0,0.6643460824284334,1.0,2.4643022578467444,1.0,178069.84250000003,663359.625
2,0,10,186205.24000000025,659506.6899999995,0,0.0,133.09435721064816,790,0,0,0,0,0,0,0,0,0,0,1,0,0.0,1.0,1,0,10,187498.5599999996,659374.9499999993,0,0.0,86.20347743055555,787,0,0,0,0,0,0,0,0,0,1,0,0,0.0,1.0,1,0,10,187492.6399999997,659382.8399999999,0,0.0,86.20347756944444,787,0,0,0,0,0,0,0,0,0,1,0,0,0.0,1.0,1,0,10,187663.8200000003,659810.7899999991,0,0.0,84.3701325925926,1353,0,0,0,0,0,0,0,1,0,0,0,0,0.0,1.0,0,0,0,1,0,0,0,0,0,0,0,0,0,0,0,0,0,1,0,0,0,0,1,0,0,0,0,0,0,0,0,0,0,0,0,0,0,0,0,0,1,0,0,0,0,1,0,0,0,0,0,0,0,0,0,0,0,0,0,0,0,0,0,0,1,0,0,0,1,0,0,0,0,0,0,0,0,0,0,0,0,0,0,0,0,0,0,0,1,0,0,2,0,0,0,0,0,0,0,0,0,2.645308916202267,0.0,0.8327300443211061,1.0,0.8096298111942777,1.0,1.4023583937501467,1.0,249620.08666666658,879358.4233333325
2,0,6,177413.54000000004,662175.6099999994,0,0.0,103.47288751157407,785,0,0,0,0,0,0,0,1,0,0,0,0,0.0,1.0,2,0,6,177413.54000000004,662175.6099999994,0,0.0,103.47288751157407,785,0,0,0,0,0,0,0,1,0,0,0,0,0.0,1.0,2,0,6,177413.54000000004,662175.6099999994,0,0.0,103.47288751157407,785,0,0,0,0,0,0,0,1,0,0,0,0,0.0,1.0,2,0,6,181415.41999999995,668955.0800000001,0,963.0246666666667,0.0,1295,0,0,0,0,0,1,0,0,0,0,0,0,0.0,1.0,1,0,0,1,0,0,0,0,0,0,0,0,0,0,0,0,0,1,0,0,0,0,1,0,0,0,0,0,0,0,0,0,0,0,0,0,0,0,0,0,1,0,0,0,0,1,0,0,0,0,0,0,0,0,0,0,0,0,0,0,0,0,0,0,1,0,0,0,1,0,0,0,0,0,0,0,0,0,0,0,0,0,0,0,0,0,0,0,1,0,0,3,0,0,0,0,0,0,0,0,0,0.8431578646937564,1.0,0.8431578646937564,1.0,0.8431578646937564,1.0,2.529473594081275,0.0,237885.34666666668,885160.6366666661
1,0,10,182134.7000000002,666640.9199999999,0,0.0,47.735947465277775,1353,0,0,0,0,0,0,0,1,0,0,0,0,0.0,1.0,1,5,5,184052.73000000045,663075.4700000007,0,26.947033333333334,0.0,2324,0,0,0,0,1,0,0,0,0,0,0,0,-0.017452406437283192,-0.9998476951563913,2,5,6,182396.0700000003,662793.8499999996,0,8.197266666666666,0.0,2324,0,0,0,0,1,0,0,0,0,0,0,0,-0.9848077530122081,0.17364817766692997,2,5,6,183890.91000000012,662898.9800000004,0,5.530633333333333,0.0,2324,0,0,0,0,1,0,0,0,0,0,0,0,-0.9510565162951536,0.30901699437494723,0,0,0,1,0,0,0,0,0,0,0,0,0,0,0,0,0,1,0,0,0,1,0,0,0,0,0,0,0,0,0,0,0,0,0,1,0,0,0,0,0,0,0,0,1,0,0,0,0,0,0,0,0,0,0,0,0,0,0,0,0,0,1,0,0,0,0,1,0,0,0,0,0,0,0,0,0,0,0,0,0,0,0,1,0,0,0,0,0,0,0,0,0,0,0,0,0,0,0,0,0,2.391255357504352,1.0,0.9824557922496333,1.0,1.036327114761519,1.0,0.9921326189629607,1.0,183118.60250000027,663852.3050000002
2,0,8,175870.9400000004,659360.8900000006,0,0.0,1.7035047685185185,1540,0,0,0,0,0,0,0,0,1,0,0,0,0.0,1.0,2,0,6,176440.09999999963,658214.3300000001,0,0.0,1.7035048611111112,1540,0,0,0,0,0,0,0,0,1,0,0,0,0.0,1.0,2,5,5,176893.99000000022,656655.4600000009,0,29.88125,0.0,2324,0,0,0,0,1,0,0,0,0,0,0,0,0.9659258262890683,-0.25881904510252085,2,5,5,176336.4400000004,656849.8499999996,0,9.863883333333334,0.0,2324,0,0,0,0,1,0,0,0,0,0,0,0,0.3907311284892737,0.9205048534524404,0,0,0,1,0,0,0,0,0,0,0,0,0,0,0,0,0,1,0,0,0,0,1,0,0,0,0,0,0,0,0,0,0,0,0,0,0,0,0,0,1,0,0,0,1,0,0,0,0,0,0,0,0,0,0,0,0,0,0,0,1,0,0,0,0,0,0,1,0,0,0,0,0,0,0,0,0,0,0,0,0,0,0,0,0,0,1,0,0,0,0,0,0,0,0,0,0,0,0,0,0,2.2887004533182536,1.0,0.6126817060193591,1.0,1.6772772088519778,1.0,1.2615976283415675,1.0,176385.36750000017,657770.1325000003
2,0,10,179100.08999999985,663100.0700000003,0,0.0,158.17043935185185,1141,0,0,0,0,0,0,1,0,0,0,0,0,0.0,1.0,17,0,10,178733.74000000022,662995.6600000001,0,0.0,70.81811296296296,790,0,0,0,0,0,0,0,0,0,0,1,0,0.0,1.0,1,0,10,179022.34999999963,665899.0600000005,0,0.0,57.99514998842593,1366,0,0,0,0,0,0,0,0,1,0,0,0,0.0,1.0,2,5,8,180694.53000000023,667241.5299999993,0,4.582683333333334,0.0,1540,0,0,0,0,0,0,0,0,1,0,0,0,-0.1564344650402311,0.9876883405951377,1,0,0,1,0,0,0,0,0,0,0,0,0,0,0,0,0,1,0,0,0,0,1,0,0,0,0,0,0,0,0,0,0,0,0,0,0,0,0,0,1,0,0,0,0,1,0,0,0,0,0,0,0,0,0,0,0,0,0,0,0,0,0,0,1,0,0,1,0,0,0,0,0,0,0,0,0,0,0,0,0,0,0,0,0,0,1,0,0,0,0,0,0,0,0,0,0,0,0,0,0,1.3376438255456289,1.0,1.4879130894872117,1.0,0.8872975743825392,1.0,2.131292410224234,1.0,179387.6775,664809.0800000001
2,0,10,179084.16000000015,663131.1799999997,0,0.0,163.03037619212964,1141,0,0,0,0,0,0,1,0,0,0,0,0,0.0,1.0,2,0,10,179225.83999999985,663041.8200000003,0,0.0,133.95346644675925,785,0,0,0,0,0,0,0,1,0,0,0,0,0.0,1.0,2,5,5,177999.16000000015,662263.2200000007,0,27.525066666666667,0.0,1141,0,0,0,0,0,0,1,0,0,0,0,0,-0.22495105434386534,0.9743700647852351,2,5,6,180464.58000000007,661644.0999999996,0,9.758383333333333,0.0,1141,0,0,0,0,0,0,1,0,0,0,0,0,0.9998476951563913,0.017452406437283376,1,0,0,1,0,0,0,0,0,0,0,0,0,0,0,0,0,1,0,0,0,0,1,0,0,0,0,0,0,0,0,0,0,0,0,0,0,0,0,0,1,0,0,0,1,0,0,0,0,0,0,0,0,0,0,0,0,0,0,0,1,0,0,0,0,0,0,1,0,0,0,0,0,0,0,0,0,0,0,0,0,0,0,1,0,0,0,0,0,0,0,0,0,0,0,0,0,0,0,0,0,0.8377738899847081,1.0,0.7054561680867597,1.0,1.6485553319993695,1.0,2.08331811206818,1.0,179193.43500000006,662520.0800000001
2,0,8,177956.8700000001,658813.6199999992,0,0.0,82.01047480324074,1540,0,0,0,0,0,0,0,0,1,0,0,0,0.0,1.0,1,0,10,179004.88999999966,658838.9399999995,0,0.0,45.68765068287037,142,1,0,0,0,0,0,0,0,0,0,0,0,0.0,1.0,2,5,5,180136.36000000034,658360.5999999996,0,5.1673,0.0,1540,0,0,0,0,0,0,0,0,1,0,0,0,-0.5735764363510465,0.8191520442889916,2,5,7,178763.73000000045,659676.5299999993,0,5.150366666666667,0.0,1540,0,0,0,0,0,0,0,0,1,0,0,0,-0.374606593415912,-0.9271838545667874,0,0,0,1,0,0,0,0,0,0,0,0,0,0,0,0,0,1,0,0,0,0,1,0,0,0,0,0,0,0,0,0,0,0,0,0,0,0,0,0,1,0,0,0,1,0,0,0,0,0,0,0,0,0,0,0,0,0,0,0,0,0,1,0,0,0,0,0,0,1,0,0,0,0,1,0,0,0,0,0,0,0,0,0,0,0,0,0,0,0,0,0,0,0,0,0,0,0,0,0,0,1.6170685965431737,1.0,0.14716968730345795,1.0,2.070199642064881,1.0,1.2443493640995416,1.0,178965.46250000014,658922.4224999994
2,0,10,177395.46999999974,662145.5199999996,0,0.0,100.90727359953704,2205,0,0,0,0,1,0,0,0,0,0,0,0,0.0,1.0,2,0,10,178693.75,665885.8900000006,0,0.0,56.620143946759256,1540,0,0,0,0,0,0,0,0,1,0,0,0,0.0,1.0,1,0,9,180759.6799999997,661531.8699999992,0,0.0,25.781035173611112,1141,0,0,0,0,0,0,1,0,0,0,0,0,0.0,1.0,1,0,10,180468.24000000025,661860.9900000002,0,0.0,12.73946113425926,649,0,0,0,0,0,0,1,0,0,0,0,0,0.0,1.0,1,0,0,1,0,0,0,0,0,0,0,0,0,0,0,0,0,1,0,0,0,0,1,0,0,0,0,0,0,0,0,0,0,0,0,0,0,0,0,0,1,0,0,0,0,1,0,0,0,0,0,0,0,0,0,0,0,0,0,0,0,0,0,0,1,0,0,0,1,0,0,0,0,0,0,0,0,0,0,0,0,0,0,0,0,0,0,0,1,0,0,0,0,0,0,0,0,0,0,0,0,1.316101756481237,1.0,1.9776185789580494,1.0,1.2452029564383078,1.0,0.9661534537393905,1.0,179329.28499999992,662856.0674999999
1,0,10,183720.41000000012,666760.4499999993,0,0.0,104.33682211805555,2205,0,0,0,0,1,0,0,0,0,0,0,0,0.0,1.0,2,5,6,183894.26999999955,667971.7400000002,0,36.45953333333333,0.0,1366,0,0,0,0,0,0,0,0,1,0,0,0,0.05233595624294381,-0.9986295347545738,2,5,6,185144.33000000007,666870.6199999992,0,27.292633333333335,0.0,1366,0,0,0,0,0,0,0,0,1,0,0,0,-0.0348994967025009,-0.9993908270190958,2,5,5,183522.71,666485.75,0,9.742283333333333,0.0,1366,0,0,0,0,0,0,0,0,1,0,0,0,-0.9702957262759965,-0.24192189559966779,0,0,0,1,0,0,0,0,0,0,0,0,0,0,0,0,0,1,0,0,0,1,0,0,0,0,0,0,0,0,0,0,0,0,0,0,0,0,1,0,0,0,0,0,1,0,0,0,0,0,0,0,0,0,0,0,0,0,0,0,0,0,1,0,0,0,0,1,0,0,0,0,0,0,0,0,0,0,0,0,0,0,0,0,0,0,1,0,0,0,0,0,0,0,0,0,0,0,0,0,0,0.7285772184351281,1.0,1.6100957737960848,1.0,1.8080399953777322,1.0,1.278044308482763,1.0,184070.42999999993,667022.1399999997
2,0,10,177408.16000000015,662268.3399999999,0,0.0,98.36649943287037,2205,0,0,0,0,1,0,0,0,0,0,0,0,0.0,1.0,2,0,10,178747.04000000004,666085.1899999995,0,0.0,54.07847857638889,1540,0,0,0,0,0,0,0,0,1,0,0,0,0.0,1.0,2,0,6,180344.96,664164.5899999999,0,0.0,7.953455381944444,787,0,0,0,0,0,0,0,0,0,1,0,0,0.0,1.0,2,5,5,177258.29000000004,662747.5199999996,0,25.3758,0.0,1366,0,0,0,0,0,0,0,0,1,0,0,0,-0.5446390350150271,-0.838670567945424,1,0,0,1,0,0,0,0,0,0,0,0,0,0,0,0,0,1,0,0,0,0,1,0,0,0,0,0,0,0,0,0,0,0,0,0,0,0,0,0,1,0,0,0,0,1,0,0,0,0,0,0,0,0,0,0,0,0,0,0,0,0,0,0,1,0,0,1,0,0,0,0,0,0,0,0,0,0,0,0,0,0,0,0,0,0,1,0,0,0,0,0,0,0,0,0,0,0,0,0,0,1.364150152627002,1.0,1.6789640126716845,1.0,1.42038179649836,1.0,1.1682830017952897,1.0,178439.61250000005,663816.4099999997
1,0,10,179116.38999999966,665972.2300000004,0,0.0,56.6701090625,2205,0,0,0,0,1,0,0,0,0,0,0,0,0.0,1.0,1,0,10,179116.38999999966,665972.2300000004,0,0.0,56.6701090625,2205,0,0,0,0,1,0,0,0,0,0,0,0,0.0,1.0,2,0,6,180321.3200000003,662385.4100000001,0,603.05705,0.0,1540,0,0,0,0,0,0,0,0,1,0,0,0,0.0,1.0,2,5,10,180187.5499999998,664213.4199999999,0,39.44038333333334,0.0,235,1,0,0,0,0,0,0,0,0,0,0,0,-0.601815023152048,-0.798635510047293,1,0,0,1,0,0,0,0,0,0,0,0,0,0,0,0,0,1,0,0,0,0,1,0,0,0,0,0,0,0,0,0,0,0,0,0,0,0,0,0,1,0,0,0,0,1,0,0,0,0,0,0,0,0,0,0,0,0,0,0,0,0,0,0,1,0,0,0,0,1,0,0,0,0,0,1,0,0,0,0,0,0,0,0,0,0,0,0,0,0,0,2,0,0,0,0,0,0,0,0,0,1.4133093762162419,1.0,1.4133093762162419,1.0,2.2754272166119263,1.0,0.6384683221338232,1.0,179685.41249999986,664635.8225000002
2,0,9,191283.08999999985,675529.3599999994,0,0.0,1.9301251967592592,1295,0,0,0,0,0,1,0,0,0,0,0,0,0.0,1.0,2,0,6,191566.1299999999,675454.4299999997,0,713.0477666666667,0.0,790,0,0,0,0,0,0,0,0,0,0,1,0,0.0,1.0,2,5,5,192002.41000000012,675407.9800000004,0,14.80015,0.0,860,0,0,0,1,0,0,0,0,0,0,0,0,-0.2419218955996675,-0.9702957262759965,2,5,6,191455.54000000004,675817.5800000001,0,14.363866666666667,0.0,2324,0,0,0,0,1,0,0,0,0,0,0,0,-0.9659258262890682,0.25881904510252113,0,0,0,1,0,0,0,0,0,0,0,0,0,0,0,0,0,1,0,0,0,0,1,0,0,0,0,0,0,0,0,0,0,0,0,0,0,0,0,0,1,0,0,0,1,0,0,0,0,0,0,0,0,0,0,0,0,0,0,0,1,0,0,0,0,0,0,1,0,0,0,0,0,0,0,0,0,0,0,0,0,0,0,0,1,0,0,0,0,0,0,2,0,0,0,0,0,0,0,0,0,1.3871073818579363,1.0,0.4637176373741971,1.0,2.1161266662896496,1.0,1.3731857129447702,1.0,191576.79249999998,675552.3374999999
2,5,5,188462.41999999995,667227.7899999991,0,28.717016666666666,0.0,2324,0,0,0,0,1,0,0,0,0,0,0,0,0.13917310096006544,0.9902680687415704,1,5,5,188795.86000000036,667584.8200000003,0,21.666666666666668,0.0,2324,0,0,0,0,1,0,0,0,0,0,0,0,-0.374606593415912,-0.9271838545667874,2,5,8,186284.74000000025,666656.6099999994,0,14.38365,0.0,2324,0,0,0,0,1,0,0,0,0,0,0,0,-0.9986295347545738,0.052335956242943946,2,5,6,186568.61000000036,667565.8499999996,0,11.233533333333334,0.0,2324,0,0,0,0,1,0,0,0,0,0,0,0,-0.9743700647852351,-0.22495105434386525,0,0,1,0,0,0,0,0,0,0,0,0,0,0,1,0,0,0,0,0,0,1,0,0,0,0,0,0,0,0,0,0,0,0,0,1,0,0,0,0,0,0,0,0,1,0,0,0,0,0,0,0,0,0,0,0,0,0,0,0,0,0,1,0,0,0,0,1,0,0,0,0,0,0,0,0,0,0,0,0,0,0,0,0,0,0,1,0,0,0,0,0,0,0,0,0,0,0,0,0,0,1.2570788773891022,1.0,1.7601354730189431,1.0,1.8570981247711404,1.0,1.354178640404263,1.0,187527.90750000023,667258.7674999996
2,0,10,186260.91999999995,659751.1099999994,0,0.0,139.63604824074073,790,0,0,0,0,0,0,0,0,0,0,1,0,0.0,1.0,2,0,10,186205.24000000025,659506.6899999995,0,0.0,139.6360250925926,790,0,0,0,0,0,0,0,0,0,0,1,0,0.0,1.0,1,0,10,187687.1200000001,659857.8300000001,0,0.0,90.9118005787037,1353,0,0,0,0,0,0,0,1,0,0,0,0,0.0,1.0,1,0,10,186028.3899999997,659304.3200000003,0,0.0,47.70941646990741,787,0,0,0,0,0,0,0,0,0,1,0,0,0.0,1.0,0,0,0,1,0,0,0,0,0,0,0,0,0,0,0,0,0,1,0,0,0,0,1,0,0,0,0,0,0,0,0,0,0,0,0,0,0,0,0,0,1,0,0,0,0,1,0,0,0,0,0,0,0,0,0,0,0,0,0,0,0,0,0,0,1,0,0,0,1,0,0,0,0,0,0,0,0,0,0,0,0,0,0,0,0,0,0,0,1,0,0,2,0,0,0,0,0,0,0,0,0,0.7268942352719096,1.0,0.8047720571806609,1.0,2.657683956278805,0.0,1.3593270633276637,1.0,248727.2233333333,879473.3166666664
1,5,5,190349.6500000004,667813.3699999992,0,12.093016666666667,0.0,1366,0,0,0,0,0,0,0,0,1,0,0,0,-0.46947156278589086,-0.8829475928589269,2,5,8,187893.4500000002,668735.7400000002,0,49.35661666666667,0.0,1295,0,0,0,0,0,1,0,0,0,0,0,0,-0.8987940462991668,-0.43837114678907774,2,5,5,186089.29000000004,667711.2699999996,0,28.056983333333335,0.0,1295,0,0,0,0,0,1,0,0,0,0,0,0,0.7193398003386514,-0.694658370458997,2,5,5,186242.5499999998,667497.8900000006,0,15.89035,0.0,1295,0,0,0,0,0,1,0,0,0,0,0,0,-0.9961946980917455,-0.08715574274765825,0,0,1,0,0,0,0,0,0,0,0,0,0,0,0,0,1,0,0,0,0,1,0,0,0,0,0,0,0,0,0,0,0,0,0,0,0,0,1,0,0,0,0,0,1,0,0,0,0,0,0,0,0,0,0,0,0,0,0,0,0,0,1,0,0,0,0,1,0,0,0,0,0,0,0,0,0,0,0,0,0,0,0,0,0,0,1,0,0,0,0,0,0,0,0,0,0,0,0,0,0,2.475553396063716,1.0,0.7625501361500284,1.0,1.43580609132983,1.0,1.3426170487373785,1.0,187643.7350000001,667939.5674999999
2,0,6,191370.46,675506.0700000003,0,1399.3752166666666,0.0,1295,0,0,0,0,0,1,0,0,0,0,0,0,0.0,1.0,2,0,6,191556.61000000036,675457.2400000002,0,773.0423666666667,0.0,790,0,0,0,0,0,0,0,0,0,0,1,0,0.0,1.0,2,5,5,190926.2000000002,675665.6699999999,0,25.459016666666667,0.0,2205,0,0,0,0,1,0,0,0,0,0,0,0,0.24192189559966773,0.9702957262759965,2,5,5,191972.8899999997,675338.7899999991,0,10.041433333333334,0.0,2205,0,0,0,0,1,0,0,0,0,0,0,0,-0.01745240643728445,0.9998476951563913,0,0,0,1,0,0,0,0,0,0,0,0,0,0,0,0,0,1,0,0,0,0,1,0,0,0,0,0,0,0,0,0,0,0,0,0,0,0,0,0,1,0,0,0,1,0,0,0,0,0,0,0,0,0,0,0,0,0,0,1,0,0,0,0,0,0,0,1,0,0,0,0,0,0,0,0,0,0,0,0,0,0,0,0,0,0,1,0,0,0,0,2,0,0,0,0,0,0,0,0,0,0.353711013622806,1.0,0.42947475452952333,1.0,2.262888467894023,1.0,2.1838780745098636,1.0,191456.54000000004,675491.9424999999
2,0,10,177401.2000000002,662045.3599999994,0,0.0,103.29927350694444,785,0,0,0,0,0,0,0,1,0,0,0,0,0.0,1.0,2,0,10,177347.7999999998,661625.0600000005,0,0.0,103.29927350694444,785,0,0,0,0,0,0,0,1,0,0,0,0,0.0,1.0,17,0,10,178540.1799999997,663026.1099999994,0,0.0,71.02644944444444,790,0,0,0,0,0,0,0,0,0,0,1,0,0.0,1.0,1,0,10,180749.91999999995,661572.5,0,0.0,25.406044363425927,1141,0,0,0,0,0,0,1,0,0,0,0,0,0.0,1.0,1,0,0,1,0,0,0,0,0,0,0,0,0,0,0,0,0,1,0,0,0,0,1,0,0,0,0,0,0,0,0,0,0,0,0,0,0,0,0,0,1,0,0,0,0,1,0,0,0,0,0,0,0,0,0,0,0,0,0,0,0,0,0,0,1,0,0,0,1,0,0,0,0,0,0,0,0,0,0,0,0,0,0,0,0,0,0,0,1,0,0,2,0,0,0,0,0,0,0,0,0,1.1306184621015152,1.0,1.2677462458559403,1.0,0.978219515208268,1.0,2.339291789109862,1.0,178509.7749999999,662067.2574999998
2,0,10,177408.16000000015,662268.3399999999,0,0.0,99.9915031712963,2205,0,0,0,0,1,0,0,0,0,0,0,0,0.0,1.0,2,0,10,178747.04000000004,666085.1899999995,0,0.0,55.70348232638889,1540,0,0,0,0,0,0,0,0,1,0,0,0,0.0,1.0,2,5,6,178589.76999999955,661289.3499999996,0,15.2479,0.0,2324,0,0,0,0,1,0,0,0,0,0,0,0,0.17364817766693033,0.984807753012208,2,5,5,181577.34999999963,667705.3800000008,0,9.11445,0.0,2324,0,0,0,0,1,0,0,0,0,0,0,0,-0.961261695938319,-0.2756373558169989,1,0,0,1,0,0,0,0,0,0,0,0,0,0,0,0,0,1,0,0,0,0,1,0,0,0,0,0,0,0,0,0,0,0,0,0,0,0,0,0,1,0,0,0,1,0,0,0,0,0,0,0,0,0,0,0,0,0,0,1,0,0,0,0,0,0,0,1,0,0,0,0,0,0,0,0,0,0,0,0,0,0,0,0,0,0,1,0,0,0,0,0,0,0,0,0,0,0,0,0,0,1.2740673955567385,1.0,0.8523476565754659,1.0,1.4784746716809212,1.0,2.008083737861937,1.0,179080.57999999984,664337.065
1,0,10,183720.41000000012,666760.4499999993,0,0.0,106.253494375,2205,0,0,0,0,1,0,0,0,0,0,0,0,0.0,1.0,1,5,5,185265.46,664794.1500000004,0,11.18185,0.0,1353,0,0,0,0,0,0,0,1,0,0,0,0,0.9702957262759965,-0.24192189559966779,1,5,6,185240.1500000004,666280.9800000004,0,5.231766666666666,0.0,1353,0,0,0,0,0,0,0,1,0,0,0,0,0.0,1.0,2,5,5,183877.91000000012,665071.5199999996,0,2.4320833333333334,0.0,1353,0,0,0,0,0,0,0,1,0,0,0,0,0.9396926207859083,0.3420201433256688,0,0,0,1,0,0,0,0,0,0,0,0,0,0,0,0,0,1,0,0,0,1,0,0,0,0,0,0,0,0,0,0,0,0,0,0,0,0,1,0,0,0,0,0,1,0,0,0,0,0,0,0,0,0,0,0,0,0,0,0,0,0,1,0,0,0,0,1,0,0,0,0,0,0,0,0,0,0,0,0,0,0,0,1,0,0,0,0,0,0,0,0,0,0,0,0,0,0,0,0,0,1.6945370783037093,1.0,1.5389961979379296,1.0,1.1688798155362357,1.0,1.1916715622547096,1.0,184525.98250000016,665726.7749999999
2,0,10,177965.59999999963,658892.7699999996,0,0.0,81.88547917824074,1540,0,0,0,0,0,0,0,0,1,0,0,0,0.0,1.0,2,0,8,177956.8700000001,658813.6199999992,0,0.0,81.88546761574074,1540,0,0,0,0,0,0,0,0,1,0,0,0,0.0,1.0,1,5,5,178146.86000000034,656320.4900000002,0,9.5904,0.0,649,0,0,0,0,0,0,1,0,0,0,0,0,0.9998476951563913,-0.017452406437283477,2,5,5,177774.8799999999,658043.0500000007,0,4.04075,0.0,649,0,0,0,0,0,0,1,0,0,0,0,0,0.0,1.0,0,0,0,1,0,0,0,0,0,0,0,0,0,0,0,0,0,1,0,0,0,0,1,0,0,0,0,0,0,0,0,0,0,0,0,0,0,0,0,0,1,0,0,1,0,0,0,1,0,0,0,0,0,0,0,0,0,0,0,0,0,0,0,0,0,0,0,1,0,0,0,0,0,0,0,0,0,0,0,0,0,0,0,0,0,1,0,0,0,0,0,2,0,0,0,0,0,0,0,0,0,1.5013613075283636,1.0,1.3655974756782956,1.0,2.9281704511455713,0.0,0.3223305382679112,1.0,237281.40333333332,877356.6433333332
1,0,10,180749.91999999995,661572.5,0,0.0,24.864386157407406,1141,0,0,0,0,0,0,1,0,0,0,0,0,0.0,1.0,1,0,10,180468.24000000025,661860.9900000002,0,0.0,11.822800648148148,649,0,0,0,0,0,0,1,0,0,0,0,0,0.0,1.0,2,5,5,180118.0700000003,664094.3599999994,0,6.266116666666667,0.0,2324,0,0,0,0,1,0,0,0,0,0,0,0,0.5877852522924731,0.8090169943749475,1,5,7,179118.1299999999,663982.9199999999,0,2.94955,0.0,2324,0,0,0,0,1,0,0,0,0,0,0,0,0.25881904510252074,0.9659258262890683,1,0,0,1,0,0,0,0,0,0,0,0,0,0,0,0,0,1,0,0,0,0,1,0,0,0,0,0,0,0,0,0,0,0,0,0,0,0,0,0,1,0,0,0,1,0,0,0,0,0,0,0,0,0,0,0,0,0,0,0,0,0,1,0,0,0,0,0,0,1,0,0,0,0,0,1,0,0,0,0,0,0,0,0,0,0,0,0,0,0,0,0,0,0,0,0,0,0,0,0,0,1.6288957518043627,1.0,1.207925977150393,1.0,1.3648570757548975,1.0,1.6685947247571213,1.0,180113.59000000008,662877.6924999999
1,0,10,181954.53000000023,664345.2400000002,0,0.0,42.786832511574076,790,0,0,0,0,0,0,0,0,0,0,1,0,0.0,1.0,2,5,5,181192.6299999999,665249.0099999998,0,16.890966666666667,0.0,1353,0,0,0,0,0,0,0,1,0,0,0,0,-0.5000000000000001,-0.8660254037844386,1,5,5,182767.54000000004,664510.9499999993,0,14.790016666666666,0.0,1353,0,0,0,0,0,0,0,1,0,0,0,0,-0.9975640502598243,0.06975647374412522,1,5,5,182891.46,664651.8699999992,0,8.80545,0.0,1353,0,0,0,0,0,0,0,1,0,0,0,0,0.981627183447664,-0.1908089953765448,0,0,0,1,0,0,0,0,0,0,0,0,0,0,0,0,0,1,0,0,0,1,0,0,0,0,0,0,0,0,0,0,0,0,0,0,1,0,0,0,0,0,0,0,0,0,1,0,0,0,0,0,1,0,0,0,0,0,0,0,0,0,0,0,0,0,0,1,0,0,0,0,0,0,0,0,0,0,0,0,0,0,0,0,0,0,1,0,0,0,0,0,0,0,0,0,0,0,0,0,0,0.8258926356542747,1.0,2.249953415405302,1.0,1.1572197725574933,1.0,1.3473669779919792,1.0,182201.54000000004,664689.2674999996
2,0,6,177356.33999999985,661702.3200000003,0,0.0,109.92426533564814,785,0,0,0,0,0,0,0,1,0,0,0,0,0.0,1.0,17,0,6,178698.5599999996,663005.4399999995,0,0.0,77.65144121527777,790,0,0,0,0,0,0,0,0,0,0,1,0,0.0,1.0,1,0,10,180749.91999999995,661572.5,0,0.0,32.031047685185186,1141,0,0,0,0,0,0,1,0,0,0,0,0,0.0,1.0,2,5,5,178669.75999999978,664775.3900000006,0,11.8088,0.0,1141,0,0,0,0,0,0,1,0,0,0,0,0,0.8571673007021123,-0.5150380749100543,1,0,0,1,0,0,0,0,0,0,0,0,0,0,0,0,0,1,0,0,0,0,1,0,0,0,0,0,0,0,0,0,0,0,0,0,0,0,0,0,1,0,0,0,0,1,0,0,0,0,0,0,0,0,0,0,0,0,0,0,0,0,0,0,1,0,0,1,0,0,0,0,0,0,0,0,0,0,0,0,0,0,0,1,0,0,0,0,0,0,0,0,0,0,0,0,0,0,0,0,0,1.4761548909198998,1.0,0.23600215046822148,1.0,1.7790143206924929,1.0,1.6148235255577217,1.0,178868.6449999998,662763.9125000001
2,0,6,178116.9299999997,659656.1300000008,0,0.0,5.953474027777777,1295,0,0,0,0,0,1,0,0,0,0,0,0,0.0,1.0,2,5,6,179994.29000000004,658344.6099999994,0,34.00225,0.0,2324,0,0,0,0,1,0,0,0,0,0,0,0,0.8290375725550417,0.5591929034707468,2,5,5,180549.0599999996,657820.7699999996,0,30.7357,0.0,2324,0,0,0,0,1,0,0,0,0,0,0,0,0.5150380749100544,-0.8571673007021122,2,5,5,178824.4500000002,659599.4600000009,0,26.102066666666666,0.0,2324,0,0,0,0,1,0,0,0,0,0,0,0,-0.992546151641322,0.12186934340514768,0,0,0,1,0,0,0,0,0,0,0,0,0,0,0,0,0,1,0,0,0,1,0,0,0,0,0,0,0,0,0,0,0,0,0,0,0,0,1,0,0,0,0,0,1,0,0,0,0,0,0,0,0,0,0,0,0,0,0,0,0,0,1,0,0,0,0,1,0,0,0,0,0,0,0,0,0,0,0,0,0,0,0,0,0,0,1,0,0,0,0,0,0,0,0,0,0,0,0,0,0,1.7010795428002992,1.0,0.9208843624444444,1.0,1.7919637006740257,1.0,1.055595225801917,1.0,179371.18249999988,658855.2425000002
2,5,10,185752.25999999975,666640.4399999995,0,44.765483333333336,0.0,2324,0,0,0,0,1,0,0,0,0,0,0,0,-0.9986295347545738,-0.052335956242944306,1,5,5,186219.5,666973.0099999998,0,13.2656,0.0,2324,0,0,0,0,1,0,0,0,0,0,0,0,-0.9702957262759966,0.24192189559966742,2,5,5,189531.8799999999,667310.6799999997,0,8.332316666666667,0.0,2324,0,0,0,0,1,0,0,0,0,0,0,0,0.8746197071393957,0.4848096202463371,2,5,5,185972.34999999963,666652.6899999995,0,4.632383333333333,0.0,2324,0,0,0,0,1,0,0,0,0,0,0,0,-0.9961946980917455,-0.08715574274765825,0,0,1,0,0,0,0,0,0,0,0,0,0,0,0,0,1,0,0,0,0,1,0,0,0,0,0,0,0,0,0,0,0,0,0,0,0,1,0,0,0,0,0,0,1,0,0,0,0,0,0,0,0,0,0,0,0,0,0,0,1,0,0,0,0,0,0,1,0,0,0,0,0,0,0,0,0,0,0,0,0,0,0,0,0,0,1,0,0,0,0,2,0,0,0,0,0,0,0,0,0,1.2576233298107018,1.0,0.718484608733102,1.0,2.9598265735957727,0.0,1.0197584520114102,1.0,249158.6633333331,889192.2733333329
2,0,10,177395.46999999974,662145.5199999996,0,0.0,100.40727538194444,2205,0,0,0,0,1,0,0,0,0,0,0,0,0.0,1.0,1,0,9,180759.6799999997,661531.8699999992,0,0.0,25.28103696759259,1141,0,0,0,0,0,0,1,0,0,0,0,0,0.0,1.0,4,5,5,180838.8200000003,666533.3800000008,0,5.376533333333334,0.0,738,0,0,0,0,0,0,0,0,0,1,0,0,-0.5591929034707473,0.8290375725550414,1,5,5,179299.4500000002,664705.3699999992,0,2.5598833333333335,0.0,738,0,0,0,0,0,0,0,0,0,1,0,0,-0.08715574274765794,-0.9961946980917455,1,0,0,1,0,0,0,0,0,0,0,0,0,0,0,0,0,1,0,0,0,0,1,0,0,0,0,0,0,0,0,0,0,0,0,0,0,0,0,0,1,0,0,0,1,0,0,0,0,0,0,0,0,0,0,0,0,0,0,0,0,0,1,0,0,0,0,1,0,0,0,0,0,0,0,0,0,0,0,0,0,0,0,0,1,0,0,0,0,0,0,0,0,0,0,0,0,0,0,0,0,1.5800666144341373,1.0,1.4652108515104063,1.0,1.8053562649832464,1.0,0.5950254532187628,1.0,179573.35499999998,663729.0349999997
1,0,10,179337.13999999966,644997.9700000007,0,0.0,2.377088414351852,1366,0,0,0,0,0,0,0,0,1,0,0,0,0.0,1.0,1,0,8,179275.6900000004,645032.3599999994,0,0.0,2.377088414351852,1366,0,0,0,0,0,0,0,0,1,0,0,0,0.0,1.0,1,0,8,179275.6900000004,645032.3599999994,0,0.0,2.377088414351852,1366,0,0,0,0,0,0,0,0,1,0,0,0,0.0,1.0,1,0,8,179275.6900000004,645032.3599999994,0,0.0,2.377088414351852,1366,0,0,0,0,0,0,0,0,1,0,0,0,0.0,1.0,0,0,0,1,0,0,0,0,0,0,0,0,0,0,0,0,0,1,0,0,0,0,1,0,0,0,0,0,0,0,0,0,0,0,0,0,0,0,0,0,1,0,0,0,0,1,0,0,0,0,0,0,0,0,0,0,0,0,0,0,0,0,0,0,1,0,0,0,1,0,0,0,0,0,0,0,0,0,0,0,0,0,0,0,0,0,0,0,1,0,0,0,0,0,0,0,0,0,0,0,0,2.54525325765893,0.0,0.8484177525529766,1.0,0.8484177525529766,1.0,0.8484177525529766,1.0,239054.73666666695,860031.683333333
2,0,10,177363.59999999963,661768.3800000008,0,0.0,109.84093274305556,785,0,0,0,0,0,0,0,1,0,0,0,0,0.0,1.0,16,0,10,178580.53000000026,663032.5,0,0.0,77.56810865740741,790,0,0,0,0,0,0,0,0,0,0,1,0,0.0,1.0,2,0,10,178693.75,665885.8900000006,0,0.0,62.78681238425926,1540,0,0,0,0,0,0,0,0,1,0,0,0,0.0,1.0,1,5,5,177713.6900000004,662523.3399999999,0,15.726483333333332,0.0,1295,0,0,0,0,0,1,0,0,0,0,0,0,0.9945218953682734,-0.10452846326765333,1,0,0,1,0,0,0,0,0,0,0,0,0,0,0,0,0,1,0,0,0,0,1,0,0,0,0,0,0,0,0,0,0,0,0,0,0,0,0,0,1,0,0,0,0,1,0,0,0,0,0,0,0,0,0,0,0,0,0,0,0,0,0,0,1,0,0,1,0,0,0,0,0,0,0,0,0,0,0,0,0,0,0,0,0,0,1,0,0,0,0,0,0,0,0,0,0,0,0,0,0,1.5987795387803827,1.0,0.5294201771214049,1.0,2.5005713947728343,0.0,0.8145813862298826,1.0,237450.52333333343,884403.3700000005
2,0,10,186260.91999999995,659751.1099999994,0,0.0,133.13604541666666,790,0,0,0,0,0,0,0,0,0,0,1,0,0.0,1.0,2,0,10,186205.24000000025,659506.6899999995,0,0.0,133.13602225694444,790,0,0,0,0,0,0,0,0,0,0,1,0,0.0,1.0,1,0,10,187687.1200000001,659857.8300000001,0,0.0,84.41179773148149,1353,0,0,0,0,0,0,0,1,0,0,0,0,0.0,1.0,1,0,10,186028.3899999997,659304.3200000003,0,0.0,41.20941357638889,787,0,0,0,0,0,0,0,0,0,1,0,0,0.0,1.0,0,0,0,1,0,0,0,0,0,0,0,0,0,0,0,0,0,1,0,0,0,0,1,0,0,0,0,0,0,0,0,0,0,0,0,0,0,0,0,0,1,0,0,0,0,1,0,0,0,0,0,0,0,0,0,0,0,0,0,0,0,0,0,0,1,0,0,0,1,0,0,0,0,0,0,0,0,0,0,0,0,0,0,0,0,0,0,0,1,0,0,2,0,0,0,0,0,0,0,0,0,0.7268942352719096,1.0,0.8047720571806609,1.0,2.657683956278805,0.0,1.3593270633276637,1.0,248727.2233333333,879473.3166666664
1,0,10,188285.58999999985,659377.2899999991,0,0.0,158.88273097222222,738,0,0,0,0,0,0,0,0,0,1,0,0,0.0,1.0,1,0,10,188285.58999999985,659377.2899999991,0,0.0,123.82847225694445,170,0,0,0,0,0,0,0,0,0,0,1,0,0.0,1.0,1,0,10,189948.21,659628.6099999994,0,0.0,32.83991837962963,787,0,0,0,0,0,0,0,0,0,1,0,0,0.0,1.0,1,0,9,189608.8799999999,659721.5999999996,0,0.0,12.894930046296297,738,0,0,0,0,0,0,0,0,0,1,0,0,0.0,1.0,0,0,0,1,0,0,0,0,0,0,0,0,0,0,0,0,0,1,0,0,0,0,1,0,0,0,0,0,0,0,0,0,0,0,0,0,0,0,0,0,1,0,0,0,0,1,0,0,0,0,0,0,0,0,0,0,0,0,0,0,0,0,0,0,1,0,0,0,1,0,0,0,0,0,0,0,0,0,0,0,0,0,0,0,0,0,0,0,1,0,0,2,0,0,0,0,0,0,0,0,0,1.6756024370960303,1.0,1.6756024370960303,1.0,2.0292740122178747,1.0,1.3406219347752413,1.0,189032.0674999999,659526.1974999993
1,0,10,186647.59999999963,695230.3699999992,0,0.0,29.919027199074073,738,0,0,0,0,0,0,0,0,0,1,0,0,0.0,1.0,1,0,10,186810.84999999963,695239.0700000003,0,0.0,29.91902758101852,738,0,0,0,0,0,0,0,0,0,1,0,0,0.0,1.0,2,5,5,188199.26999999955,687957.7300000004,0,17.634183333333333,0.0,1540,0,0,0,0,0,0,0,0,1,0,0,0,-0.12186934340514811,0.992546151641322,2,5,5,188142.6200000001,691004.1500000004,0,3.033183333333333,0.0,1540,0,0,0,0,0,0,0,0,1,0,0,0,-0.9961946980917455,-0.08715574274765825,0,0,0,1,0,0,0,0,0,0,0,0,0,0,0,0,0,1,0,0,0,0,1,0,0,0,0,0,0,0,0,0,0,0,0,0,0,0,0,0,1,0,0,0,1,0,0,0,0,0,0,0,0,0,0,0,0,0,0,1,0,0,0,0,0,0,0,1,0,0,0,0,0,0,0,0,0,0,0,0,0,0,0,0,1,0,0,0,0,0,0,0,0,0,0,0,0,0,0,0,0,1.571675372962718,1.0,1.555219313253326,1.0,2.3520504545868905,1.0,0.801267363044594,1.0,187450.08499999973,692357.8300000001
1,0,10,188299.2199999997,659292.9600000009,0,0.0,159.2160582638889,738,0,0,0,0,0,0,0,0,0,1,0,0,0.0,1.0,1,0,10,188285.58999999985,659377.2899999991,0,0.0,159.21605839120372,738,0,0,0,0,0,0,0,0,0,1,0,0,0.0,1.0,1,0,10,189948.21,659628.6099999994,0,0.0,33.17324583333333,787,0,0,0,0,0,0,0,0,0,1,0,0,0.0,1.0,1,0,9,189608.8799999999,659721.5999999996,0,0.0,13.22825744212963,738,0,0,0,0,0,0,0,0,0,1,0,0,0.0,1.0,0,0,0,1,0,0,0,0,0,0,0,0,0,0,0,0,0,1,0,0,0,0,1,0,0,0,0,0,0,0,0,0,0,0,0,0,0,0,0,0,1,0,0,0,0,1,0,0,0,0,0,0,0,0,0,0,0,0,0,0,0,0,0,0,1,0,0,0,1,0,0,0,0,0,0,0,0,0,0,0,0,0,0,0,0,0,0,0,1,0,0,2,0,0,0,0,0,0,0,0,0,1.6506142389226728,1.0,1.638742714961805,1.0,1.984177454345751,1.0,1.320363285057148,1.0,189035.47499999986,659505.1149999998
2,5,5,182717.0,665787.4000000004,0,19.981566666666666,0.0,860,0,0,0,1,0,0,0,0,0,0,0,0,-0.17364817766693127,0.9848077530122079,2,5,6,184604.8099999996,662418.3399999999,0,17.414933333333334,0.0,860,0,0,0,1,0,0,0,0,0,0,0,0,0.6156614753256584,-0.7880107536067219,1,5,5,182536.75,666275.3399999999,0,13.415166666666666,0.0,860,0,0,0,1,0,0,0,0,0,0,0,0,-0.10452846326765305,-0.9945218953682734,1,5,5,182922.3700000001,663820.9399999995,0,6.5983,0.0,860,0,0,0,1,0,0,0,0,0,0,0,0,-0.8571673007021121,-0.5150380749100544,0,0,1,0,0,0,0,0,0,0,0,0,0,1,0,0,0,0,0,0,0,1,0,0,0,0,0,0,0,0,0,0,0,0,0,1,0,0,0,0,0,0,0,0,1,0,0,0,0,0,0,0,0,0,0,0,0,0,0,1,0,0,0,0,0,0,0,1,0,0,0,0,0,0,0,0,0,0,0,0,0,0,0,0,0,0,1,0,0,0,0,0,0,0,0,0,0,0,0,0,0,1.098135288669453,1.0,2.1719865891895482,1.0,1.5364978367501847,1.0,0.6763123004368724,1.0,183195.23249999993,664575.5049999999
2,5,5,182694.58000000007,665956.1500000004,0,15.515883333333333,0.0,2324,0,0,0,0,1,0,0,0,0,0,0,0,-0.10452846326765342,0.9945218953682733,1,3,5,183247.4699999997,663284.6600000001,0,13.882366666666666,0.0,2324,0,0,0,0,1,0,0,0,0,0,0,0,0.9961946980917455,0.08715574274765814,1,1,5,182133.09999999963,666461.0600000005,0,10.198933333333333,0.0,2324,0,0,0,0,1,0,0,0,0,0,0,0,-0.9510565162951535,-0.30901699437494756,2,5,6,182320.1399999997,662612.6099999994,0,8.8991,0.0,2324,0,0,0,0,1,0,0,0,0,0,0,0,0.374606593415912,0.9271838545667874,0,0,1,0,0,0,0,0,0,0,0,0,0,0,0,0,1,0,0,0,0,1,0,0,0,0,0,0,0,0,0,0,0,0,0,0,0,0,1,0,0,0,0,0,1,0,0,0,0,0,0,0,0,0,0,0,0,0,0,0,0,0,1,0,0,0,0,1,0,0,0,0,0,0,0,0,0,0,0,0,0,0,0,0,1,0,0,0,0,0,0,0,0,0,0,0,0,0,0,0,0,1.3261905949791741,1.0,1.3901382934403665,1.0,1.862428565701019,1.0,1.9070573209829027,1.0,182598.82249999978,664578.6200000001
2,0,10,177437.83000000007,662499.7699999996,0,0.0,98.03316488425926,2205,0,0,0,0,1,0,0,0,0,0,0,0,0.0,1.0,2,0,10,179116.7000000002,665979.1099999994,0,0.0,93.92770190972222,1000,0,0,0,0,0,1,0,0,0,0,0,0,0.0,1.0,2,0,10,178547.0,665523.4900000002,0,0.0,53.7451440162037,1540,0,0,0,0,0,0,0,0,1,0,0,0,0.0,1.0,2,0,6,180344.96,664164.5899999999,0,0.0,7.620120914351852,787,0,0,0,0,0,0,0,0,0,1,0,0,0.0,1.0,1,0,0,1,0,0,0,0,0,0,0,0,0,0,0,0,0,1,0,0,0,0,1,0,0,0,0,0,0,0,0,0,0,0,0,0,0,0,0,0,1,0,0,0,0,1,0,0,0,0,0,0,0,0,0,0,0,0,0,0,0,0,0,0,1,0,0,0,1,0,0,0,0,0,0,0,0,0,0,0,0,0,0,0,0,0,0,0,1,0,0,0,0,0,0,0,0,0,0,0,0,2.0722230981938377,1.0,1.2152159283108686,1.0,0.8581866936246,1.0,1.2740739319863055,1.0,178861.62250000006,664541.7399999998
6,5,5,178643.23000000045,644265.3699999992,0,23.008983333333333,0.0,1366,0,0,0,0,0,0,0,0,1,0,0,0,0.7986355100472927,-0.6018150231520484,2,5,5,181952.6500000004,645673.8599999994,0,19.7579,0.0,1366,0,0,0,0,0,0,0,0,1,0,0,0,0.48480962024633717,-0.8746197071393957,2,5,5,182052.91000000012,645619.5899999999,0,7.142166666666666,0.0,1366,0,0,0,0,0,0,0,0,1,0,0,0,0.9612616959383189,0.27563735581699916,2,5,5,183079.41999999995,645311.7599999998,0,5.4581,0.0,1366,0,0,0,0,0,0,0,0,1,0,0,0,-0.2756373558169998,0.9612616959383187,0,0,1,0,0,0,0,0,0,0,0,0,0,0,0,0,1,0,0,0,0,1,0,0,0,0,0,0,0,0,0,0,0,0,0,0,1,0,0,0,0,0,0,0,1,0,0,0,0,0,0,0,0,0,0,0,0,0,0,1,0,0,0,0,0,0,0,1,0,0,0,0,0,0,0,0,0,0,0,0,0,0,0,0,1,0,0,0,0,0,0,0,0,0,0,0,0,0,0,0,0,2.6355455056840755,0.0,0.6190691334974413,1.0,0.6614617919416291,1.0,1.475705619383295,1.0,241909.40333333364,860290.1933333328
2,0,6,191283.08999999985,675529.3599999994,0,1399.3741166666666,0.0,1295,0,0,0,0,0,1,0,0,0,0,0,0,0.0,1.0,2,0,6,191556.61000000036,675457.2400000002,0,713.0471833333334,0.0,790,0,0,0,0,0,0,0,0,0,0,1,0,0.0,1.0,2,0,6,191566.1299999999,675454.4299999997,0,713.0477166666667,0.0,790,0,0,0,0,0,0,0,0,0,0,1,0,0.0,1.0,1,5,5,192975.76999999955,675254.1500000004,0,10.9825,0.0,2324,0,0,0,0,1,0,0,0,0,0,0,0,0.766044443118978,0.6427876096865394,0,0,0,1,0,0,0,0,0,0,0,0,0,0,0,0,0,1,0,0,0,0,1,0,0,0,0,0,0,0,0,0,0,0,0,0,0,0,0,0,1,0,0,0,0,1,0,0,0,0,0,0,0,0,0,0,0,0,0,0,0,0,0,0,1,0,0,1,0,0,0,0,0,0,0,0,0,0,0,0,0,0,0,0,0,0,1,0,0,0,0,3,0,0,0,0,0,0,0,0,0,1.495991989346969,1.0,0.7601639142911433,1.0,0.734604777152008,1.0,2.9887485204398345,0.0,255793.86666666655,900565.0599999999
2,0,6,176526.84999999963,658196.6999999993,0,0.0,1.7035043055555557,1540,0,0,0,0,0,0,0,0,1,0,0,0,0.0,1.0,2,0,6,175881.0700000003,659144.1699999999,0,0.0,1.7035043287037037,1540,0,0,0,0,0,0,0,0,1,0,0,0,0.0,1.0,1,4,6,175915.4400000004,657990.8599999994,0,29.971516666666666,0.0,1000,0,0,0,0,0,1,0,0,0,0,0,0,-0.587785252292473,-0.8090169943749475,2,5,5,176656.28000000026,657947.1400000006,0,25.5048,0.0,1000,0,0,0,0,0,1,0,0,0,0,0,0,0.913545457642601,-0.4067366430758001,0,0,0,1,0,0,0,0,0,0,0,0,0,0,0,0,0,1,0,0,0,0,1,0,0,0,0,0,0,0,0,0,0,0,0,0,0,0,0,0,1,0,0,0,0,0,1,0,0,0,0,0,1,0,0,0,0,0,0,0,0,0,0,0,0,0,0,1,0,0,0,0,0,0,0,0,0,0,0,0,0,0,0,0,0,0,1,0,0,0,0,0,0,0,0,0,0,0,0,0,0,0.73669207977724,1.0,2.1582001406910467,1.0,1.1148431129315344,1.0,1.3291977919297469,1.0,176244.91000000015,658319.7174999998
2,0,10,177363.59999999963,661768.3800000008,0,0.0,103.42426274305555,785,0,0,0,0,0,0,0,1,0,0,0,0,0.0,1.0,2,0,10,177395.46999999974,662145.5199999996,0,0.0,100.65727201388889,2205,0,0,0,0,1,0,0,0,0,0,0,0,0.0,1.0,2,0,10,178693.75,665885.8900000006,0,0.0,56.37014237268519,1540,0,0,0,0,0,0,0,0,1,0,0,0,0.0,1.0,2,0,6,178738.1799999997,661886.2699999996,0,952.98835,0.0,2205,0,0,0,0,1,0,0,0,0,0,0,0,0.0,1.0,1,0,0,1,0,0,0,0,0,0,0,0,0,0,0,0,0,1,0,0,0,0,1,0,0,0,0,0,0,0,0,0,0,0,0,0,0,0,0,0,1,0,0,0,0,1,0,0,0,0,0,0,0,0,0,0,0,0,0,0,0,0,0,0,1,0,0,0,1,0,0,0,0,0,0,0,0,0,0,0,0,0,0,0,0,0,0,0,1,0,0,0,0,0,0,0,0,0,0,0,0,1.1241807388400529,1.0,0.8499387686088211,1.0,2.5437573868427363,0.0,1.0433088207048653,1.0,237396.99999999968,883895.3533333335
2,0,6,177381.6299999999,661904.2699999996,0,0.0,100.96592858796296,785,0,0,0,0,0,0,0,1,0,0,0,0,0.0,1.0,2,0,6,177395.46999999974,662145.5199999996,0,0.0,98.199840625,2205,0,0,0,0,1,0,0,0,0,0,0,0,0.0,1.0,2,0,7,177403.1200000001,662212.1300000008,0,0.0,98.19982905092593,2205,0,0,0,0,1,0,0,0,0,0,0,0,0.0,1.0,2,0,10,178547.0,665523.4900000002,0,0.0,53.91180821759259,1540,0,0,0,0,0,0,0,0,1,0,0,0,0.0,1.0,1,0,0,1,0,0,0,0,0,0,0,0,0,0,0,0,0,1,0,0,0,0,1,0,0,0,0,0,0,0,0,0,0,0,0,0,0,0,0,0,1,0,0,0,0,1,0,0,0,0,0,0,0,0,0,0,0,0,0,0,0,0,0,0,1,0,0,0,1,0,0,0,0,0,0,0,0,0,0,0,0,0,0,0,0,0,0,0,1,0,0,3,0,0,0,0,0,0,0,0,0,1.0888681363856891,1.0,0.8539440726169885,1.0,0.7885294933229724,1.0,2.729556964104535,0.0,236909.07333333325,883928.4700000001
2,0,10,179107.7000000002,663112.9000000004,0,0.0,103.27281204861112,2205,0,0,0,0,1,0,0,0,0,0,0,0,0.0,1.0,2,0,10,177386.4299999997,662058.9399999995,0,0.0,100.28317083333333,2205,0,0,0,0,1,0,0,0,0,0,0,0,0.0,1.0,1,2,5,178958.03000000026,663542.6199999992,0,12.6993,0.0,1353,0,0,0,0,0,0,0,1,0,0,0,0,0.37460659341591224,-0.9271838545667873,2,5,5,179510.95999999996,661627.0800000001,0,2.38265,0.0,1353,0,0,0,0,0,0,0,1,0,0,0,0,0.9902680687415704,-0.13917310096006535,1,0,0,1,0,0,0,0,0,0,0,0,0,0,0,0,0,1,0,0,0,0,1,0,0,0,0,0,0,0,0,0,0,0,0,0,0,0,0,0,1,0,0,0,1,0,0,0,0,0,0,0,0,0,0,0,0,0,0,0,0,0,1,0,0,0,0,1,0,0,0,0,0,0,0,0,0,0,0,0,0,0,0,1,0,0,0,0,0,0,0,0,0,0,0,0,0,0,0,0,0,0.813049711648971,1.0,1.838567271177539,1.0,1.2419910509583594,1.0,1.5556116443560968,1.0,178740.78000000003,662585.3849999998
2,0,10,186260.91999999995,659751.1099999994,0,0.0,130.67771085648147,790,0,0,0,0,0,0,0,0,0,0,1,0,0.0,1.0,2,0,10,186205.24000000025,659506.6899999995,0,0.0,130.6776876851852,790,0,0,0,0,0,0,0,0,0,0,1,0,0.0,1.0,1,0,10,187687.1200000001,659857.8300000001,0,0.0,81.95346317129629,1353,0,0,0,0,0,0,0,1,0,0,0,0,0.0,1.0,1,0,10,186028.3899999997,659304.3200000003,0,0.0,38.75107903935185,787,0,0,0,0,0,0,0,0,0,1,0,0,0.0,1.0,0,0,0,1,0,0,0,0,0,0,0,0,0,0,0,0,0,1,0,0,0,0,1,0,0,0,0,0,0,0,0,0,0,0,0,0,0,0,0,0,1,0,0,0,0,1,0,0,0,0,0,0,0,0,0,0,0,0,0,0,0,0,0,0,1,0,0,0,1,0,0,0,0,0,0,0,0,0,0,0,0,0,0,0,0,0,0,0,1,0,0,2,0,0,0,0,0,0,0,0,0,0.7268942352719096,1.0,0.8047720571806609,1.0,2.657683956278805,0.0,1.3593270633276637,1.0,248727.2233333333,879473.3166666664
2,0,8,186255.74000000025,659726.9600000009,0,0.0,139.63602461805556,790,0,0,0,0,0,0,0,0,0,0,1,0,0.0,1.0,1,0,10,187663.8200000003,659810.7899999991,0,0.0,90.91180040509259,1353,0,0,0,0,0,0,0,1,0,0,0,0,0.0,1.0,1,0,10,186004.1399999997,659312.2799999993,0,0.0,47.70942763888889,787,0,0,0,0,0,0,0,0,0,1,0,0,0.0,1.0,1,0,6,186243.86000000036,659905.7599999998,0,0.0,4.876997106481482,1353,0,0,0,0,0,0,0,1,0,0,0,0,0.0,1.0,0,0,0,1,0,0,0,0,0,0,0,0,0,0,0,0,0,1,0,0,0,0,1,0,0,0,0,0,0,0,0,0,0,0,0,0,0,0,0,0,1,0,0,0,0,1,0,0,0,0,0,0,0,0,0,0,0,0,0,0,0,0,0,0,1,0,0,0,1,0,0,0,0,0,0,0,0,0,0,0,0,0,0,0,0,0,0,0,1,0,0,0,0,0,0,0,0,0,0,0,0,0.6545959605488745,1.0,2.5591331355165265,0.0,1.488835144995866,1.0,0.8357534093673736,1.0,248722.52000000016,879585.2633333331
1,0,10,180135.2000000002,662368.6999999993,0,0.0,113.71736297453704,1353,0,0,0,0,0,0,0,1,0,0,0,0,0.0,1.0,17,0,10,178491.23000000045,663020.3100000005,0,0.0,77.48478193287038,790,0,0,0,0,0,0,0,0,0,0,1,0,0.0,1.0,1,5,5,179829.2999999998,663800.1500000004,0,6.9526666666666666,0.0,2324,0,0,0,0,1,0,0,0,0,0,0,0,0.819152044288992,-0.5735764363510458,2,5,5,178390.5,661972.4199999999,0,3.6694166666666668,0.0,2324,0,0,0,0,1,0,0,0,0,0,0,0,0.3907311284892737,0.9205048534524404,1,0,0,1,0,0,0,0,0,0,0,0,0,0,0,0,0,1,0,0,0,0,1,0,0,0,0,0,0,0,0,0,0,0,0,0,0,0,0,0,1,0,0,0,1,0,0,0,0,0,0,0,0,0,0,0,0,0,0,0,0,0,1,0,0,0,0,1,0,0,0,0,0,0,0,0,0,0,0,0,0,0,0,0,1,0,0,0,0,0,0,0,0,0,0,0,0,0,0,0,0,1.3797751712175497,1.0,1.0275137994741195,1.0,1.6085810263257152,1.0,1.5749418192252713,1.0,179211.5575000001,662790.395
1,0,6,185909.0499999998,672709.9700000007,0,0.0,42.172205104166665,2324,0,0,0,0,1,0,0,0,0,0,0,0,0.0,1.0,1,0,10,185861.98000000045,672598.8100000005,0,0.0,42.17220543981482,2324,0,0,0,0,1,0,0,0,0,0,0,0,0.0,1.0,1,0,10,185945.34999999963,672815.7400000002,0,0.0,42.17220592592592,2324,0,0,0,0,1,0,0,0,0,0,0,0,0.0,1.0,1,0,6,184403.83999999985,672179.5,0,952.9926333333333,0.0,790,0,0,0,0,0,0,0,0,0,0,1,0,0.0,1.0,0,0,0,1,0,0,0,0,0,0,0,0,0,0,0,0,0,1,0,0,0,0,1,0,0,0,0,0,0,0,0,0,0,0,0,0,0,0,0,0,1,0,0,0,0,1,0,0,0,0,0,0,0,0,0,0,0,0,0,0,0,0,0,0,1,0,0,0,1,0,0,0,0,0,0,0,0,0,0,0,0,0,0,0,0,0,0,0,1,0,0,2,0,0,0,0,0,0,0,0,0,0.9009627662449397,1.0,0.7457108639824452,1.0,1.0747756222623968,1.0,2.6761049886509727,0.0,247373.4066666666,896768.0066666672
1,0,10,183720.41000000012,666760.4499999993,0,0.0,104.17015231481481,2205,0,0,0,0,1,0,0,0,0,0,0,0,0.0,1.0,1,5,5,183642.33999999985,667004.2699999996,0,21.335916666666666,0.0,649,0,0,0,0,0,0,1,0,0,0,0,0,-0.01745240643728445,0.9998476951563913,2,4,6,184807.00999999975,666665.1899999995,0,17.60275,0.0,649,0,0,0,0,0,0,1,0,0,0,0,0,-0.9961946980917455,0.08715574274765789,1,5,5,184152.99000000025,665793.0600000005,0,10.635933333333334,0.0,649,0,0,0,0,0,0,1,0,0,0,0,0,0.13917310096006574,-0.9902680687415703,0,0,0,1,0,0,0,0,0,0,0,0,0,0,0,0,0,1,0,0,0,0,0,1,0,0,0,0,0,0,0,0,0,1,0,0,0,0,0,0,0,0,0,0,1,0,0,0,0,0,0,0,0,0,0,0,0,0,0,1,0,0,0,0,0,0,0,0,0,1,0,0,0,0,0,0,0,0,0,0,1,0,0,0,0,0,0,0,0,0,0,0,0,0,0,0,0,0,0,0,0,0.9011789196257193,1.0,1.3639408267158322,1.0,1.5974399429645862,1.0,1.666119287007565,1.0,184080.6875,666555.7424999997
1,0,6,185909.0499999998,672709.9700000007,0,0.0,35.17220365740741,2324,0,0,0,0,1,0,0,0,0,0,0,0,0.0,1.0,1,0,10,185861.98000000045,672598.8100000005,0,0.0,35.172203923611114,2324,0,0,0,0,1,0,0,0,0,0,0,0,0.0,1.0,1,0,6,184348.9299999997,672070.2599999998,0,178.02358333333333,0.0,2205,0,0,0,0,1,0,0,0,0,0,0,0,0.0,1.0,1,0,6,184323.34999999963,672013.5800000001,0,178.02378333333334,0.0,2205,0,0,0,0,1,0,0,0,0,0,0,0,0.0,1.0,0,0,0,1,0,0,0,0,0,0,0,0,0,0,0,0,0,1,0,0,0,0,1,0,0,0,0,0,0,0,0,0,0,0,0,0,0,0,0,0,1,0,0,0,0,1,0,0,0,0,0,0,0,0,0,0,0,0,0,0,0,0,0,0,1,0,0,0,1,0,0,0,0,0,0,0,0,0,0,0,0,0,0,0,0,0,0,0,1,0,0,2,0,0,0,0,0,0,0,0,0,1.6164959850304028,1.0,1.460589919858361,1.0,1.4958663597858892,1.0,1.5781495205649405,1.0,185110.8274999999,672348.1550000003
6,5,5,186412.5599999996,686783.0600000005,0,29.46665,0.0,1353,0,0,0,0,0,0,0,1,0,0,0,0,0.8290375725550417,-0.5591929034707467,2,5,5,187150.41999999995,692552.3100000005,0,17.4496,0.0,1353,0,0,0,0,0,0,0,1,0,0,0,0,0.24192189559966773,0.9702957262759965,6,5,5,187773.86000000036,692399.8000000007,0,5.266583333333333,0.0,1353,0,0,0,0,0,0,0,1,0,0,0,0,0.9902680687415704,-0.13917310096006535,2,5,6,186770.2000000002,686637.0999999996,0,25.180933333333332,0.0,1540,0,0,0,0,0,0,0,0,1,0,0,0,-0.6819983600624984,-0.7313537016191706,0,0,1,0,0,0,0,0,0,0,0,0,0,0,0,0,1,0,0,0,0,1,0,0,0,0,0,0,0,0,0,0,0,0,0,0,0,0,1,0,0,0,0,0,1,0,0,0,0,0,0,0,0,0,0,0,0,0,0,0,1,0,0,0,0,0,0,1,0,0,0,0,0,0,0,0,0,0,0,0,0,0,0,0,0,0,1,0,0,0,0,0,0,0,0,0,0,0,0,0,0,1.6979301361802919,1.0,1.7483872929707596,1.0,1.7145260584552657,1.0,1.7514896098931405,1.0,187026.76,689593.0675000004
1,0,8,179337.13999999966,644997.9700000007,0,0.0,1.9951390856481481,1366,0,0,0,0,0,0,0,0,1,0,0,0,0.0,1.0,1,0,6,179275.6900000004,645032.3599999994,0,0.0,1.9951390972222223,1366,0,0,0,0,0,0,0,0,1,0,0,0,0.0,1.0,2,5,5,180318.33999999985,644698.1899999995,0,10.682683333333333,0.0,1540,0,0,0,0,0,0,0,0,1,0,0,0,0.08715574274765864,-0.9961946980917455,2,5,5,181890.75999999975,645616.9900000002,0,9.1672,0.0,1540,0,0,0,0,0,0,0,0,1,0,0,0,0.6946583704589973,0.7193398003386512,0,0,0,1,0,0,0,0,0,0,0,0,0,0,0,0,0,1,0,0,0,0,1,0,0,0,0,0,0,0,0,0,0,0,0,0,0,0,0,0,1,0,0,0,1,0,0,0,0,0,0,0,0,0,0,0,0,0,0,0,0,0,1,0,0,0,0,1,0,0,0,0,0,0,0,0,0,0,0,0,0,0,0,0,1,0,0,0,0,0,0,0,0,0,0,0,0,0,0,0,0,1.2558102598574243,1.0,1.3400203713965286,1.0,0.5816406168307539,1.0,2.542084334875924,0.0,240273.97666666657,860115.1699999999
1,0,10,181954.53000000023,664345.2400000002,0,0.0,44.62016627314815,790,0,0,0,0,0,0,0,0,0,0,1,0,0.0,1.0,1,0,10,181954.53000000023,664345.2400000002,0,0.0,44.66183314814815,790,0,0,0,0,0,0,0,0,0,0,1,0,0.0,1.0,2,5,6,182649.1299999999,663593.7599999998,0,4.390533333333333,0.0,1000,0,0,0,0,0,1,0,0,0,0,0,0,-0.9743700647852352,0.22495105434386492,2,5,5,182211.8899999997,665161.2100000009,0,8.107183333333333,0.0,1141,0,0,0,0,0,0,1,0,0,0,0,0,-0.9816271834476639,-0.19080899537654547,0,0,0,1,0,0,0,0,0,0,0,0,0,0,0,0,0,1,0,0,0,0,1,0,0,0,0,0,0,0,0,0,0,0,0,0,0,0,0,0,1,0,0,0,0,0,1,0,0,0,0,0,0,0,0,0,1,0,0,0,0,0,0,0,0,0,0,1,0,0,0,0,0,0,0,0,0,0,0,0,0,0,0,0,0,0,1,0,0,0,0,2,0,0,0,0,0,0,0,0,0,0.5691602765976557,1.0,0.5691602765976557,1.0,2.1310964464757607,1.0,1.909044715904528,1.0,182192.52000000002,664361.3625000003
2,0,10,177408.16000000015,662268.3399999999,0,0.0,100.11649813657408,2205,0,0,0,0,1,0,0,0,0,0,0,0,0.0,1.0,2,0,10,178747.04000000004,666085.1899999995,0,0.0,55.82847730324074,1540,0,0,0,0,0,0,0,0,1,0,0,0,0.0,1.0,1,0,6,176766.50999999978,661726.2799999993,0,893.04065,0.0,790,0,0,0,0,0,0,0,0,0,0,1,0,0.0,1.0,2,3,5,178523.9299999997,664176.4600000009,0,5.574033333333333,0.0,1000,0,0,0,0,0,1,0,0,0,0,0,0,-0.7771459614569711,-0.6293203910498371,1,0,0,1,0,0,0,0,0,0,0,0,0,0,0,0,0,1,0,0,0,0,1,0,0,0,0,0,0,0,0,0,0,0,0,0,0,0,0,0,1,0,0,0,0,1,0,0,0,0,0,0,0,0,0,0,0,0,0,0,0,0,0,0,1,0,0,1,0,0,0,0,0,0,0,0,0,0,0,0,0,0,0,0,0,1,0,0,0,0,0,0,0,0,0,0,0,0,0,0,0,1.0863849229314717,1.0,2.1147777305185773,1.0,1.693008940092536,1.0,0.7140100113861169,1.0,177861.40999999992,663564.0674999999
2,0,10,177424.86000000034,662262.4000000004,0,0.0,109.75760517361111,785,0,0,0,0,0,0,0,1,0,0,0,0,0.0,1.0,2,0,10,178618.1799999997,665686.4600000009,0,0.0,62.70348480324074,1540,0,0,0,0,0,0,0,0,1,0,0,0,0.0,1.0,2,5,5,179272.63999999966,663940.5299999993,0,14.4349,0.0,2324,0,0,0,0,1,0,0,0,0,0,0,0,0.9702957262759965,-0.24192189559966779,2,5,5,180790.76999999955,670212.9700000007,0,3.56825,0.0,2324,0,0,0,0,1,0,0,0,0,0,0,0,-0.15643446504023073,-0.9876883405951378,1,0,0,1,0,0,0,0,0,0,0,0,0,0,0,0,0,1,0,0,0,0,1,0,0,0,0,0,0,0,0,0,0,0,0,0,0,0,0,0,1,0,0,0,1,0,0,0,0,0,0,0,0,0,0,0,0,0,0,1,0,0,0,0,0,0,0,1,0,0,0,0,0,0,0,0,0,0,0,0,0,0,0,0,0,0,1,0,0,0,0,0,0,0,0,0,0,0,0,0,0,1.7393904663239008,1.0,0.21004688820173495,1.0,0.767529070608942,1.0,2.3964927625841828,1.0,179026.6124999998,665525.5900000003
2,0,10,179211.83999999985,663036.8800000008,0,0.0,158.7537661226852,1141,0,0,0,0,0,0,1,0,0,0,0,0,0.0,1.0,2,0,10,178747.04000000004,666085.1899999995,0,0.0,96.80268972222223,1000,0,0,0,0,0,1,0,0,0,0,0,0,0.0,1.0,2,0,10,180636.83000000007,664833.2699999996,0,0.0,58.91181015046296,2205,0,0,0,0,1,0,0,0,0,0,0,0,0.0,1.0,1,0,10,182658.25999999975,669383.8599999994,0,0.0,48.56432168981482,1366,0,0,0,0,0,0,0,0,1,0,0,0,0.0,1.0,1,0,0,1,0,0,0,0,0,0,0,0,0,0,0,0,0,1,0,0,0,0,1,0,0,0,0,0,0,0,0,0,0,0,0,0,0,0,0,0,1,0,0,0,0,1,0,0,0,0,0,0,0,0,0,0,0,0,0,0,0,0,0,0,1,0,0,0,1,0,0,0,0,0,0,0,0,0,0,0,0,0,0,0,0,0,0,0,1,0,0,0,0,0,0,0,0,0,0,0,0,1.5660647792727236,1.0,0.8261774908922302,1.0,0.5481140489875139,1.0,2.2153483834477425,1.0,180313.49249999993,665834.7999999998
2,0,10,179100.08999999985,663100.0700000003,0,0.0,164.9621023726852,1141,0,0,0,0,0,0,1,0,0,0,0,0,0.0,1.0,17,0,10,178733.74000000022,662995.6600000001,0,0.0,77.60977599537037,790,0,0,0,0,0,0,0,0,0,0,1,0,0.0,1.0,1,0,6,179062.41999999993,665885.5,0,0.0,64.78681304398148,1366,0,0,0,0,0,0,0,0,1,0,0,0,0.0,1.0,1,0,10,179115.53000000026,665875.9800000004,0,0.0,63.07983386574074,2205,0,0,0,0,1,0,0,0,0,0,0,0,0.0,1.0,1,0,0,1,0,0,0,0,0,0,0,0,0,0,0,0,0,1,0,0,0,0,1,0,0,0,0,0,0,0,0,0,0,0,0,0,0,0,0,0,1,0,0,0,0,1,0,0,0,0,0,0,0,0,0,0,0,0,0,0,0,0,0,0,1,0,0,0,1,0,0,0,0,0,0,0,0,0,0,0,0,0,0,0,0,0,0,0,1,0,0,0,0,0,0,0,0,0,0,0,0,1.738352382029815,1.0,1.8977691660277491,1.0,1.8079462741051833,1.0,1.7999623002379754,1.0,179002.94500000007,664464.3025000002
1,0,10,179337.13999999966,644997.9700000007,0,0.0,2.377088414351852,1366,0,0,0,0,0,0,0,0,1,0,0,0,0.0,1.0,1,0,6,179275.6900000004,645032.3599999994,0,0.0,2.3770888194444444,1366,0,0,0,0,0,0,0,0,1,0,0,0,0.0,1.0,1,0,6,179275.6900000004,645032.3599999994,0,0.0,2.3770888194444444,1366,0,0,0,0,0,0,0,0,1,0,0,0,0.0,1.0,1,0,6,179275.6900000004,645032.3599999994,0,0.0,2.3770888194444444,1366,0,0,0,0,0,0,0,0,1,0,0,0,0.0,1.0,0,0,0,1,0,0,0,0,0,0,0,0,0,0,0,0,0,1,0,0,0,0,1,0,0,0,0,0,0,0,0,0,0,0,0,0,0,0,0,0,1,0,0,0,0,1,0,0,0,0,0,0,0,0,0,0,0,0,0,0,0,0,0,0,1,0,0,0,1,0,0,0,0,0,0,0,0,0,0,0,0,0,0,0,0,0,0,0,1,0,0,0,0,0,0,0,0,0,0,0,0,2.54525325765893,0.0,0.8484177525529766,1.0,0.8484177525529766,1.0,0.8484177525529766,1.0,239054.73666666695,860031.683333333
2,0,6,177405.6900000004,662240.8399999999,0,0.0,100.40816744212962,2205,0,0,0,0,1,0,0,0,0,0,0,0,0.0,1.0,2,0,10,178618.1799999997,665686.4600000009,0,0.0,56.120146597222224,1540,0,0,0,0,0,0,0,0,1,0,0,0,0.0,1.0,1,0,6,179719.23000000045,665936.1300000008,0,0.0,13.078503078703704,1366,0,0,0,0,0,0,0,0,1,0,0,0,0.0,1.0,2,5,5,180898.26999999955,664832.5099999998,0,20.177816666666665,0.0,738,0,0,0,0,0,0,0,0,0,1,0,0,-0.30901699437494773,-0.9510565162951535,1,0,0,1,0,0,0,0,0,0,0,0,0,0,0,0,0,1,0,0,0,0,1,0,0,0,0,0,0,0,0,0,0,0,0,0,0,0,0,0,1,0,0,0,0,1,0,0,0,0,0,0,0,0,0,0,0,0,0,0,0,0,0,0,1,0,0,1,0,0,0,0,0,0,0,0,0,0,0,0,0,0,0,0,0,0,1,0,0,0,0,0,0,0,0,0,0,0,0,0,0,2.1754347616584715,1.0,0.8328731783087615,1.0,1.001009172836112,1.0,1.2655514945756274,1.0,179160.34250000003,664673.9850000003
2,0,6,177395.46999999974,662145.5199999996,0,0.0,100.70679936342593,2205,0,0,0,0,1,0,0,0,0,0,0,0,0.0,1.0,2,0,6,179614.96999999974,662548.9800000004,0,603.0577166666667,0.0,1540,0,0,0,0,0,0,0,0,1,0,0,0,0.0,1.0,2,0,6,179614.96999999974,662548.9800000004,0,603.0577166666667,0.0,1540,0,0,0,0,0,0,0,0,1,0,0,0,0.0,1.0,2,0,6,179614.96999999974,662548.9800000004,0,603.0577166666667,0.0,1540,0,0,0,0,0,0,0,0,1,0,0,0,0.0,1.0,1,0,0,1,0,0,0,0,0,0,0,0,0,0,0,0,0,1,0,0,0,0,1,0,0,0,0,0,0,0,0,0,0,0,0,0,0,0,0,0,1,0,0,0,0,1,0,0,0,0,0,0,0,0,0,0,0,0,0,0,0,0,0,0,1,0,0,0,1,0,0,0,0,0,0,0,0,0,0,0,0,0,0,0,0,0,0,0,1,0,0,3,0,0,0,0,0,0,0,0,0,2.979294833181407,0.0,0.9930982777271358,1.0,0.9930982777271358,1.0,0.9930982777271358,1.0,238746.793333333,883264.1533333337
2,0,9,192534.98000000045,673815.4399999995,0,0.0,10.536793506944445,787,0,0,0,0,0,0,0,0,0,1,0,0,0.0,1.0,2,0,9,192609.91000000012,673792.8699999992,0,0.0,10.536794131944445,787,0,0,0,0,0,0,0,0,0,1,0,0,0.0,1.0,1,5,6,190862.7999999998,671193.4100000001,0,18.81661666666667,0.0,2324,0,0,0,0,1,0,0,0,0,0,0,0,-0.848048096156426,-0.529919264233205,2,5,7,190228.8099999996,673364.3000000007,0,5.082166666666667,0.0,2324,0,0,0,0,1,0,0,0,0,0,0,0,0.0348994967025007,-0.9993908270190958,0,0,0,1,0,0,0,0,0,0,0,0,0,0,0,0,0,1,0,0,0,0,1,0,0,0,0,0,0,0,0,0,0,0,0,0,0,0,0,0,1,0,0,0,1,0,0,0,0,0,0,0,0,0,0,0,0,0,0,0,1,0,0,0,0,0,0,0,0,1,0,0,0,0,1,0,0,0,0,0,0,0,0,0,0,0,0,0,0,0,0,2,0,0,0,0,0,0,0,0,0,1.1748964030524593,1.0,1.2185547341206135,1.0,1.8629724328508572,1.0,1.2913183498771197,1.0,191559.125,673041.5049999999
1,0,10,186162.73000000045,664161.8900000006,0,0.0,19.872563298611112,1141,0,0,0,0,0,0,1,0,0,0,0,0,0.0,1.0,2,5,5,185991.54000000004,664964.9499999993,0,24.841,0.0,2205,0,0,0,0,1,0,0,0,0,0,0,0,-0.9902680687415704,0.13917310096006547,2,5,5,185969.41000000012,664552.5099999998,0,5.123883333333334,0.0,2205,0,0,0,0,1,0,0,0,0,0,0,0,-0.9063077870366498,0.4226182617406996,2,5,5,185915.49000000025,664577.8900000006,0,3.6903333333333332,0.0,2205,0,0,0,0,1,0,0,0,0,0,0,0,-0.9063077870366498,0.4226182617406996,0,0,0,1,0,0,0,0,0,0,0,0,0,0,0,0,0,1,0,0,0,1,0,0,0,0,0,0,0,0,0,0,0,0,0,0,0,0,1,0,0,0,0,0,1,0,0,0,0,0,0,0,0,0,0,0,0,0,0,1,0,0,0,0,0,0,0,1,0,0,0,0,0,0,0,0,0,0,0,0,0,0,0,0,0,1,0,0,0,0,0,2,0,0,0,0,0,0,0,0,0,2.286272036088189,1.0,2.1298918484638407,1.0,0.22342818703829234,1.0,0.5059798435806947,1.0,186009.7925000002,664564.31
2,0,10,177363.59999999963,661768.3800000008,0,0.0,101.132598125,785,0,0,0,0,0,0,0,1,0,0,0,0,0.0,1.0,16,0,10,178580.53000000026,663032.5,0,0.0,68.85977402777777,790,0,0,0,0,0,0,0,0,0,0,1,0,0.0,1.0,1,0,6,180770.2999999998,661493.5800000001,0,0.0,23.239380497685186,1141,0,0,0,0,0,0,1,0,0,0,0,0,0.0,1.0,2,5,5,179796.6299999999,663677.8399999999,0,5.7413,0.0,1366,0,0,0,0,0,0,0,0,1,0,0,0,0.9659258262890683,-0.25881904510252085,1,0,0,1,0,0,0,0,0,0,0,0,0,0,0,0,0,1,0,0,0,0,1,0,0,0,0,0,0,0,0,0,0,0,0,0,0,0,0,0,1,0,0,0,0,1,0,0,0,0,0,0,0,0,0,0,0,0,0,0,0,0,0,0,1,0,0,1,0,0,0,0,0,0,0,0,0,0,0,0,0,0,0,0,1,0,0,0,0,0,0,0,0,0,0,0,0,0,0,0,0,1.7518339273664087,1.0,0.7058032606660366,1.0,1.7660918513463044,1.0,1.2496910484580288,1.0,179127.7649999999,662493.0750000002
1,0,10,179748.33000000007,666135.5099999998,0,0.0,182.41182818287038,395,0,0,0,1,0,0,0,0,0,0,0,0,0.0,1.0,17,0,10,178626.95999999996,663024.7799999993,0,0.0,70.77644625,790,0,0,0,0,0,0,0,0,0,0,1,0,0.0,1.0,1,0,7,180759.6799999997,661531.8699999992,0,0.0,25.15605273148148,1141,0,0,0,0,0,0,1,0,0,0,0,0,0.0,1.0,2,0,5,179718.95999999996,661415.0500000007,0,10.332583333333334,0.0,1353,0,0,0,0,0,0,0,1,0,0,0,0,0.15643446504023087,0.9876883405951378,1,0,0,1,0,0,0,0,0,0,0,0,0,0,0,0,0,1,0,0,0,0,1,0,0,0,0,0,0,0,0,0,0,0,0,0,0,0,0,0,1,0,0,0,0,1,0,0,0,0,0,0,0,0,0,0,0,0,0,0,0,0,0,0,1,0,0,1,0,0,0,0,0,0,0,0,0,0,0,0,0,0,0,0,0,0,1,0,0,0,0,0,0,0,0,0,0,0,0,0,0,2.3391972461917305,1.0,0.8175214859571021,1.0,1.3729021375299075,1.0,1.212720054218216,1.0,179713.48249999993,663026.8024999998
2,5,5,184599.16999999995,662425.6799999997,0,29.083966666666665,0.0,2324,0,0,0,0,1,0,0,0,0,0,0,0,0.6156614753256584,-0.7880107536067219,2,5,6,182320.83999999985,665366.7300000004,0,16.1169,0.0,2324,0,0,0,0,1,0,0,0,0,0,0,0,-0.9975640502598242,-0.06975647374412558,2,5,6,181759.49000000025,665477.1899999995,0,10.38365,0.0,2324,0,0,0,0,1,0,0,0,0,0,0,0,-0.9135454576426008,0.40673664307580054,2,5,6,182818.46,663810.6899999995,0,4.483116666666667,0.0,2324,0,0,0,0,1,0,0,0,0,0,0,0,0.29237170472273677,0.9563047559630354,0,0,1,0,0,0,0,0,0,0,0,0,0,0,0,0,1,0,0,0,0,1,0,0,0,0,0,0,0,0,0,0,0,0,0,0,0,0,1,0,0,0,0,0,1,0,0,0,0,0,0,0,0,0,0,0,0,0,0,0,0,0,1,0,0,0,0,0,0,1,0,0,0,0,1,0,0,0,0,0,0,0,0,0,0,0,0,0,0,0,0,2,0,0,0,0,0,0,0,0,0,2.180463695800291,1.0,1.0608053685041754,1.0,1.418975740562195,1.0,0.3996182458844493,1.0,182874.49,664270.0724999998
2,0,10,178678.98000000045,665826.8399999999,0,0.0,56.70348452546296,1540,0,0,0,0,0,0,0,0,1,0,0,0,0.0,1.0,2,5,5,180537.0700000003,668152.8800000008,0,18.401133333333334,0.0,2324,0,0,0,0,1,0,0,0,0,0,0,0,0.15643446504023098,-0.9876883405951377,2,5,7,181298.08999999985,664393.5199999996,0,15.801033333333333,0.0,2324,0,0,0,0,1,0,0,0,0,0,0,0,-0.01745240643728445,0.9998476951563913,2,5,5,179641.73000000045,666325.8800000008,0,6.534233333333333,0.0,2324,0,0,0,0,1,0,0,0,0,0,0,0,0.13917310096006544,0.9902680687415704,1,0,0,1,0,0,0,0,0,0,0,0,0,0,0,0,0,1,0,0,0,1,0,0,0,0,0,0,0,0,0,0,0,0,0,0,0,0,1,0,0,0,0,0,1,0,0,0,0,0,0,0,0,0,0,0,0,0,0,0,0,0,1,0,0,0,0,1,0,0,0,0,0,0,0,0,0,0,0,0,0,0,0,0,0,0,1,0,0,0,0,0,0,0,0,0,0,0,0,0,0,1.207921965675732,1.0,1.7552324507444217,1.0,1.8769874638775577,1.0,0.365704307275432,1.0,180038.96750000026,666174.7800000003
2,0,10,177401.2000000002,662045.3599999994,0,0.0,102.84094280092593,785,0,0,0,0,0,0,0,1,0,0,0,0,0.0,1.0,2,0,10,177334.5,661514.4299999997,0,0.0,102.84094280092593,785,0,0,0,0,0,0,0,1,0,0,0,0,0.0,1.0,2,0,6,177434.91000000015,662363.7100000009,0,0.0,102.84093122685185,785,0,0,0,0,0,0,0,1,0,0,0,0,0.0,1.0,2,0,10,177366.4400000004,661908.0899999999,0,0.0,100.07483164351852,2205,0,0,0,0,1,0,0,0,0,0,0,0,0.0,1.0,1,0,0,1,0,0,0,0,0,0,0,0,0,0,0,0,0,1,0,0,0,0,1,0,0,0,0,0,0,0,0,0,0,0,0,0,0,0,0,0,1,0,0,0,0,1,0,0,0,0,0,0,0,0,0,0,0,0,0,0,0,0,0,0,1,0,0,0,1,0,0,0,0,0,0,0,0,0,0,0,0,0,0,0,0,0,0,0,1,0,0,4,0,0,0,0,0,0,0,0,0,0.5204999905676444,1.0,2.607253848878702,0.0,2.3893846315296035,1.0,0.30907328829674097,1.0,236512.35000000024,882610.5299999999
2,5,5,182877.74000000025,666275.0500000007,0,25.482916666666668,0.0,2324,0,0,0,0,1,0,0,0,0,0,0,0,-0.9563047559630353,-0.2923717047227371,2,5,6,184245.33000000007,662763.2400000002,0,14.58315,0.0,2324,0,0,0,0,1,0,0,0,0,0,0,0,0.9455185755993168,-0.3255681544571564,2,5,5,182562.4500000002,666515.7699999996,0,14.1499,0.0,2324,0,0,0,0,1,0,0,0,0,0,0,0,-0.9335804264972016,-0.3583679495453007,2,5,5,182053.75999999975,666244.0099999998,0,8.48325,0.0,2324,0,0,0,0,1,0,0,0,0,0,0,0,-0.8090169943749473,-0.5877852522924732,0,0,1,0,0,0,0,0,0,0,0,0,0,0,0,0,1,0,0,0,0,1,0,0,0,0,0,0,0,0,0,0,0,0,0,1,0,0,0,0,0,0,0,0,1,0,0,0,0,0,0,0,0,0,0,0,0,0,0,0,1,0,0,0,0,0,0,1,0,0,0,0,0,0,0,0,0,0,0,0,0,0,0,1,0,0,0,0,0,0,0,2,0,0,0,0,0,0,0,0,0,0.6994320731158136,1.0,2.5263126277409103,0.0,0.954608064016912,1.0,1.0027613877552644,1.0,243913.0933333334,887266.0233333334
2,0,10,177937.33999999985,658564.3000000007,0,0.0,82.39242416666667,1540,0,0,0,0,0,0,0,0,1,0,0,0,0.0,1.0,2,0,10,177937.33999999985,658564.3000000007,0,0.0,82.39242416666667,1540,0,0,0,0,0,0,0,0,1,0,0,0,0.0,1.0,2,0,10,177937.33999999985,658564.3000000007,0,0.0,82.39242416666667,1540,0,0,0,0,0,0,0,0,1,0,0,0,0.0,1.0,2,0,10,177937.33999999985,658564.3000000007,0,0.0,82.39242416666667,1540,0,0,0,0,0,0,0,0,1,0,0,0,0.0,1.0,0,0,0,1,0,0,0,0,0,0,0,0,0,0,0,0,0,1,0,0,0,0,1,0,0,0,0,0,0,0,0,0,0,0,0,0,0,0,0,0,1,0,0,0,0,1,0,0,0,0,0,0,0,0,0,0,0,0,0,0,0,0,0,0,1,0,0,0,1,0,0,0,0,0,0,0,0,0,0,0,0,0,0,0,0,0,0,0,1,0,0,4,0,0,0,0,0,0,0,0,0,0.0,1.0,0.0,1.0,0.0,1.0,0.0,1.0,177937.33999999985,658564.3000000007
2,0,7,179356.41999999993,663419.3599999994,0,1023.00825,0.0,2205,0,0,0,0,1,0,0,0,0,0,0,0,0.0,1.0,2,0,7,179356.41999999993,663419.3599999994,0,1023.00825,0.0,2205,0,0,0,0,1,0,0,0,0,0,0,0,0.0,1.0,2,0,6,180282.23000000045,662389.2100000009,0,603.05825,0.0,1540,0,0,0,0,0,0,0,0,1,0,0,0,0.0,1.0,2,0,6,180282.23000000045,662389.2100000009,0,603.05825,0.0,1540,0,0,0,0,0,0,0,0,1,0,0,0,0.0,1.0,1,0,0,1,0,0,0,0,0,0,0,0,0,0,0,0,0,1,0,0,0,0,1,0,0,0,0,0,0,0,0,0,0,0,0,0,0,0,0,0,1,0,0,0,0,1,0,0,0,0,0,0,0,0,0,0,0,0,0,0,0,0,0,0,1,0,0,0,1,0,0,0,0,0,0,0,0,0,0,0,0,0,0,0,0,0,0,0,1,0,0,2,2,0,0,0,0,0,0,0,0,1.416224312455819,1.0,1.416224312455819,1.0,1.416224312455819,1.0,1.416224312455819,1.0,179819.3250000002,662904.2850000001
1,0,10,187687.1200000001,659857.8300000001,0,0.0,90.82846789351852,1353,0,0,0,0,0,0,0,1,0,0,0,0,0.0,1.0,1,0,6,187667.66999999995,659861.0099999998,0,0.0,90.82846815972222,1353,0,0,0,0,0,0,0,1,0,0,0,0,0.0,1.0,1,0,10,186028.3899999997,659304.3200000003,0,0.0,47.6260837962963,787,0,0,0,0,0,0,0,0,0,1,0,0,0.0,1.0,1,0,7,186260.91999999995,659751.1099999994,0,0.0,4.8082598263888885,1353,0,0,0,0,0,0,0,1,0,0,0,0,0.0,1.0,0,0,0,1,0,0,0,0,0,0,0,0,0,0,0,0,0,1,0,0,0,0,1,0,0,0,0,0,0,0,0,0,0,0,0,0,0,0,0,0,1,0,0,0,0,1,0,0,0,0,0,0,0,0,0,0,0,0,0,0,0,0,0,0,1,0,0,0,1,0,0,0,0,0,0,0,0,0,0,0,0,0,0,0,0,0,0,0,1,0,0,0,0,0,0,0,0,0,0,0,0,1.58682756378374,1.0,1.5501475123937798,1.0,1.929615113744136,1.0,1.3055005068301622,1.0,186911.0249999999,659693.5674999999
2,0,6,177381.6299999999,661904.2699999996,0,0.0,102.75760446759259,785,0,0,0,0,0,0,0,1,0,0,0,0,0.0,1.0,2,0,10,179116.7000000002,665979.1099999994,0,0.0,95.88604196759259,1000,0,0,0,0,0,1,0,0,0,0,0,0,0.0,1.0,2,0,6,180344.96,664164.5899999999,0,0.0,9.578460949074074,787,0,0,0,0,0,0,0,0,0,1,0,0,0.0,1.0,2,5,10,182085.33000000007,667875.7799999993,0,25.800583333333332,0.0,2324,0,0,0,0,1,0,0,0,0,0,0,0,-0.882947592858927,-0.46947156278589075,1,0,0,1,0,0,0,0,0,0,0,0,0,0,0,0,0,1,0,0,0,0,1,0,0,0,0,0,0,0,0,0,0,0,0,0,0,0,0,0,1,0,0,0,0,1,0,0,0,0,0,0,0,0,0,0,0,0,0,0,0,0,0,0,1,0,0,1,0,0,0,0,0,0,0,0,0,0,0,0,0,0,0,1,0,0,0,0,0,0,0,0,0,0,0,0,0,0,0,0,0,1.9717830137372034,1.0,0.5971980280726672,1.0,0.5198404740624123,1.0,1.8998849808897265,1.0,179732.15500000003,664980.9374999995
2,0,10,177334.5,661514.4299999997,0,0.0,103.13262578703704,785,0,0,0,0,0,0,0,1,0,0,0,0,0.0,1.0,2,0,10,177321.38999999966,661428.4299999997,0,0.0,103.13261416666667,785,0,0,0,0,0,0,0,1,0,0,0,0,0.0,1.0,2,0,10,177366.4400000004,661908.0899999999,0,0.0,100.36651465277778,2205,0,0,0,0,1,0,0,0,0,0,0,0,0.0,1.0,2,5,5,180720.6900000004,665184.7100000009,0,9.79775,0.0,1366,0,0,0,0,0,0,0,0,1,0,0,0,-0.7771459614569711,-0.6293203910498371,1,0,0,1,0,0,0,0,0,0,0,0,0,0,0,0,0,1,0,0,0,0,1,0,0,0,0,0,0,0,0,0,0,0,0,0,0,0,0,0,1,0,0,0,0,1,0,0,0,0,0,0,0,0,0,0,0,0,0,0,0,0,0,0,1,0,0,1,0,0,0,0,0,0,0,0,0,0,0,0,0,0,0,1,0,0,0,0,0,0,0,3,0,0,0,0,0,0,0,0,0,0.8671974238221817,1.0,0.9166317825456883,1.0,0.6730617876728066,1.0,2.4417486332551483,1.0,178185.75500000012,662508.915
2,0,6,166706.13999999966,633958.7799999993,0,1023.0071166666667,0.0,2205,0,0,0,0,1,0,0,0,0,0,0,0,0.0,1.0,2,0,6,166639.40000000037,634053.9499999993,0,1023.0075666666667,0.0,2205,0,0,0,0,1,0,0,0,0,0,0,0,0.0,1.0,2,0,6,166639.40000000037,634053.9499999993,0,1023.0075666666667,0.0,2205,0,0,0,0,1,0,0,0,0,0,0,0,0.0,1.0,2,0,6,166639.40000000037,634053.9499999993,0,1023.0075666666667,0.0,2205,0,0,0,0,1,0,0,0,0,0,0,0,0.0,1.0,0,0,0,1,0,0,0,0,0,0,0,0,0,0,0,0,0,1,0,0,0,0,1,0,0,0,0,0,0,0,0,0,0,0,0,0,0,0,0,0,1,0,0,0,0,1,0,0,0,0,0,0,0,0,0,0,0,0,0,0,0,0,0,0,1,0,0,0,1,0,0,0,0,0,0,0,0,0,0,0,0,0,0,0,0,0,0,0,1,0,0,4,0,0,0,0,0,0,0,0,0,2.4869648151957753,1.0,0.828988271731925,1.0,0.828988271731925,1.0,0.828988271731925,1.0,166656.0850000002,634030.1574999993
2,0,10,179100.08999999985,663100.0700000003,0,0.0,158.2537690162037,1141,0,0,0,0,0,0,1,0,0,0,0,0,0.0,1.0,17,0,10,178733.74000000022,662995.6600000001,0,0.0,70.90144262731482,790,0,0,0,0,0,0,0,0,0,0,1,0,0.0,1.0,1,0,6,179062.41999999993,665885.5,0,0.0,58.0784796875,1366,0,0,0,0,0,0,0,0,1,0,0,0,0.0,1.0,1,0,10,179115.53000000026,665875.9800000004,0,0.0,56.371500509259256,2205,0,0,0,0,1,0,0,0,0,0,0,0,0.0,1.0,1,0,0,1,0,0,0,0,0,0,0,0,0,0,0,0,0,1,0,0,0,0,1,0,0,0,0,0,0,0,0,0,0,0,0,0,0,0,0,0,1,0,0,0,0,1,0,0,0,0,0,0,0,0,0,0,0,0,0,0,0,0,0,0,1,0,0,0,1,0,0,0,0,0,0,0,0,0,0,0,0,0,0,0,0,0,0,0,1,0,0,0,0,0,0,0,0,0,0,0,0,1.738352382029815,1.0,1.8977691660277491,1.0,1.8079462741051833,1.0,1.7999623002379754,1.0,179002.94500000007,664464.3025000002
2,0,10,177965.59999999963,658892.7699999996,0,0.0,79.88547635416667,1540,0,0,0,0,0,0,0,0,1,0,0,0,0.0,1.0,2,0,10,177937.33999999985,658564.3000000007,0,0.0,79.80213167824074,1540,0,0,0,0,0,0,0,0,1,0,0,0,0.0,1.0,2,0,10,177976.3700000001,658984.2100000009,0,0.0,79.80213182870371,1540,0,0,0,0,0,0,0,0,1,0,0,0,0.0,1.0,1,0,10,179004.88999999966,658838.9399999995,0,0.0,43.562640682870374,142,1,0,0,0,0,0,0,0,0,0,0,0,0.0,1.0,0,0,0,1,0,0,0,0,0,0,0,0,0,0,0,0,0,1,0,0,0,0,1,0,0,0,0,0,0,0,0,0,0,0,0,0,0,0,0,0,1,0,0,0,0,1,0,0,0,0,0,0,0,0,0,0,0,0,0,0,0,0,0,0,1,0,0,0,1,0,0,0,0,0,0,0,0,0,0,0,0,0,0,0,0,0,0,0,1,0,0,3,0,0,0,0,0,0,0,0,0,0.8718118189076172,1.0,1.2538019248152001,1.0,0.9671551179336302,1.0,2.5736635160489056,0.0,237628.06666666642,878426.7400000002
2,0,10,179177.2000000002,662945.9700000007,0,0.0,153.20967005787037,1141,0,0,0,0,0,0,1,0,0,0,0,0,0.0,1.0,17,0,10,178626.95999999996,663024.7799999993,0,0.0,68.85977416666667,790,0,0,0,0,0,0,0,0,0,0,1,0,0.0,1.0,1,0,7,180759.6799999997,661531.8699999992,0,0.0,23.23938068287037,1141,0,0,0,0,0,0,1,0,0,0,0,0,0.0,1.0,2,5,6,179703.2000000002,661320.5099999998,0,15.85815,0.0,1366,0,0,0,0,0,0,0,0,1,0,0,0,0.17364817766693033,0.984807753012208,1,0,0,1,0,0,0,0,0,0,0,0,0,0,0,0,0,1,0,0,0,0,1,0,0,0,0,0,0,0,0,0,0,0,0,0,0,0,0,0,1,0,0,0,0,1,0,0,0,0,0,0,0,0,0,0,0,0,0,0,0,0,0,0,1,0,0,0,0,1,0,0,0,0,1,0,0,0,0,0,0,0,0,0,0,0,0,0,0,0,0,0,0,0,0,0,0,0,0,0,0,1.0651705231910238,1.0,1.587473070266725,1.0,1.7447799703001983,1.0,1.140665265652631,1.0,179566.76,662205.7824999997
2,0,10,177366.4400000004,661908.0899999999,0,0.0,100.70678784722222,2205,0,0,0,0,1,0,0,0,0,0,0,0,0.0,1.0,2,0,10,177437.83000000007,662499.7699999996,0,0.0,100.70678785879629,2205,0,0,0,0,1,0,0,0,0,0,0,0,0.0,1.0,2,0,10,177437.83000000007,662499.7699999996,0,0.0,100.70678785879629,2205,0,0,0,0,1,0,0,0,0,0,0,0,0.0,1.0,2,0,10,177437.83000000007,662499.7699999996,0,0.0,100.70678785879629,2205,0,0,0,0,1,0,0,0,0,0,0,0,0.0,1.0,1,0,0,1,0,0,0,0,0,0,0,0,0,0,0,0,0,1,0,0,0,0,1,0,0,0,0,0,0,0,0,0,0,0,0,0,0,0,0,0,1,0,0,0,0,1,0,0,0,0,0,0,0,0,0,0,0,0,0,0,0,0,0,0,1,0,0,0,1,0,0,0,0,0,0,0,0,0,0,0,0,0,0,0,0,0,0,0,1,0,0,4,0,0,0,0,0,0,0,0,0,3.1135551879933834,0.0,1.0378517293311278,1.0,1.0378517293311278,1.0,1.0378517293311278,1.0,236559.9766666669,883135.7999999995
2,0,10,179193.58000000007,662978.9499999993,0,0.0,158.79543755787037,1141,0,0,0,0,0,0,1,0,0,0,0,0,0.0,1.0,2,0,10,179055.76999999955,663114.8699999992,0,0.0,156.82204627314815,1141,0,0,0,0,0,0,1,0,0,0,0,0,0.0,1.0,2,0,6,178813.41999999993,666065.5299999993,0,0.0,96.8443726736111,1000,0,0,0,0,0,1,0,0,0,0,0,0,0.0,1.0,1,0,10,179022.34999999963,665899.0600000005,0,0.0,58.62014819444445,1366,0,0,0,0,0,0,0,0,1,0,0,0,0.0,1.0,1,0,0,1,0,0,0,0,0,0,0,0,0,0,0,0,0,1,0,0,0,0,1,0,0,0,0,0,0,0,0,0,0,0,0,0,0,0,0,0,1,0,0,0,0,1,0,0,0,0,0,0,0,0,0,0,0,0,0,0,0,0,0,0,1,0,0,0,1,0,0,0,0,0,0,0,0,0,0,0,0,0,0,0,0,0,0,0,1,0,0,0,0,0,0,0,0,0,0,0,0,1.9246939029376449,1.0,1.7439298255189348,1.0,1.9489893871815687,1.0,1.724375786005265,1.0,179021.2799999998,664514.6024999996
2,0,10,179182.24000000022,665961.1099999994,0,0.0,56.9889746875,1141,0,0,0,0,0,0,1,0,0,0,0,0,0.0,1.0,2,0,6,178693.75,665885.8900000006,0,0.0,55.82847695601852,1540,0,0,0,0,0,0,0,0,1,0,0,0,0.0,1.0,2,0,10,178678.98000000045,665826.8399999999,0,0.0,55.82847699074074,1540,0,0,0,0,0,0,0,0,1,0,0,0,0.0,1.0,1,5,5,179117.66000000015,663981.2599999998,0,27.806833333333334,0.0,1000,0,0,0,0,0,1,0,0,0,0,0,0,0.5877852522924732,-0.8090169943749473,1,0,0,1,0,0,0,0,0,0,0,0,0,0,0,0,0,1,0,0,0,0,1,0,0,0,0,0,0,0,0,0,0,0,0,0,0,0,0,0,1,0,0,0,0,1,0,0,0,0,0,0,0,0,0,0,0,0,0,0,0,0,0,0,1,0,0,0,1,0,0,0,0,0,0,0,0,0,0,0,0,0,0,0,0,0,0,0,0,1,0,2,0,0,0,0,0,0,0,0,0,1.1451120997053081,1.0,0.9849871129620706,1.0,0.8994013258739909,1.0,2.725335288704882,0.0,238557.5433333336,887218.3666666666
2,0,6,186214.3899999997,659530.0600000005,0,0.0,130.67771127314816,790,0,0,0,0,0,0,0,0,0,0,1,0,0.0,1.0,2,0,10,186260.91999999995,659751.1099999994,0,0.0,130.67768813657406,790,0,0,0,0,0,0,0,0,0,0,1,0,0.0,1.0,1,0,10,187492.6399999997,659382.8399999999,0,0.0,126.78681979166667,787,0,0,0,0,0,0,0,0,0,1,0,0,0.0,1.0,1,0,10,187422.34999999963,659473.8200000003,0,0.0,126.7868200462963,787,0,0,0,0,0,0,0,0,0,1,0,0,0.0,1.0,0,0,0,1,0,0,0,0,0,0,0,0,0,0,0,0,0,1,0,0,0,0,1,0,0,0,0,0,0,0,0,0,0,0,0,0,0,0,0,0,1,0,0,0,0,1,0,0,0,0,0,0,0,0,0,0,0,0,0,0,0,0,0,0,1,0,0,0,1,0,0,0,0,0,0,0,0,0,0,0,0,0,0,0,0,0,0,0,1,0,0,2,2,0,0,0,0,0,0,0,0,1.696871434673181,1.0,1.67591923237717,1.0,1.7757750263392995,1.0,1.5488493202679434,1.0,186847.57499999975,659534.4575
2,5,5,186336.46,666595.8699999992,0,31.482916666666668,0.0,2324,0,0,0,0,1,0,0,0,0,0,0,0,0.5591929034707469,0.8290375725550417,6,5,5,190898.61000000036,666864.8300000001,0,19.266033333333333,0.0,2324,0,0,0,0,1,0,0,0,0,0,0,0,-0.10452846326765342,0.9945218953682733,1,5,5,187945.08999999985,666055.5099999998,0,16.116216666666666,0.0,2324,0,0,0,0,1,0,0,0,0,0,0,0,0.13917310096006544,0.9902680687415704,2,5,5,187158.03000000023,666802.2400000002,0,3.1996333333333333,0.0,2324,0,0,0,0,1,0,0,0,0,0,0,0,-0.10452846326765342,0.9945218953682733,0,0,1,0,0,0,0,0,0,0,0,0,0,0,0,0,1,0,0,0,0,1,0,0,0,0,0,0,0,0,0,0,0,0,0,1,0,0,0,0,0,0,0,0,1,0,0,0,0,0,0,0,0,0,0,0,0,0,0,1,0,0,0,0,0,0,0,1,0,0,0,0,0,0,0,0,0,0,0,0,0,0,0,0,1,0,0,0,0,0,0,0,0,0,0,0,0,0,0,0,0,1.7139535800287342,1.0,2.7731295340495774,0.0,0.531726268435709,1.0,0.9342421924014241,1.0,250779.3966666668,888772.8166666664
2,5,7,183220.9699999997,663004.1999999993,0,40.55916666666667,0.0,2205,0,0,0,0,1,0,0,0,0,0,0,0,-0.961261695938319,-0.2756373558169989,1,5,9,182067.50999999975,666339.2100000009,0,26.8923,0.0,2205,0,0,0,0,1,0,0,0,0,0,0,0,0.8090169943749475,0.5877852522924731,2,5,5,183599.54000000004,662997.0099999998,0,4.40945,0.0,2205,0,0,0,0,1,0,0,0,0,0,0,0,-0.9743700647852352,0.22495105434386492,2,5,5,183931.6200000001,662982.4399999995,0,4.12615,0.0,2205,0,0,0,0,1,0,0,0,0,0,0,0,0.12186934340514748,0.992546151641322,0,0,1,0,0,0,0,0,0,0,0,0,0,0,0,0,1,0,0,0,0,0,0,1,0,0,0,0,0,1,0,0,0,0,0,0,0,0,0,0,0,0,0,0,1,0,0,0,0,0,0,0,0,0,0,0,0,0,0,0,0,0,1,0,0,0,0,1,0,0,0,0,0,0,0,0,0,0,0,0,0,0,0,0,1,0,0,0,0,0,0,2,0,0,0,0,0,0,0,0,0,0.7684713139883333,1.0,2.560400100336136,0.0,0.8574481933338,1.0,1.038355794080798,1.0,244273.21333333323,885107.6199999998
2,0,6,177381.58999999985,662031.7899999991,0,0.0,100.28317056712963,2205,0,0,0,0,1,0,0,0,0,0,0,0,0.0,1.0,17,0,10,178540.1799999997,663026.1099999994,0,0.0,70.77645761574074,790,0,0,0,0,0,0,0,0,0,0,1,0,0.0,1.0,1,5,5,180122.83000000007,664519.0600000005,0,21.182283333333334,0.0,1353,0,0,0,0,0,0,0,1,0,0,0,0,0.9998476951563913,0.017452406437283376,2,4,5,177498.09999999963,663007.0999999996,0,8.298933333333334,0.0,1353,0,0,0,0,0,0,0,1,0,0,0,0,-0.25881904510252035,-0.9659258262890684,1,0,0,1,0,0,0,0,0,0,0,0,0,0,0,0,0,1,0,0,0,0,1,0,0,0,0,0,0,0,0,0,0,0,0,0,0,0,0,0,1,0,0,0,1,0,0,0,0,0,0,0,0,0,0,0,0,0,0,0,0,0,1,0,0,0,0,1,0,0,0,0,0,0,0,0,0,0,0,0,0,0,0,0,0,1,0,0,0,0,0,0,0,0,0,0,0,0,0,0,0,1.5084920958521175,1.0,0.19669455652187878,1.0,2.226955062131804,1.0,0.9035296032250109,1.0,178385.6749999998,663146.0149999997
2,0,10,177334.5,661514.4299999997,0,0.0,102.96594237268519,785,0,0,0,0,0,0,0,1,0,0,0,0,0.0,1.0,2,0,10,177347.7999999998,661625.0600000005,0,0.0,102.96594238425926,785,0,0,0,0,0,0,0,1,0,0,0,0,0.0,1.0,2,0,10,177401.2000000002,662045.3599999994,0,0.0,102.96594239583334,785,0,0,0,0,0,0,0,1,0,0,0,0,0.0,1.0,2,0,6,177434.91000000015,662363.7100000009,0,0.0,102.96593078703704,785,0,0,0,0,0,0,0,1,0,0,0,0,0.0,1.0,1,0,0,1,0,0,0,0,0,0,0,0,0,0,0,0,0,1,0,0,0,0,1,0,0,0,0,0,0,0,0,0,0,0,0,0,0,0,0,0,1,0,0,0,0,1,0,0,0,0,0,0,0,0,0,0,0,0,0,0,0,0,0,0,1,0,0,0,1,0,0,0,0,0,0,0,0,0,0,0,0,0,0,0,0,0,0,0,1,0,0,4,0,0,0,0,0,0,0,0,0,1.9782556800340083,1.0,1.3911135820092877,1.0,0.8414431872421466,1.0,2.528053914088946,0.0,236506.13666666672,882516.1866666669
1,0,10,185945.34999999963,672815.7400000002,0,0.0,35.38055337962963,2324,0,0,0,0,1,0,0,0,0,0,0,0,0.0,1.0,2,5,5,184109.1399999997,670753.3200000003,0,13.284933333333333,0.0,1540,0,0,0,0,0,0,0,0,1,0,0,0,0.6018150231520483,0.7986355100472928,2,5,6,184710.6500000004,671925.4000000004,0,4.6145,0.0,1366,0,0,0,0,0,0,0,0,1,0,0,0,0.3090169943749474,0.9510565162951535,2,5,5,184850.34999999963,672305.4499999993,0,2.3621666666666665,0.0,1366,0,0,0,0,0,0,0,0,1,0,0,0,0.32556815445715664,0.9455185755993168,0,0,0,1,0,0,0,0,0,0,0,0,0,0,0,0,0,1,0,0,0,1,0,0,0,0,0,0,0,0,0,0,0,0,0,0,0,0,1,0,0,0,0,0,1,0,0,0,0,0,0,0,0,0,0,0,0,0,0,0,0,0,1,0,0,0,0,1,0,0,0,0,0,0,0,0,0,0,0,0,0,0,0,0,0,0,1,0,0,0,0,2,0,0,0,0,0,0,0,0,0,1.9043641619543676,1.0,2.019927912733886,1.0,0.2738843066205229,1.0,0.5054732136349793,1.0,184903.87249999982,671949.9775
1,0,10,186647.59999999963,695230.3699999992,0,0.0,30.544025358796297,738,0,0,0,0,0,0,0,0,0,1,0,0,0.0,1.0,1,0,10,186810.84999999963,695239.0700000003,0,0.0,30.544025833333333,738,0,0,0,0,0,0,0,0,0,1,0,0,0.0,1.0,1,5,5,187042.4500000002,691204.7100000009,0,13.231233333333334,0.0,860,0,0,0,1,0,0,0,0,0,0,0,0,1.2246467991473532e-16,-1.0,2,5,6,186582.9000000004,691761.3599999994,0,10.563983333333333,0.0,860,0,0,0,1,0,0,0,0,0,0,0,0,-0.20791169081775907,-0.9781476007338057,0,0,0,1,0,0,0,0,0,0,0,0,0,0,0,0,0,1,0,0,0,0,1,0,0,0,0,0,0,0,0,0,0,0,0,0,0,0,0,0,1,0,0,0,1,0,0,0,0,0,0,0,0,0,0,0,0,0,0,0,0,0,1,0,0,0,0,1,0,0,0,0,0,0,0,0,0,0,0,0,0,0,0,1,0,0,0,0,0,0,0,0,0,0,0,0,0,0,0,0,0,1.8178013402114643,1.0,1.8227081737038289,1.0,2.1043537562365695,1.0,1.559017316414386,1.0,186770.94999999995,693358.8775
1,0,10,188299.2199999997,659292.9600000009,0,0.0,157.67439180555556,738,0,0,0,0,0,0,0,0,0,1,0,0,0.0,1.0,1,0,10,188271.1200000001,659466.2799999993,0,0.0,157.6728753125,738,0,0,0,0,0,0,0,0,0,1,0,0,0.0,1.0,1,0,10,189948.21,659628.6099999994,0,0.0,31.631579398148148,787,0,0,0,0,0,0,0,0,0,1,0,0,0.0,1.0,1,0,9,189608.8799999999,659721.5999999996,0,0.0,11.686591053240742,738,0,0,0,0,0,0,0,0,0,1,0,0,0.0,1.0,0,0,0,1,0,0,0,0,0,0,0,0,0,0,0,0,0,1,0,0,0,0,1,0,0,0,0,0,0,0,0,0,0,0,0,0,0,0,0,0,1,0,0,0,0,1,0,0,0,0,0,0,0,0,0,0,0,0,0,0,0,0,0,0,1,0,0,0,1,0,0,0,0,0,0,0,0,0,0,0,0,0,0,0,0,0,0,0,1,0,0,2,0,0,0,0,0,0,0,0,0,1.672913109846597,1.0,1.659785928692225,1.0,2.0050223769423763,1.0,1.3241074031412639,1.0,189031.85749999993,659527.3624999998
1,0,10,180774.2199999997,661479.4800000004,0,0.0,25.03104587962963,1141,0,0,0,0,0,0,1,0,0,0,0,0,0.0,1.0,2,5,5,180647.83000000007,667545.7699999996,0,31.03935,0.0,1141,0,0,0,0,0,0,1,0,0,0,0,0,-0.1564344650402311,0.9876883405951377,2,5,5,183636.50999999975,668216.4499999993,0,27.65605,0.0,1141,0,0,0,0,0,0,1,0,0,0,0,0,-0.9743700647852351,-0.22495105434386525,1,5,7,179117.66000000015,663981.2599999998,0,9.539416666666666,0.0,1141,0,0,0,0,0,0,1,0,0,0,0,0,0.0,1.0,1,0,0,1,0,0,0,0,0,0,0,0,0,0,0,0,0,1,0,0,0,1,0,0,0,0,0,0,0,0,0,0,0,0,0,0,0,0,1,0,0,0,0,0,1,0,0,0,0,0,0,0,0,0,0,0,0,0,0,0,0,0,1,0,0,0,0,0,1,0,0,0,0,0,0,0,0,0,0,0,0,0,0,0,0,0,0,0,0,1,0,0,0,0,0,0,0,0,0,0,0,1.757129456302369,1.0,1.0420673846884179,1.0,1.7855605271408375,1.0,1.0709195059666012,1.0,181044.05499999993,665305.7399999998
1,0,6,182583.49000000025,675756.6799999997,0,892.9603666666667,0.0,170,0,0,0,0,0,0,0,0,0,0,1,0,0.0,1.0,1,0,6,182532.8899999997,675666.3800000008,0,892.9605666666666,0.0,170,0,0,0,0,0,0,0,0,0,0,1,0,0.0,1.0,1,0,6,182643.86000000036,675915.1400000006,0,892.9607333333333,0.0,170,0,0,0,0,0,0,0,0,0,0,1,0,0.0,1.0,2,5,5,182874.1299999999,676348.1899999995,0,23.443383333333333,0.0,1295,0,0,0,0,0,1,0,0,0,0,0,0,-0.9848077530122081,0.17364817766692997,0,0,0,1,0,0,0,0,0,0,0,0,0,0,0,0,0,1,0,0,0,0,1,0,0,0,0,0,0,0,0,0,0,0,0,0,0,0,0,0,1,0,0,0,0,1,0,0,0,0,0,0,0,0,0,0,0,0,0,0,0,0,0,0,1,0,0,1,0,0,0,0,0,0,0,0,0,0,0,0,0,0,0,0,0,0,1,0,0,0,0,3,0,0,0,0,0,0,0,0,0,0.923638530267893,1.0,1.450061363246273,1.0,0.08198781128882963,1.0,2.4361069819127508,1.0,182658.59250000006,675921.5975000001
2,0,10,179116.7000000002,665979.1099999994,0,0.0,57.57926416666667,1141,0,0,0,0,0,0,1,0,0,0,0,0,0.0,1.0,1,0,6,180789.41999999995,661429.6300000008,0,804.6904166666667,0.0,1141,0,0,0,0,0,0,1,0,0,0,0,0,0.0,1.0,1,0,6,180789.41999999995,661429.6300000008,0,804.6904166666667,0.0,1141,0,0,0,0,0,0,1,0,0,0,0,0,0.0,1.0,1,0,6,180789.41999999995,661429.6300000008,0,804.6904166666667,0.0,1141,0,0,0,0,0,0,1,0,0,0,0,0,0.0,1.0,1,0,0,1,0,0,0,0,0,0,0,0,0,0,0,0,0,1,0,0,0,0,1,0,0,0,0,0,0,0,0,0,0,0,0,0,0,0,0,0,1,0,0,0,0,1,0,0,0,0,0,0,0,0,0,0,0,0,0,0,0,0,0,0,1,0,0,0,1,0,0,0,0,0,0,0,0,0,0,0,0,0,0,0,0,0,0,0,1,0,0,3,0,0,0,0,0,0,0,0,0,2.6986179796483225,0.0,0.8995393265494485,1.0,0.8995393265494485,1.0,0.8995393265494485,1.0,240494.98666666666,883422.6666666673
6,5,7,190872.4400000004,666253.4700000007,0,38.51358333333334,0.0,2324,0,0,0,0,1,0,0,0,0,0,0,0,0.15643446504023087,0.9876883405951378,2,5,6,187450.7999999998,667775.4299999997,0,36.93013333333333,0.0,2324,0,0,0,0,1,0,0,0,0,0,0,0,-0.9702957262759965,-0.24192189559966779,1,5,6,186508.23000000045,667400.7400000002,0,33.813516666666665,0.0,2324,0,0,0,0,1,0,0,0,0,0,0,0,-0.9902680687415704,-0.13917310096006494,1,4,5,188815.58999999985,665229.1699999999,0,20.5635,0.0,2324,0,0,0,0,1,0,0,0,0,0,0,0,-0.6691306063588581,0.7431448254773942,0,0,1,0,0,0,0,0,0,0,0,0,0,0,0,0,1,0,0,0,0,1,0,0,0,0,0,0,0,0,0,0,0,0,0,0,0,0,1,0,0,0,0,0,1,0,0,0,0,0,0,0,0,0,0,0,0,0,0,1,0,0,0,0,0,0,0,1,0,0,0,0,0,0,0,0,0,0,0,0,0,0,0,0,1,0,0,0,0,0,0,0,0,0,0,0,0,0,0,0,0,1.8891699535599031,1.0,1.1121853781071844,1.0,1.545442396848745,1.0,1.1292385094521473,1.0,188411.76500000013,666664.7025000001
2,5,5,167246.8700000001,634355.9499999993,0,27.195533333333334,0.0,1366,0,0,0,0,0,0,0,0,1,0,0,0,-0.48480962024633695,-0.8746197071393959,1,5,8,167852.66000000015,633659.3699999992,0,22.695666666666668,0.0,1366,0,0,0,0,0,0,0,0,1,0,0,0,0.01745240643728344,-0.9998476951563913,2,5,5,168201.41000000015,635060.5199999996,0,17.714616666666668,0.0,1366,0,0,0,0,0,0,0,0,1,0,0,0,0.45399049973954675,0.8910065241883679,2,5,5,167897.23000000045,635469.5299999993,0,16.54618333333333,0.0,1366,0,0,0,0,0,0,0,0,1,0,0,0,0.4694715627858908,0.882947592858927,0,0,1,0,0,0,0,0,0,0,0,0,0,0,1,0,0,0,0,0,1,0,0,0,1,0,0,0,0,0,0,0,0,0,0,0,0,0,0,0,0,0,0,0,0,0,1,0,0,0,0,0,0,0,1,0,0,0,0,0,0,0,0,0,0,0,0,0,0,1,0,0,0,0,0,0,1,0,0,0,0,0,0,0,0,0,0,0,0,0,0,2,0,0,0,0,0,0,0,0,0,1.195617020465778,1.0,1.887608689804521,1.0,1.1272901886147,1.0,1.618438165865837,1.0,167799.5425000002,634636.3424999993
1,0,10,180135.2000000002,662368.6999999993,0,0.0,107.43264409722222,1353,0,0,0,0,0,0,0,1,0,0,0,0,0.0,1.0,2,0,6,179414.65000000037,663458.7200000007,0,1023.0075,0.0,2205,0,0,0,0,1,0,0,0,0,0,0,0,0.0,1.0,2,0,6,179681.75999999978,662507.3699999992,0,723.02415,0.0,785,0,0,0,0,0,0,0,1,0,0,0,0,0.0,1.0,2,0,6,179681.75999999978,662507.3699999992,0,723.02415,0.0,785,0,0,0,0,0,0,0,1,0,0,0,0,0.0,1.0,1,0,0,1,0,0,0,0,0,0,0,0,0,0,0,0,0,1,0,0,0,0,1,0,0,0,0,0,0,0,0,0,0,0,0,0,0,0,0,0,1,0,0,0,0,1,0,0,0,0,0,0,0,0,0,0,0,0,0,0,0,0,0,0,1,0,0,0,1,0,0,0,0,0,0,0,0,0,0,0,0,0,0,0,0,0,0,0,1,0,0,2,0,0,0,0,0,0,0,0,0,1.5300219328401135,1.0,2.335855407321494,1.0,0.6001497407970283,1.0,0.6001497407970283,1.0,179728.34250000003,662710.5399999996
2,0,9,192609.91000000012,673792.8699999992,0,0.0,10.293744351851851,787,0,0,0,0,0,0,0,0,0,1,0,0,0.0,1.0,2,0,9,192609.91000000012,673792.8699999992,0,0.0,10.293744351851851,787,0,0,0,0,0,0,0,0,0,1,0,0,0.0,1.0,2,0,9,192609.91000000012,673792.8699999992,0,0.0,10.293744351851851,787,0,0,0,0,0,0,0,0,0,1,0,0,0.0,1.0,2,0,9,192534.98000000045,673815.4399999995,0,0.0,10.495121273148149,787,0,0,0,0,0,0,0,0,0,1,0,0,0.0,1.0,0,0,0,1,0,0,0,0,0,0,0,0,0,0,0,0,0,1,0,0,0,0,1,0,0,0,0,0,0,0,0,0,0,0,0,0,0,0,0,0,1,0,0,0,0,1,0,0,0,0,0,0,0,0,0,0,0,0,0,0,0,0,0,0,1,0,0,0,1,0,0,0,0,0,0,0,0,0,0,0,0,0,0,0,0,0,0,0,1,0,0,4,0,0,0,0,0,0,0,0,0,0.9267853182239506,1.0,0.9267853182239506,1.0,0.9267853182239506,1.0,2.780355954670531,0.0,256788.23666666693,898398.0166666657
1,0,6,179674.59999999963,663477.4800000004,0,1023.0079666666667,0.0,2205,0,0,0,0,1,0,0,0,0,0,0,0,0.0,1.0,1,0,6,179674.59999999963,663477.4800000004,0,1023.0079666666667,0.0,2205,0,0,0,0,1,0,0,0,0,0,0,0,0.0,1.0,2,0,6,178259.73000000045,664620.9199999999,0,483.0579666666667,0.0,738,0,0,0,0,0,0,0,0,0,1,0,0,0.0,1.0,2,0,6,178259.73000000045,664620.9199999999,0,483.0579666666667,0.0,738,0,0,0,0,0,0,0,0,0,1,0,0,0.0,1.0,1,0,0,1,0,0,0,0,0,0,0,0,0,0,0,0,0,1,0,0,0,0,1,0,0,0,0,0,0,0,0,0,0,0,0,0,0,0,0,0,1,0,0,0,0,1,0,0,0,0,0,0,0,0,0,0,0,0,0,0,0,0,0,0,1,0,0,0,1,0,0,0,0,0,0,0,0,0,0,0,0,0,0,0,0,0,0,0,1,0,0,2,2,0,0,0,0,0,0,0,0,1.4221509448854417,1.0,1.4221509448854417,1.0,1.4221509448854417,1.0,1.4221509448854417,1.0,178967.16500000004,664049.2000000002
2,0,10,177334.5,661514.4299999997,0,0.0,103.42427417824074,785,0,0,0,0,0,0,0,1,0,0,0,0,0.0,1.0,2,0,10,177347.7999999998,661625.0600000005,0,0.0,103.42427418981481,785,0,0,0,0,0,0,0,1,0,0,0,0,0.0,1.0,2,0,10,177401.2000000002,662045.3599999994,0,0.0,103.42427418981481,785,0,0,0,0,0,0,0,1,0,0,0,0,0.0,1.0,2,0,6,177413.54000000004,662175.6099999994,0,0.0,103.42426262731482,785,0,0,0,0,0,0,0,1,0,0,0,0,0.0,1.0,1,0,0,1,0,0,0,0,0,0,0,0,0,0,0,0,0,1,0,0,0,0,1,0,0,0,0,0,0,0,0,0,0,0,0,0,0,0,0,0,1,0,0,0,0,1,0,0,0,0,0,0,0,0,0,0,0,0,0,0,0,0,0,0,1,0,0,0,1,0,0,0,0,0,0,0,0,0,0,0,0,0,0,0,0,0,0,0,1,0,0,4,0,0,0,0,0,0,0,0,0,2.1115872372140676,1.0,1.394475882883949,1.0,1.3322345668475624,1.0,2.1739086857772265,1.0,177374.26,661840.1149999998
2,0,6,186214.3899999997,659530.0600000005,0,0.0,132.76105195601852,790,0,0,0,0,0,0,0,0,0,0,1,0,0.0,1.0,2,0,10,186260.91999999995,659751.1099999994,0,0.0,132.7610288310185,790,0,0,0,0,0,0,0,0,0,0,1,0,0.0,1.0,1,0,10,187492.6399999997,659382.8399999999,0,0.0,128.87016047453704,787,0,0,0,0,0,0,0,0,0,1,0,0,0.0,1.0,1,0,10,187422.34999999963,659473.8200000003,0,0.0,128.87016074074074,787,0,0,0,0,0,0,0,0,0,1,0,0,0.0,1.0,0,0,0,1,0,0,0,0,0,0,0,0,0,0,0,0,0,1,0,0,0,0,1,0,0,0,0,0,0,0,0,0,0,0,0,0,0,0,0,0,1,0,0,0,0,1,0,0,0,0,0,0,0,0,0,0,0,0,0,0,0,0,0,0,1,0,0,0,1,0,0,0,0,0,0,0,0,0,0,0,0,0,0,0,0,0,0,0,1,0,0,2,2,0,0,0,0,0,0,0,0,1.696871434673181,1.0,1.67591923237717,1.0,1.7757750263392995,1.0,1.5488493202679434,1.0,186847.57499999975,659534.4575
2,0,10,179100.08999999985,663100.0700000003,0,0.0,157.96209979166667,1141,0,0,0,0,0,0,1,0,0,0,0,0,0.0,1.0,2,0,10,179193.58000000007,662978.9499999993,0,0.0,157.96209979166667,1141,0,0,0,0,0,0,1,0,0,0,0,0,0.0,1.0,17,0,10,178733.74000000022,662995.6600000001,0,0.0,70.60977342592592,790,0,0,0,0,0,0,0,0,0,0,1,0,0.0,1.0,1,0,10,179115.53000000026,665875.9800000004,0,0.0,56.0798312962963,2205,0,0,0,0,1,0,0,0,0,0,0,0,0.0,1.0,1,0,0,1,0,0,0,0,0,0,0,0,0,0,0,0,0,1,0,0,0,0,1,0,0,0,0,0,0,0,0,0,0,0,0,0,0,0,0,0,1,0,0,0,0,1,0,0,0,0,0,0,0,0,0,0,0,0,0,0,0,0,0,0,1,0,0,0,1,0,0,0,0,0,0,0,0,0,0,0,0,0,0,0,0,0,0,0,1,0,0,0,0,0,0,0,0,0,0,0,0,0.9068301582475448,1.0,1.0966283933285441,1.0,1.1336279341491373,1.0,3.0279861165507227,0.0,238714.31333333347,884983.5533333333
2,0,6,177381.6299999999,661904.2699999996,0,0.0,103.34093091435186,785,0,0,0,0,0,0,0,1,0,0,0,0,0.0,1.0,2,0,10,177437.83000000007,662499.7699999996,0,0.0,100.57483140046297,2205,0,0,0,0,1,0,0,0,0,0,0,0,0.0,1.0,2,0,10,179116.7000000002,665979.1099999994,0,0.0,96.46936842592592,1000,0,0,0,0,0,1,0,0,0,0,0,0,0.0,1.0,2,0,6,180344.96,664164.5899999999,0,0.0,10.161787430555556,787,0,0,0,0,0,0,0,0,0,1,0,0,0.0,1.0,1,0,0,1,0,0,0,0,0,0,0,0,0,0,0,0,0,1,0,0,0,0,1,0,0,0,0,0,0,0,0,0,0,0,0,0,0,0,0,0,1,0,0,0,0,1,0,0,0,0,0,0,0,0,0,0,0,0,0,0,0,0,0,0,1,0,0,0,1,0,0,0,0,0,0,0,0,0,0,0,0,0,0,0,0,0,0,0,1,0,0,2,0,0,0,0,0,0,0,0,0,1.48750390949164,1.0,1.1361353342019633,1.0,1.7026270817085398,1.0,1.3107098713894878,1.0,178570.28000000003,663636.9349999996
2,0,10,177321.38999999966,661428.4299999997,0,0.0,103.34093028935185,785,0,0,0,0,0,0,0,1,0,0,0,0,0.0,1.0,2,0,6,177426.34999999963,662419.4100000001,0,0.0,100.57483075231481,2205,0,0,0,0,1,0,0,0,0,0,0,0,0.0,1.0,2,0,10,179045.6900000004,665999.7799999993,0,0.0,96.46936777777778,1000,0,0,0,0,0,1,0,0,0,0,0,0,0.0,1.0,2,0,6,181433.8099999996,668673.2300000004,0,773.0062666666666,0.0,1295,0,0,0,0,0,1,0,0,0,0,0,0,0.0,1.0,1,0,0,1,0,0,0,0,0,0,0,0,0,0,0,0,0,1,0,0,0,0,1,0,0,0,0,0,0,0,0,0,0,0,0,0,0,0,0,0,1,0,0,0,0,1,0,0,0,0,0,0,0,0,0,0,0,0,0,0,0,0,0,0,1,0,0,0,1,0,0,0,0,0,0,0,0,0,0,0,0,0,0,0,0,0,0,0,1,0,0,2,0,0,0,0,0,0,0,0,0,1.550934061805474,1.0,1.1452812576353806,1.0,0.6108889545849897,1.0,2.118633188040035,1.0,178806.80999999982,664630.2124999999
2,0,10,179116.7000000002,665979.1099999994,0,0.0,64.03064300925926,1141,0,0,0,0,0,0,1,0,0,0,0,0,0.0,1.0,2,0,6,178693.75,665885.8900000006,0,0.0,62.87014533564815,1540,0,0,0,0,0,0,0,0,1,0,0,0,0.0,1.0,2,0,10,178678.98000000045,665826.8399999999,0,0.0,62.87014535879629,1540,0,0,0,0,0,0,0,0,1,0,0,0,0.0,1.0,1,0,9,180789.41999999995,661429.6300000008,0,0.0,7.010191643518518,1141,0,0,0,0,0,0,1,0,0,0,0,0,0.0,1.0,1,0,0,1,0,0,0,0,0,0,0,0,0,0,0,0,0,1,0,0,0,0,1,0,0,0,0,0,0,0,0,0,0,0,0,0,0,0,0,0,1,0,0,0,0,1,0,0,0,0,0,0,0,0,0,0,0,0,0,0,0,0,0,0,1,0,0,0,1,0,0,0,0,0,0,0,0,0,0,0,0,0,0,0,0,0,0,0,1,0,0,2,0,0,0,0,0,0,0,0,0,0.8678607113312978,1.0,0.9068527117106431,1.0,0.8758802898787533,1.0,2.6117597346608097,0.0,239092.9500000002,886373.8233333336
1,0,10,186810.84999999963,695239.0700000003,0,0.0,27.710685196759258,738,0,0,0,0,0,0,0,0,0,1,0,0,0.0,1.0,2,5,6,186559.73000000045,693069.0899999999,0,4.286316666666667,0.0,1000,0,0,0,0,0,1,0,0,0,0,0,0,-0.7880107536067221,-0.6156614753256581,1,5,5,187368.8200000003,692653.5,0,3.1701166666666665,0.0,1000,0,0,0,0,0,1,0,0,0,0,0,0,-0.7660444431189779,-0.6427876096865395,6,5,5,187754.3700000001,692402.9700000007,0,4.6364,0.0,649,0,0,0,0,0,0,1,0,0,0,0,0,0.9902680687415704,-0.13917310096006535,0,0,0,1,0,0,0,0,0,0,0,0,0,0,0,0,0,1,0,0,0,1,0,0,0,0,0,0,0,0,0,0,0,0,0,0,0,1,0,0,0,0,0,0,1,0,0,0,0,0,0,0,0,0,0,0,0,0,0,1,0,0,0,0,0,0,0,1,0,0,0,0,0,0,0,0,0,0,0,0,0,0,0,0,0,0,1,0,0,0,0,0,0,0,0,0,0,0,0,0,0,2.421505749500894,1.0,0.7879982798520769,1.0,0.9191673823398763,1.0,1.4233368896901977,1.0,187123.44250000012,693341.1575000002
2,0,10,178618.1799999997,665686.4600000009,0,0.0,55.99515056712963,1540,0,0,0,0,0,0,0,0,1,0,0,0,0.0,1.0,2,0,6,180344.96,664164.5899999999,0,0.0,9.870127349537038,787,0,0,0,0,0,0,0,0,0,1,0,0,0.0,1.0,1,0,6,176766.50999999978,661726.2799999993,0,1133.05005,0.0,790,0,0,0,0,0,0,0,0,0,0,1,0,0.0,1.0,1,5,5,179579.08000000007,663731.1199999992,0,19.4501,0.0,1353,0,0,0,0,0,0,0,1,0,0,0,0,0.45399049973954675,0.8910065241883679,1,0,0,1,0,0,0,0,0,0,0,0,0,0,0,0,0,1,0,0,0,0,1,0,0,0,0,0,0,0,0,0,0,0,0,0,0,0,0,0,1,0,0,0,0,1,0,0,0,0,0,0,0,0,0,0,0,0,0,0,0,0,0,0,1,0,0,1,0,0,0,0,0,0,0,0,0,0,0,0,0,0,0,0,0,0,1,0,0,0,0,0,0,0,0,0,0,0,0,0,0,1.3600352077037314,1.0,1.1301858811139378,1.0,2.139039102714898,1.0,0.5509756929640662,1.0,178827.18249999988,663827.1124999998
2,0,6,177413.54000000004,662175.6099999994,0,0.0,101.84093108796296,785,0,0,0,0,0,0,0,1,0,0,0,0,0.0,1.0,2,0,6,177381.58999999985,662031.7899999991,0,0.0,99.0748315625,2205,0,0,0,0,1,0,0,0,0,0,0,0,0.0,1.0,2,0,10,180244.75,664183.7100000009,0,0.0,8.661787604166667,787,0,0,0,0,0,0,0,0,0,1,0,0,0.0,1.0,1,5,6,178024.5599999996,663513.6600000001,0,42.40745,0.0,1295,0,0,0,0,0,1,0,0,0,0,0,0,0.7431448254773942,-0.6691306063588582,1,0,0,1,0,0,0,0,0,0,0,0,0,0,0,0,0,1,0,0,0,0,1,0,0,0,0,0,0,0,0,0,0,0,0,0,0,0,0,0,1,0,0,0,0,1,0,0,0,0,0,0,0,0,0,0,0,0,0,0,0,0,0,0,1,0,0,1,0,0,0,0,0,0,0,0,0,0,0,0,0,0,0,0,0,0,1,0,0,0,0,2,0,0,0,0,0,0,0,0,0,1.1265769658056024,1.0,1.2464110090184193,1.0,2.2328593368524166,1.0,0.5676089626841104,1.0,178266.10999999987,662976.1924999999
2,0,6,178182.66999999993,654872.6500000004,0,963.0250166666667,0.0,1295,0,0,0,0,0,1,0,0,0,0,0,0,0.0,1.0,2,0,6,178182.66999999993,654872.6500000004,0,963.0250166666667,0.0,1295,0,0,0,0,0,1,0,0,0,0,0,0,0.0,1.0,2,0,6,178182.66999999993,654872.6500000004,0,963.0250166666667,0.0,1295,0,0,0,0,0,1,0,0,0,0,0,0,0.0,1.0,2,0,6,178182.66999999993,654872.6500000004,0,963.0250166666667,0.0,1295,0,0,0,0,0,1,0,0,0,0,0,0,0.0,1.0,0,0,0,1,0,0,0,0,0,0,0,0,0,0,0,0,0,1,0,0,0,0,1,0,0,0,0,0,0,0,0,0,0,0,0,0,0,0,0,0,1,0,0,0,0,1,0,0,0,0,0,0,0,0,0,0,0,0,0,0,0,0,0,0,1,0,0,0,1,0,0,0,0,0,0,0,0,0,0,0,0,0,0,0,0,0,0,0,1,0,0,4,0,0,0,0,0,0,0,0,0,0.0,1.0,0.0,1.0,0.0,1.0,0.0,1.0,178182.66999999993,654872.6500000004
2,0,6,177405.6900000004,662240.8399999999,0,0.0,100.9915042824074,2205,0,0,0,0,1,0,0,0,0,0,0,0,0.0,1.0,1,5,5,181241.26999999955,663745.2400000002,0,18.18285,0.0,2324,0,0,0,0,1,0,0,0,0,0,0,0,-0.05233595624294437,0.9986295347545738,2,5,5,180437.75,666496.9700000007,0,5.1996,0.0,2324,0,0,0,0,1,0,0,0,0,0,0,0,-0.9961946980917455,-0.08715574274765825,2,5,5,181990.33999999985,668893.3599999994,0,4.516166666666667,0.0,2324,0,0,0,0,1,0,0,0,0,0,0,0,0.0348994967025007,-0.9993908270190958,1,0,0,1,0,0,0,0,0,0,0,0,0,0,0,0,0,1,0,0,0,1,0,0,0,0,0,0,0,0,0,0,0,0,0,0,0,0,1,0,0,0,0,0,0,0,1,0,0,0,0,0,0,0,0,1,0,0,0,0,0,0,0,0,0,0,0,1,0,0,0,0,0,0,0,0,0,0,0,0,0,0,0,0,1,0,0,0,0,0,0,0,0,0,0,0,0,0,0,0,0,1.9652868528257779,1.0,0.871059730701992,1.0,0.5423469772096723,1.0,1.8361207225566754,1.0,180268.76249999995,665344.1025
1,0,7,184364.5599999996,672116.1099999994,0,358.03205,0.0,2205,0,0,0,0,1,0,0,0,0,0,0,0,0.0,1.0,1,0,7,184348.9299999997,672070.2599999998,0,358.01535,0.0,2205,0,0,0,0,1,0,0,0,0,0,0,0,0.0,1.0,2,5,5,184269.99000000025,670987.8100000005,0,10.931416666666667,0.0,1353,0,0,0,0,0,0,0,1,0,0,0,0,0.5299192642332049,0.848048096156426,2,4,5,184284.08000000007,671053.6199999992,0,3.69835,0.0,1353,0,0,0,0,0,0,0,1,0,0,0,0,-0.5150380749100542,-0.8571673007021123,0,0,0,1,0,0,0,0,0,0,0,0,0,0,0,0,0,1,0,0,0,0,1,0,0,0,0,0,0,0,0,0,0,0,0,0,0,0,0,0,1,0,0,0,1,0,0,0,0,0,0,0,0,0,0,0,0,0,0,0,0,0,1,0,0,0,0,1,0,0,0,0,0,0,0,0,0,0,0,0,0,0,0,0,1,0,0,0,0,0,0,2,0,0,0,0,0,0,0,0,0,1.943415893847515,1.0,1.781070964453434,1.0,1.9776334865588963,1.0,1.7467497384161268,1.0,184316.8899999999,671556.9499999997
2,0,10,177347.7999999998,661625.0600000005,0,0.0,103.46594118055556,785,0,0,0,0,0,0,0,1,0,0,0,0,0.0,1.0,2,0,6,177413.54000000004,662175.6099999994,0,0.0,103.46592961805555,785,0,0,0,0,0,0,0,1,0,0,0,0,0.0,1.0,1,0,6,179674.59999999963,663477.4800000004,0,1012.9886333333334,0.0,2205,0,0,0,0,1,0,0,0,0,0,0,0,0.0,1.0,1,0,6,180789.41999999995,661429.6300000008,0,794.6719666666667,0.0,1141,0,0,0,0,0,0,1,0,0,0,0,0,0.0,1.0,1,0,0,1,0,0,0,0,0,0,0,0,0,0,0,0,0,1,0,0,0,0,1,0,0,0,0,0,0,0,0,0,0,0,0,0,0,0,0,0,1,0,0,0,0,1,0,0,0,0,0,0,0,0,0,0,0,0,0,0,0,0,0,0,1,0,0,0,1,0,0,0,0,0,0,0,0,0,0,0,0,0,0,0,0,0,0,0,1,0,0,2,0,0,0,0,0,0,0,0,0,1.3688684972760445,1.0,1.222577511105647,1.0,1.3726207607206602,1.0,1.8602149516848119,1.0,178806.33999999985,662176.9450000003
2,5,7,185641.1399999997,664875.4499999993,0,27.805466666666668,0.0,2205,0,0,0,0,1,0,0,0,0,0,0,0,-0.39073112848927355,-0.9205048534524404,2,5,5,185335.1500000004,664852.7699999996,0,20.088633333333334,0.0,2205,0,0,0,0,1,0,0,0,0,0,0,0,-0.9848077530122081,0.17364817766692997,2,5,8,185741.34999999963,663770.9199999999,0,15.872333333333334,0.0,2205,0,0,0,0,1,0,0,0,0,0,0,0,-0.8386705679454242,-0.544639035015027,2,5,5,186122.4699999997,664465.7699999996,0,2.5221,0.0,2205,0,0,0,0,1,0,0,0,0,0,0,0,0.6018150231520483,0.7986355100472928,0,0,1,0,0,0,0,0,0,0,0,0,0,1,0,0,0,0,0,0,0,1,0,0,0,0,0,0,0,0,0,0,0,0,0,1,0,0,0,0,0,0,0,0,1,0,0,0,0,0,0,0,0,0,0,0,0,0,0,0,0,0,1,0,0,0,0,1,0,0,0,0,0,0,0,0,0,0,0,0,0,0,0,0,0,0,1,0,0,0,0,0,0,0,0,0,0,0,0,0,0,1.0726231640221462,1.0,1.431119040359527,1.0,1.9811718738218451,1.0,1.1354895040259037,1.0,185710.02749999985,664491.2274999996
2,0,10,177401.2000000002,662045.3599999994,0,0.0,109.92427680555555,785,0,0,0,0,0,0,0,1,0,0,0,0,0.0,1.0,2,0,6,177434.91000000015,662363.7100000009,0,0.0,109.92426521990741,785,0,0,0,0,0,0,0,1,0,0,0,0,0.0,1.0,2,0,10,177366.4400000004,661908.0899999999,0,0.0,107.15816564814814,2205,0,0,0,0,1,0,0,0,0,0,0,0,0.0,1.0,1,5,5,178593.75,664492.0199999996,0,16.758583333333334,0.0,1141,0,0,0,0,0,0,1,0,0,0,0,0,-0.5299192642332048,-0.8480480961564261,1,0,0,1,0,0,0,0,0,0,0,0,0,0,0,0,0,1,0,0,0,0,1,0,0,0,0,0,0,0,0,0,0,0,0,0,0,0,0,0,1,0,0,0,0,1,0,0,0,0,0,0,0,0,0,0,0,0,0,0,0,0,0,0,1,0,0,1,0,0,0,0,0,0,0,0,0,0,0,0,0,0,0,0,0,0,1,0,0,0,0,3,0,0,0,0,0,0,0,0,0,0.9226671409680868,1.0,0.5493239049804197,1.0,1.1014113338101983,1.0,2.5594351485029643,0.0,236932.10000000024,883603.0599999999
2,0,10,178578.91999999993,665596.5600000005,0,0.0,62.745146875,1540,0,0,0,0,0,0,0,0,1,0,0,0,0.0,1.0,2,0,10,178672.3799999999,665806.7899999991,0,0.0,62.745146875,1540,0,0,0,0,0,0,0,0,1,0,0,0,0.0,1.0,1,0,8,180794.6399999997,661410.1999999993,0,0.0,6.8851931828703705,1141,0,0,0,0,0,0,1,0,0,0,0,0,0.0,1.0,2,5,5,179367.63999999966,666053.0099999998,0,9.3615,0.0,2205,0,0,0,0,1,0,0,0,0,0,0,0,-0.32556815445715676,-0.9455185755993167,1,0,0,1,0,0,0,0,0,0,0,0,0,0,0,0,0,1,0,0,0,0,1,0,0,0,0,0,0,0,0,0,0,0,0,0,0,0,0,0,1,0,0,0,0,1,0,0,0,0,0,0,0,0,0,0,0,0,0,0,0,0,0,0,1,0,0,1,0,0,0,0,0,0,0,0,0,0,0,0,0,0,0,1,0,0,0,0,0,0,0,2,0,0,0,0,0,0,0,0,0,0.8367119847868799,1.0,0.9174953354779355,1.0,2.5745754912368026,0.0,0.9539438985960702,1.0,239137.85999999972,886288.8533333329
2,0,6,191370.46,675506.0700000003,0,0.0,1.388454224537037,1295,0,0,0,0,0,1,0,0,0,0,0,0,0.0,1.0,2,0,7,191283.08999999985,675529.3599999994,0,0.0,1.430119375,1295,0,0,0,0,0,1,0,0,0,0,0,0,0.0,1.0,2,0,6,191370.46,675506.0700000003,0,0.0,1.4301197222222222,1295,0,0,0,0,0,1,0,0,0,0,0,0,0.0,1.0,2,0,7,191283.08999999985,675529.3599999994,0,0.0,1.4717848032407408,1295,0,0,0,0,0,1,0,0,0,0,0,0,0.0,1.0,0,0,0,1,0,0,0,0,0,0,0,0,0,0,0,0,0,1,0,0,0,0,1,0,0,0,0,0,0,0,0,0,0,0,0,0,0,0,0,0,1,0,0,0,0,1,0,0,0,0,0,0,0,0,0,0,0,0,0,0,0,0,0,0,1,0,0,0,1,0,0,0,0,0,0,0,0,0,0,0,0,0,0,0,0,0,0,0,1,0,0,4,0,0,0,0,0,0,0,0,0,1.6342112812728604,1.0,1.634211281271844,1.0,1.6342112812728604,1.0,1.634211281271844,1.0,191326.7749999999,675517.7149999999
1,0,10,188271.1200000001,659466.2799999993,0,0.0,165.6728768287037,738,0,0,0,0,0,0,0,0,0,1,0,0,0.0,1.0,1,0,10,190015.04000000004,659611.7300000004,0,0.0,39.58991525462963,787,0,0,0,0,0,0,0,0,0,1,0,0,0.0,1.0,1,0,10,189613.1399999997,659628.6600000001,0,0.0,19.68660332175926,738,0,0,0,0,0,0,0,0,0,1,0,0,0.0,1.0,1,0,10,190137.86000000036,659584.3200000003,0,0.0,8.469022395833333,134,0,0,0,0,0,0,0,0,0,0,0,1,0.0,1.0,0,0,0,1,0,0,0,0,0,0,0,0,0,0,0,0,0,1,0,0,0,0,1,0,0,0,0,0,0,0,0,0,0,0,0,0,0,0,0,0,1,0,0,0,0,1,0,0,0,0,0,0,0,0,0,0,0,0,0,0,0,0,0,0,1,0,0,0,1,0,0,0,0,0,0,0,0,0,0,0,0,0,0,0,0,0,0,0,1,0,0,0,0,0,0,0,0,0,0,0,0,3.09060565806,0.0,1.2614958604880946,1.0,0.2933211006024806,1.0,1.5634748544147967,1.0,252679.05333333337,879430.3300000001
2,0,6,186214.3899999997,659530.0600000005,0,0.0,132.63604711805556,790,0,0,0,0,0,0,0,0,0,0,1,0,0.0,1.0,1,0,10,187492.6399999997,659382.8399999999,0,0.0,128.74515564814814,787,0,0,0,0,0,0,0,0,0,1,0,0,0.0,1.0,1,0,10,187422.34999999963,659473.8200000003,0,0.0,128.74515590277778,787,0,0,0,0,0,0,0,0,0,1,0,0,0.0,1.0,1,0,6,187269.54000000004,659426.4900000002,0,0.0,1.7451672685185184,787,0,0,0,0,0,0,0,0,0,1,0,0,0.0,1.0,0,0,0,1,0,0,0,0,0,0,0,0,0,0,0,0,0,1,0,0,0,0,1,0,0,0,0,0,0,0,0,0,0,0,0,0,0,0,0,0,1,0,0,0,0,1,0,0,0,0,0,0,0,0,0,0,0,0,0,0,0,0,0,0,1,0,0,0,1,0,0,0,0,0,0,0,0,0,0,0,0,0,0,0,0,0,0,0,1,0,0,2,0,0,0,0,0,0,0,0,0,3.1059032606441974,0.0,1.3951424205588776,1.0,1.1298466536735834,1.0,0.6008449449407224,1.0,249466.30666666632,879271.0700000003
2,0,10,179211.83999999985,663036.8800000008,0,0.0,158.54543135416668,1141,0,0,0,0,0,0,1,0,0,0,0,0,0.0,1.0,2,0,10,178747.04000000004,666085.1899999995,0,0.0,96.59435496527777,1000,0,0,0,0,0,1,0,0,0,0,0,0,0.0,1.0,1,0,10,182658.25999999975,669383.8599999994,0,0.0,48.3559869212963,1366,0,0,0,0,0,0,0,0,1,0,0,0,0.0,1.0,2,0,6,182782.2999999998,668239.7599999998,0,953.0045,0.0,1295,0,0,0,0,0,1,0,0,0,0,0,0,0.0,1.0,1,0,0,1,0,0,0,0,0,0,0,0,0,0,0,0,0,1,0,0,0,0,1,0,0,0,0,0,0,0,0,0,0,0,0,0,0,0,0,0,1,0,0,0,0,1,0,0,0,0,0,0,0,0,0,0,0,0,0,0,0,0,0,0,1,0,0,0,1,0,0,0,0,0,0,0,0,0,0,0,0,0,0,0,0,0,0,0,1,0,0,0,0,0,0,0,0,0,0,0,0,1.862656262661776,1.0,1.0183737690322041,1.0,1.5121528047323725,1.0,1.15446280973252,1.0,180849.85999999987,666686.4224999999
2,0,6,181032.9000000004,657216.3499999996,0,963.02515,0.0,1295,0,0,0,0,0,1,0,0,0,0,0,0,0.0,1.0,2,0,6,181032.9000000004,657216.3499999996,0,963.02515,0.0,1295,0,0,0,0,0,1,0,0,0,0,0,0,0.0,1.0,6,5,8,182658.84999999963,657421.9000000004,0,30.20841666666667,0.0,235,1,0,0,0,0,0,0,0,0,0,0,0,0.49999999999999994,-0.8660254037844387,6,5,8,182658.84999999963,657421.9000000004,0,30.20841666666667,0.0,235,1,0,0,0,0,0,0,0,0,0,0,0,0.49999999999999994,-0.8660254037844387,0,0,0,1,0,0,0,0,0,0,0,0,0,0,0,0,0,1,0,0,0,0,1,0,0,0,0,0,0,0,0,0,0,0,0,0,0,0,0,0,1,0,0,0,0,0,1,0,0,0,0,0,0,0,0,0,1,0,0,0,0,0,0,0,0,0,0,0,0,1,0,0,0,0,0,0,0,0,0,0,1,0,0,0,0,0,0,0,0,0,0,2,2,0,0,0,0,0,0,0,0,1.7896709266201203,1.0,1.7896709266201203,1.0,1.7896709266201833,1.0,1.7896709266201833,1.0,181845.875,657319.125
1,0,6,178125.25999999978,654769.8499999996,0,963.0251,0.0,1295,0,0,0,0,0,1,0,0,0,0,0,0,0.0,1.0,1,0,6,178125.25999999978,654769.8499999996,0,963.0251,0.0,1295,0,0,0,0,0,1,0,0,0,0,0,0,0.0,1.0,1,0,6,178125.25999999978,654769.8499999996,0,963.0251,0.0,1295,0,0,0,0,0,1,0,0,0,0,0,0,0.0,1.0,1,0,6,182938.83999999985,651463.5999999996,0,963.0252166666667,0.0,1295,0,0,0,0,0,1,0,0,0,0,0,0,0.0,1.0,0,0,0,1,0,0,0,0,0,0,0,0,0,0,0,0,0,1,0,0,0,0,1,0,0,0,0,0,0,0,0,0,0,0,0,0,0,0,0,0,1,0,0,0,0,1,0,0,0,0,0,0,0,0,0,0,0,0,0,0,0,0,0,0,1,0,0,0,1,0,0,0,0,0,0,0,0,0,0,0,0,0,0,0,0,0,0,0,1,0,0,3,0,0,0,0,0,0,0,0,0,0.8304459036010368,1.0,0.8304459036010368,1.0,0.8304459036010368,1.0,2.4913377108031103,1.0,179328.6549999998,653943.2874999996
1,0,10,180135.2000000002,662368.6999999993,0,0.0,113.84235695601852,1353,0,0,0,0,0,0,0,1,0,0,0,0,0.0,1.0,1,0,10,179022.34999999963,665899.0600000005,0,0.0,64.78681299768519,1366,0,0,0,0,0,0,0,0,1,0,0,0,0.0,1.0,2,5,6,179623.3700000001,666289.7899999991,0,23.110683333333334,0.0,1000,0,0,0,0,0,1,0,0,0,0,0,0,-0.13917310096006552,-0.9902680687415703,2,5,7,182411.23000000045,662312.6300000008,0,16.677333333333333,0.0,1000,0,0,0,0,0,1,0,0,0,0,0,0,-0.6293203910498378,0.7771459614569706,1,0,0,1,0,0,0,0,0,0,0,0,0,0,0,0,0,1,0,0,0,0,1,0,0,0,0,0,0,0,0,0,0,0,0,0,0,0,0,0,1,0,0,0,1,0,0,0,0,0,0,0,0,0,0,0,0,0,0,0,0,0,1,0,0,0,0,0,0,1,0,0,0,0,0,1,0,0,0,0,0,0,0,0,0,0,0,0,0,0,0,0,0,0,0,0,0,0,0,0,0,1.1731568934615235,1.0,1.3341209637121,1.0,1.3775135678760755,1.0,1.7983194394254922,1.0,180298.0375000001,664217.5449999999
2,0,8,177947.29000000004,658711.3100000005,0,0.0,82.09380331018518,1540,0,0,0,0,0,0,0,0,1,0,0,0,0.0,1.0,2,0,10,177937.33999999985,658564.3000000007,0,0.0,82.09380363425926,1540,0,0,0,0,0,0,0,0,1,0,0,0,0.0,1.0,2,0,10,177976.3700000001,658984.2100000009,0,0.0,82.09380385416667,1540,0,0,0,0,0,0,0,0,1,0,0,0,0.0,1.0,2,5,5,178386.3700000001,659872.3599999994,0,2.0605333333333333,0.0,738,0,0,0,0,0,0,0,0,0,1,0,0,0.9902680687415703,0.1391731009600657,0,0,0,1,0,0,0,0,0,0,0,0,0,0,0,0,0,1,0,0,0,0,1,0,0,0,0,0,0,0,0,0,0,0,0,0,0,0,0,0,1,0,0,0,0,1,0,0,0,0,0,0,0,0,0,0,0,0,0,0,0,0,0,0,1,0,0,1,0,0,0,0,0,0,0,0,0,0,0,0,0,0,0,0,0,0,1,0,0,0,0,3,0,0,0,0,0,0,0,0,0,0.9822592260364976,1.0,1.3949224145616268,1.0,0.28312705303880376,1.0,2.5881571135465946,0.0,237415.79000000004,878710.7266666671
2,0,10,177395.46999999974,662145.5199999996,0,0.0,99.11560461805556,2205,0,0,0,0,1,0,0,0,0,0,0,0,0.0,1.0,2,0,10,178693.75,665885.8900000006,0,0.0,54.82847497685185,1540,0,0,0,0,0,0,0,0,1,0,0,0,0.0,1.0,1,0,9,180759.6799999997,661531.8699999992,0,0.0,23.98936619212963,1141,0,0,0,0,0,0,1,0,0,0,0,0,0.0,1.0,1,0,10,180468.24000000025,661860.9900000002,0,0.0,10.94779212962963,649,0,0,0,0,0,0,1,0,0,0,0,0,0.0,1.0,1,0,0,1,0,0,0,0,0,0,0,0,0,0,0,0,0,1,0,0,0,0,1,0,0,0,0,0,0,0,0,0,0,0,0,0,0,0,0,0,1,0,0,0,0,1,0,0,0,0,0,0,0,0,0,0,0,0,0,0,0,0,0,0,1,0,0,0,1,0,0,0,0,0,0,0,0,0,0,0,0,0,0,0,0,0,0,0,1,0,0,0,0,0,0,0,0,0,0,0,0,1.316101756481237,1.0,1.9776185789580494,1.0,1.2452029564383078,1.0,0.9661534537393905,1.0,179329.28499999992,662856.0674999999
2,0,10,177937.33999999985,658564.3000000007,0,0.0,88.80213702546297,1540,0,0,0,0,0,0,0,0,1,0,0,0,0.0,1.0,2,0,10,177976.3700000001,658984.2100000009,0,0.0,88.8021372337963,1540,0,0,0,0,0,0,0,0,1,0,0,0,0.0,1.0,2,0,6,178134.86000000034,659696.8800000008,0,0.0,6.078468020833333,1295,0,0,0,0,0,1,0,0,0,0,0,0,0.0,1.0,1,2,5,178386.1200000001,658873.3300000001,0,7.0773166666666665,0.0,1000,0,0,0,0,0,1,0,0,0,0,0,0,-0.052335956242943564,-0.9986295347545738,0,0,0,1,0,0,0,0,0,0,0,0,0,0,0,0,0,1,0,0,0,0,1,0,0,0,0,0,0,0,0,0,0,0,0,0,0,0,0,0,1,0,0,0,0,1,0,0,0,0,0,0,0,0,0,0,0,0,0,0,0,0,0,0,1,0,0,1,0,0,0,0,0,0,0,0,0,0,0,0,0,0,0,1,0,0,0,0,0,0,0,2,0,0,0,0,0,0,0,0,0,1.6775436510772421,1.0,0.473234991337809,1.0,2.258683638016036,1.0,1.0772887428914086,1.0,178108.6725000001,659029.6800000006
2,0,10,179107.7000000002,663112.9000000004,0,0.0,103.64780453703703,2205,0,0,0,0,1,0,0,0,0,0,0,0,0.0,1.0,2,0,6,177412.58000000007,662309.3499999996,0,0.0,100.65816335648148,2205,0,0,0,0,1,0,0,0,0,0,0,0,0.0,1.0,2,0,10,177419.7000000002,662364.0999999996,0,0.0,100.65816335648148,2205,0,0,0,0,1,0,0,0,0,0,0,0,0.0,1.0,1,0,6,179177.2000000002,662945.9700000007,0,893.0052,0.0,1295,0,0,0,0,0,1,0,0,0,0,0,0,0.0,1.0,1,0,0,1,0,0,0,0,0,0,0,0,0,0,0,0,0,1,0,0,0,0,1,0,0,0,0,0,0,0,0,0,0,0,0,0,0,0,0,0,1,0,0,0,0,1,0,0,0,0,0,0,0,0,0,0,0,0,0,0,0,0,0,0,1,0,0,0,1,0,0,0,0,0,0,0,0,0,0,0,0,0,0,0,0,0,0,0,1,0,0,2,0,0,0,0,0,0,0,0,0,1.5357621029643025,1.0,1.5531799458526978,1.0,1.5087695994129904,1.0,1.5395874556855624,1.0,178279.29500000016,662683.0800000001
2,0,6,177356.33999999985,661702.3200000003,0,0.0,103.42426269675926,785,0,0,0,0,0,0,0,1,0,0,0,0,0.0,1.0,1,0,6,180770.2999999998,661493.5800000001,0,0.0,25.531045127314815,1141,0,0,0,0,0,0,1,0,0,0,0,0,0.0,1.0,2,0,7,179356.41999999993,663419.3599999994,0,952.9883,0.0,2205,0,0,0,0,1,0,0,0,0,0,0,0,0.0,1.0,2,5,5,179203.3200000003,663435.7899999991,0,8.571633333333333,0.0,142,1,0,0,0,0,0,0,0,0,0,0,0,0.9902680687415704,-0.13917310096006535,1,0,0,1,0,0,0,0,0,0,0,0,0,0,0,0,0,1,0,0,0,0,1,0,0,0,0,0,0,0,0,0,0,0,0,0,0,0,0,0,1,0,0,0,0,1,0,0,0,0,0,0,0,0,0,0,0,0,0,0,0,0,0,0,1,0,0,1,0,0,0,0,0,0,0,0,0,0,0,0,0,0,0,0,1,0,0,0,0,0,0,0,0,0,0,0,0,0,0,0,0,1.8658585841437365,1.0,1.7794949024431146,1.0,0.8684184231896258,1.0,0.8668481794495974,1.0,179171.59499999997,662512.7624999997
2,0,10,177401.2000000002,662045.3599999994,0,0.0,101.13260944444444,785,0,0,0,0,0,0,0,1,0,0,0,0,0.0,1.0,2,0,6,177413.54000000004,662175.6099999994,0,0.0,101.13259788194445,785,0,0,0,0,0,0,0,1,0,0,0,0,0.0,1.0,2,0,6,177381.58999999985,662031.7899999991,0,0.0,98.36649836805556,2205,0,0,0,0,1,0,0,0,0,0,0,0,0.0,1.0,2,0,10,180244.75,664183.7100000009,0,0.0,7.953454386574074,787,0,0,0,0,0,0,0,0,0,1,0,0,0.0,1.0,1,0,0,1,0,0,0,0,0,0,0,0,0,0,0,0,0,1,0,0,0,0,1,0,0,0,0,0,0,0,0,0,0,0,0,0,0,0,0,0,1,0,0,0,0,1,0,0,0,0,0,0,0,0,0,0,0,0,0,0,0,0,0,0,1,0,0,0,1,0,0,0,0,0,0,0,0,0,0,0,0,0,0,0,0,0,0,0,1,0,0,3,0,0,0,0,0,0,0,0,0,0.8453370965954765,1.0,0.7657509744936947,1.0,0.8675431094557221,1.0,2.4751765289474688,1.0,178110.27000000002,662609.1174999997
2,0,10,178678.98000000045,665826.8399999999,0,0.0,56.41876659722222,1540,0,0,0,0,0,0,0,0,1,0,0,0,0.0,1.0,2,0,10,178678.98000000045,665826.8399999999,0,0.0,56.41876659722222,1540,0,0,0,0,0,0,0,0,1,0,0,0,0.0,1.0,1,0,10,182658.25999999975,669383.8599999994,0,0.0,48.362944837962964,1366,0,0,0,0,0,0,0,0,1,0,0,0,0.0,1.0,2,0,6,178233.41000000015,664486.7300000004,0,483.05723333333333,0.0,738,0,0,0,0,0,0,0,0,0,1,0,0,0.0,1.0,1,0,0,1,0,0,0,0,0,0,0,0,0,0,0,0,0,1,0,0,0,0,1,0,0,0,0,0,0,0,0,0,0,0,0,0,0,0,0,0,1,0,0,0,0,1,0,0,0,0,0,0,0,0,0,0,0,0,0,0,0,0,0,0,1,0,0,0,1,0,0,0,0,0,0,0,0,0,0,0,0,0,0,0,0,0,0,0,1,0,0,2,0,0,0,0,0,0,0,0,0,0.5770470902888106,1.0,0.5770470902888106,1.0,2.3863993241182713,1.0,1.2803943888681402,1.0,179562.4075000002,666381.0674999999
1,0,10,183741.01999999955,652595.0,0,0.0,89.68637145833333,738,0,0,0,0,0,0,0,0,0,1,0,0,0.0,1.0,1,0,10,183694.99000000025,652624.1099999994,0,0.0,89.72803481481482,738,0,0,0,0,0,0,0,0,0,1,0,0,0.0,1.0,2,5,5,181990.4299999997,653792.8100000005,0,30.692116666666667,0.0,1295,0,0,0,0,0,1,0,0,0,0,0,0,0.9743700647852352,-0.2249510543438648,2,5,5,180454.76999999955,653895.75,0,7.608816666666667,0.0,1295,0,0,0,0,0,1,0,0,0,0,0,0,0.9510565162951536,-0.30901699437494734,0,0,0,1,0,0,0,0,0,0,0,0,0,0,0,0,0,1,0,0,0,0,1,0,0,0,0,0,0,0,0,0,0,0,0,0,0,0,0,0,1,0,0,0,1,0,0,0,0,0,0,0,0,0,0,0,0,0,0,0,0,0,1,0,0,0,0,1,0,0,0,0,0,0,0,0,0,0,0,0,0,0,0,0,0,0,1,0,0,0,0,2,0,0,0,0,0,0,0,0,0,1.4339889657873262,1.0,1.3792577985878771,1.0,0.7497126590442248,1.0,2.145782470390466,1.0,182470.30249999976,653226.9175
2,0,10,177347.7999999998,661625.0600000005,0,0.0,103.4728990625,785,0,0,0,0,0,0,0,1,0,0,0,0,0.0,1.0,2,0,10,177347.7999999998,661625.0600000005,0,0.0,103.4728990625,785,0,0,0,0,0,0,0,1,0,0,0,0,0.0,1.0,1,0,6,179674.59999999963,663477.4800000004,0,1023.0079666666667,0.0,2205,0,0,0,0,1,0,0,0,0,0,0,0,0.0,1.0,1,0,6,180789.41999999995,661429.6300000008,0,804.6913166666667,0.0,1141,0,0,0,0,0,0,1,0,0,0,0,0,0.0,1.0,1,0,0,1,0,0,0,0,0,0,0,0,0,0,0,0,0,1,0,0,0,0,1,0,0,0,0,0,0,0,0,0,0,0,0,0,0,0,0,0,1,0,0,0,0,1,0,0,0,0,0,0,0,0,0,0,0,0,0,0,0,0,0,0,1,0,0,0,1,0,0,0,0,0,0,0,0,0,0,0,0,0,0,0,0,0,0,0,1,0,0,2,0,0,0,0,0,0,0,0,0,1.2883853471206523,1.0,1.2883853471206523,1.0,1.449882262615828,1.0,1.794987091530657,1.0,178789.9049999998,662039.3075000006
2,0,6,176768.33000000007,658079.6799999997,0,0.0,2.0368410069444445,1540,0,0,0,0,0,0,0,0,1,0,0,0,0.0,1.0,2,0,6,176526.84999999963,658196.6999999993,0,0.0,2.0785153356481483,1540,0,0,0,0,0,0,0,0,1,0,0,0,0.0,1.0,2,0,6,175881.0700000003,659144.1699999999,0,0.0,2.0785153472222224,1540,0,0,0,0,0,0,0,0,1,0,0,0,0.0,1.0,2,0,8,175870.9400000004,659360.8900000006,0,0.0,2.0785158449074075,1540,0,0,0,0,0,0,0,0,1,0,0,0,0.0,1.0,0,0,0,1,0,0,0,0,0,0,0,0,0,0,0,0,0,1,0,0,0,0,1,0,0,0,0,0,0,0,0,0,0,0,0,0,0,0,0,0,1,0,0,0,0,1,0,0,0,0,0,0,0,0,0,0,0,0,0,0,0,0,0,0,1,0,0,0,1,0,0,0,0,0,0,0,0,0,0,0,0,0,0,0,0,0,0,0,1,0,0,2,2,0,0,0,0,0,0,0,0,1.6625757807931154,1.0,1.1776441244573879,1.0,1.2273139410927922,1.0,1.6094984679877915,1.0,176261.7975000001,658695.3599999999
2,0,6,191370.46,675506.0700000003,0,0.0,1.2217917476851852,1295,0,0,0,0,0,1,0,0,0,0,0,0,0.0,1.0,2,0,6,191484.1399999997,675480.1400000006,0,1133.0461333333333,0.0,790,0,0,0,0,0,0,0,0,0,0,1,0,0.0,1.0,2,0,6,191556.61000000036,675457.2400000002,0,1133.0471833333334,0.0,790,0,0,0,0,0,0,0,0,0,0,1,0,0.0,1.0,2,5,5,191469.96,677011.6099999994,0,8.9633,0.0,1353,0,0,0,0,0,0,0,1,0,0,0,0,-0.9702957262759966,0.24192189559966742,0,0,0,1,0,0,0,0,0,0,0,0,0,0,0,0,0,1,0,0,0,0,1,0,0,0,0,0,0,0,0,0,0,0,0,0,0,0,0,0,1,0,0,0,0,1,0,0,0,0,0,0,0,0,0,0,0,0,0,0,0,0,0,0,1,0,0,1,0,0,0,0,0,0,0,0,0,0,0,0,0,0,0,0,0,0,1,0,0,0,0,3,0,0,0,0,0,0,0,0,0,1.0184391439411655,1.0,1.0527453342420865,1.0,1.139715748375945,1.0,3.1478710987869953,0.0,255293.72333333336,901151.6866666669
1,0,10,179337.13999999966,644997.9700000007,0,0.0,2.6201373032407407,1366,0,0,0,0,0,0,0,0,1,0,0,0,0.0,1.0,1,0,8,179275.6900000004,645032.3599999994,0,0.0,2.620137314814815,1366,0,0,0,0,0,0,0,0,1,0,0,0,0.0,1.0,1,5,5,181352.8799999999,643386.9700000007,0,17.630816666666668,0.0,860,0,0,0,1,0,0,0,0,0,0,0,0,0.9702957262759965,-0.24192189559966779,2,5,5,182043.96,645499.0800000001,0,3.0980666666666665,0.0,860,0,0,0,1,0,0,0,0,0,0,0,0,-0.40673664307580015,0.913545457642601,0,0,0,1,0,0,0,0,0,0,0,0,0,0,0,0,0,1,0,0,0,0,1,0,0,0,0,0,0,0,0,0,0,0,0,0,0,0,0,0,1,0,0,0,1,0,0,0,0,0,0,0,0,0,0,0,0,0,0,0,0,0,1,0,0,0,0,1,0,0,0,0,0,0,0,0,0,0,0,0,0,0,0,0,0,0,1,0,0,0,0,0,0,0,0,0,0,0,0,0,0,1.183671108687841,1.0,1.2507406226942868,1.0,1.572653313207813,1.0,1.7055318901666578,1.0,180502.41749999998,644729.0950000002
1,0,10,182329.61000000036,665960.5199999996,0,0.0,42.622329444444446,2205,0,0,0,0,1,0,0,0,0,0,0,0,0.0,1.0,2,0,6,185539.86000000036,663891.3399999999,0,893.0046333333333,0.0,1295,0,0,0,0,0,1,0,0,0,0,0,0,0.0,1.0,2,5,5,185010.99000000025,662080.3599999994,0,6.324666666666666,0.0,134,0,0,0,0,0,0,0,0,0,0,0,1,-0.9876883405951377,-0.15643446504023104,2,5,5,183956.36000000036,663416.2699999996,0,16.58795,0.0,142,1,0,0,0,0,0,0,0,0,0,0,0,0.0,1.0,0,0,0,1,0,0,0,0,0,0,0,0,0,0,0,0,0,1,0,0,0,0,1,0,0,0,0,0,0,0,0,0,0,0,0,0,0,0,0,0,1,0,0,0,0,0,1,0,0,0,0,0,1,0,0,0,0,0,0,0,0,0,0,0,0,0,0,0,0,1,0,0,0,0,0,1,0,0,0,0,0,0,0,0,0,0,0,0,0,0,0,0,0,0,0,0,0,0,0,0,0,2.164732943716302,1.0,1.0166143022678227,1.0,1.4741138543378522,1.0,0.374784646229272,1.0,184209.20500000034,663837.1224999996
2,5,7,184521.59999999963,665278.4499999993,0,31.5811,0.0,1353,0,0,0,0,0,0,0,1,0,0,0,0,0.24192189559966773,0.9702957262759965,2,5,7,185189.98000000045,665231.0199999996,0,9.3311,0.0,1353,0,0,0,0,0,0,0,1,0,0,0,0,0.24192189559966773,-0.9702957262759965,2,2,5,185181.41000000012,665265.9800000004,0,7.6647,0.0,1353,0,0,0,0,0,0,0,1,0,0,0,0,0.258819045102521,-0.9659258262890682,1,5,6,183893.83000000007,667088.1500000004,0,4.5814,0.0,1353,0,0,0,0,0,0,0,1,0,0,0,0,0.9396926207859083,0.3420201433256688,0,0,1,0,0,0,0,0,0,0,0,0,0,0,0,0,1,0,0,0,0,1,0,0,0,0,0,0,0,0,0,0,0,0,0,0,0,0,1,0,0,0,0,0,1,0,0,0,0,0,0,0,0,0,0,0,0,0,0,0,0,0,1,0,0,0,0,1,0,0,0,0,0,0,0,0,0,0,0,0,0,0,0,1,0,0,0,0,0,0,0,2,0,0,0,0,0,0,0,0,0,0.7088445581714408,1.0,1.0405416445205917,1.0,0.9948870281201313,1.0,2.391727477566594,1.0,184696.70500000007,665715.8999999999
2,0,6,180895.16000000012,657649.0199999996,0,833.0071,0.0,1295,0,0,0,0,0,1,0,0,0,0,0,0,0.0,1.0,2,0,6,177930.33999999985,658470.2899999991,0,833.0072,0.0,1295,0,0,0,0,0,1,0,0,0,0,0,0,0.0,1.0,2,0,6,180753.25999999975,657528.2400000002,0,833.0072666666666,0.0,1295,0,0,0,0,0,1,0,0,0,0,0,0,0.0,1.0,2,0,6,177967.1900000004,658911.2799999993,0,833.0072833333334,0.0,1295,0,0,0,0,0,1,0,0,0,0,0,0,0.0,1.0,0,0,0,1,0,0,0,0,0,0,0,0,0,0,0,0,0,1,0,0,0,0,1,0,0,0,0,0,0,0,0,0,0,0,0,0,0,0,0,0,1,0,0,0,0,1,0,0,0,0,0,0,0,0,0,0,0,0,0,0,0,0,0,0,1,0,0,0,1,0,0,0,0,0,0,0,0,0,0,0,0,0,0,0,0,0,0,0,1,0,0,2,0,0,0,0,0,0,0,0,0,1.57625333617179,1.0,1.483591275806327,1.0,1.4876808732720697,1.0,1.605068752136362,1.0,179386.48750000005,658139.7074999996
2,5,5,179289.25,659508.8800000008,0,19.816083333333335,0.0,860,0,0,0,1,0,0,0,0,0,0,0,0,0.08715574274765817,0.9961946980917455,2,5,5,178210.3700000001,659798.8300000001,0,19.699566666666666,0.0,860,0,0,0,1,0,0,0,0,0,0,0,0,0.7431448254773941,0.6691306063588582,2,5,5,178623.1900000004,657890.3699999992,0,15.1491,0.0,860,0,0,0,1,0,0,0,0,0,0,0,0,-0.9876883405951378,0.15643446504023067,2,5,6,178269.29000000004,657946.3699999992,0,8.432616666666666,0.0,860,0,0,0,1,0,0,0,0,0,0,0,0,0.9876883405951377,-0.15643446504023104,0,0,1,0,0,0,0,0,0,0,0,0,0,0,0,0,1,0,0,0,0,1,0,0,0,0,0,0,0,0,0,0,0,0,0,1,0,0,0,0,0,0,0,0,1,0,0,0,0,0,0,0,0,0,0,0,0,0,0,0,0,0,1,0,0,0,0,1,0,0,0,0,0,0,0,0,0,0,0,0,0,0,0,0,0,0,1,0,0,0,0,2,0,0,0,0,0,0,0,0,0,1.5348525947049978,1.0,1.6642047933486017,1.0,1.3752480447065998,1.0,1.3839944319435844,1.0,178598.02500000014,658786.1124999998
1,0,10,182329.61000000036,665960.5199999996,0,0.0,40.2473297337963,2205,0,0,0,0,1,0,0,0,0,0,0,0,0.0,1.0,2,5,5,182694.3200000003,665100.4000000004,0,5.653883333333333,0.0,649,0,0,0,0,0,0,1,0,0,0,0,0,0.27563735581699966,-0.9612616959383187,2,5,5,183439.73000000045,663337.6099999994,0,2.0038666666666667,0.0,649,0,0,0,0,0,0,1,0,0,0,0,0,-0.5000000000000001,-0.8660254037844386,2,5,5,183932.75,663142.6799999997,0,22.52145,0.0,1353,0,0,0,0,0,0,0,1,0,0,0,0,-0.052335956242943564,-0.9986295347545738,0,0,0,1,0,0,0,0,0,0,0,0,0,0,0,0,0,1,0,0,0,1,0,0,0,0,0,0,0,0,0,0,0,0,0,0,0,1,0,0,0,0,0,0,1,0,0,0,0,0,0,0,0,0,0,0,0,0,0,0,0,0,1,0,0,0,0,1,0,0,0,0,0,0,0,0,0,0,0,0,0,0,0,1,0,0,0,0,0,0,0,0,0,0,0,0,0,0,0,0,0,1.9342195641762066,1.0,0.9065978486129791,1.0,1.2154790523214285,1.0,1.650930838181177,1.0,183099.10250000027,664385.3024999998
1,0,10,182658.25999999975,669383.8599999994,0,0.0,48.60599376157408,1366,0,0,0,0,0,0,0,0,1,0,0,0,0.0,1.0,1,0,10,180774.2199999997,661479.4800000004,0,0.0,25.822718252314814,1141,0,0,0,0,0,0,1,0,0,0,0,0,0.0,1.0,2,5,5,178344.0700000003,660461.8000000007,0,13.914266666666666,0.0,860,0,0,0,1,0,0,0,0,0,0,0,0,-0.06975647374412476,0.9975640502598243,2,5,5,183356.4000000004,669901.4100000001,0,8.3476,0.0,860,0,0,0,1,0,0,0,0,0,0,0,0,-0.8090169943749473,-0.5877852522924732,1,0,0,1,0,0,0,0,0,0,0,0,0,0,0,0,0,1,0,0,0,0,1,0,0,0,0,0,0,0,0,0,0,0,0,0,0,0,0,0,1,0,0,0,1,0,0,0,0,0,0,0,0,0,0,0,0,0,0,1,0,0,0,0,0,0,0,1,0,0,0,0,0,0,0,0,0,0,0,0,0,0,0,1,0,0,0,0,0,0,0,0,0,0,0,0,0,0,0,0,0,1.3666722135077616,1.0,1.2262898881549278,1.0,1.7998535109933615,1.0,1.6010724485929975,1.0,181283.23750000005,665306.6375000002
2,5,5,183621.49000000025,652715.8800000008,0,16.72465,0.0,1353,0,0,0,0,0,0,0,1,0,0,0,0,-0.7880107536067221,-0.6156614753256581,1,5,7,182983.41000000012,651450.4499999993,0,15.941216666666667,0.0,1353,0,0,0,0,0,0,0,1,0,0,0,0,0.9612616959383189,-0.27563735581699905,2,5,5,180619.3799999999,653860.3100000005,0,10.924066666666667,0.0,1353,0,0,0,0,0,0,0,1,0,0,0,0,-0.945518575599317,0.3255681544571563,2,5,5,181880.84999999963,653502.5800000001,0,9.79115,0.0,1353,0,0,0,0,0,0,0,1,0,0,0,0,-0.2419218955996675,-0.9702957262759965,0,0,1,0,0,0,0,0,0,0,0,0,0,0,1,0,0,0,0,0,0,0,0,1,0,0,0,0,0,1,0,0,0,0,0,0,0,0,0,0,0,0,0,0,1,0,0,0,0,0,0,0,0,0,0,0,0,0,0,0,1,0,0,0,0,0,0,1,0,0,0,0,0,0,0,0,0,0,0,0,0,0,0,0,0,1,0,0,0,0,0,0,0,0,0,0,0,0,0,0,0,1.312187187002255,1.0,1.5459605950175037,1.0,1.8625832354941483,1.0,0.7121148009156224,1.0,182276.28249999997,652882.3050000002
2,5,7,187990.9500000002,666475.6099999994,0,17.62995,0.0,860,0,0,0,1,0,0,0,0,0,0,0,0,-0.9945218953682734,0.10452846326765299,1,5,5,189002.1500000004,665038.8399999999,0,6.9633666666666665,0.0,860,0,0,0,1,0,0,0,0,0,0,0,0,-0.6560590289905074,0.7547095802227719,1,5,6,188387.79000000004,666991.6500000004,0,3.0631833333333334,0.0,860,0,0,0,1,0,0,0,0,0,0,0,0,-0.9335804264972016,-0.3583679495453007,2,5,5,186702.16999999995,667594.6199999992,0,1.7132833333333333,0.0,860,0,0,0,1,0,0,0,0,0,0,0,0,-0.9743700647852351,-0.22495105434386525,0,0,1,0,0,0,0,0,0,0,0,0,0,1,0,0,0,0,0,0,0,1,0,0,0,0,0,0,0,0,0,0,0,0,0,1,0,0,0,0,0,0,0,0,1,0,0,0,0,0,0,0,0,0,0,0,0,0,0,0,0,0,1,0,0,0,0,1,0,0,0,0,0,0,0,0,0,0,0,0,0,0,0,0,0,0,1,0,0,0,0,0,0,0,0,0,0,0,0,0,0,0.0647280624497929,1.0,1.993015222583766,1.0,0.6641699510154312,1.0,1.8997595327414112,1.0,188020.76500000013,666525.1799999997
2,0,6,178693.75,665885.8900000006,0,0.0,55.95347850694444,1540,0,0,0,0,0,0,0,0,1,0,0,0,0.0,1.0,1,0,6,180789.41999999995,661429.6300000008,0,134.67573333333334,0.0,1141,0,0,0,0,0,0,1,0,0,0,0,0,0.0,1.0,17,4,5,180793.3200000003,663875.2400000002,0,14.059033333333334,0.0,785,0,0,0,0,0,0,0,1,0,0,0,0,-0.01745240643728445,0.9998476951563913,2,5,5,179774.6200000001,663748.4600000009,0,6.10905,0.0,785,0,0,0,0,0,0,0,1,0,0,0,0,0.7071067811865476,0.7071067811865476,1,0,0,1,0,0,0,0,0,0,0,0,0,0,0,0,0,1,0,0,0,0,1,0,0,0,0,0,0,0,0,0,0,0,0,0,0,0,0,0,1,0,0,0,0,0,1,0,0,0,0,0,1,0,0,0,0,0,0,0,0,0,0,0,0,0,0,1,0,0,0,0,0,0,0,0,0,0,0,0,0,0,0,0,1,0,0,0,0,0,0,0,0,0,0,0,0,0,0,0,0,2.063734284407297,1.0,1.9894696931193874,1.0,0.6486356630371842,1.0,0.19510270565850346,1.0,180012.77750000008,663734.8050000006
2,0,6,167042.24000000022,633549.8699999992,0,1023.0084166666667,0.0,2205,0,0,0,0,1,0,0,0,0,0,0,0,0.0,1.0,2,5,9,167948.41999999993,635254.6500000004,0,32.60653333333333,0.0,395,0,0,0,1,0,0,0,0,0,0,0,0,-0.8480480961564261,0.5299192642332047,2,5,9,168168.79000000004,638631.1699999999,0,31.88975,0.0,395,0,0,0,1,0,0,0,0,0,0,0,0,0.4383711467890774,0.898794046299167,2,5,5,166877.0,636073.0800000001,0,29.42343333333333,0.0,395,0,0,0,1,0,0,0,0,0,0,0,0,0.5446390350150269,-0.8386705679454242,0,0,0,1,0,0,0,0,0,0,0,0,0,0,0,0,0,1,0,0,0,0,0,1,0,0,0,0,0,0,0,0,0,0,1,0,0,0,0,0,0,0,0,0,0,0,1,0,0,0,0,0,0,0,0,0,1,0,0,0,0,0,0,0,0,0,0,0,0,1,0,0,0,0,0,0,0,0,0,0,0,1,0,0,0,0,0,0,0,0,0,0,0,0,0,0,0,0,0,0,0,1.9861996830978523,1.0,0.6375569412668547,1.0,2.3695971470692307,1.0,0.5537394308128986,1.0,167509.11250000005,635877.1924999999
2,0,8,177947.29000000004,658711.3100000005,0,0.0,88.71880334490741,1540,0,0,0,0,0,0,0,0,1,0,0,0,0.0,1.0,2,0,10,178116.9299999997,659656.1300000008,0,0.0,5.995134039351852,1295,0,0,0,0,0,1,0,0,0,0,0,0,0.0,1.0,2,5,7,181618.1799999997,656482.8000000007,0,32.34328333333333,0.0,2205,0,0,0,0,1,0,0,0,0,0,0,0,-0.6293203910498378,0.7771459614569706,2,5,5,178188.6200000001,656666.7599999998,0,17.67685,0.0,2205,0,0,0,0,1,0,0,0,0,0,0,0,-0.12186934340514774,-0.992546151641322,0,0,0,1,0,0,0,0,0,0,0,0,0,0,0,0,0,1,0,0,0,0,1,0,0,0,0,0,0,0,0,0,0,0,0,0,0,0,0,0,1,0,0,0,1,0,0,0,0,0,0,0,0,0,0,0,0,0,0,1,0,0,0,0,0,0,0,1,0,0,0,0,0,0,0,0,0,0,0,0,0,0,0,0,1,0,0,0,0,0,0,0,0,0,0,0,0,0,0,0,0,0.9140944566787987,1.0,1.3677000291615944,1.0,2.0797949839775587,1.0,1.0005641572512394,1.0,178967.7549999999,657879.2500000005
2,0,10,177334.5,661514.4299999997,0,0.0,103.3826091087963,785,0,0,0,0,0,0,0,1,0,0,0,0,0.0,1.0,2,0,10,177347.7999999998,661625.0600000005,0,0.0,103.38260913194445,785,0,0,0,0,0,0,0,1,0,0,0,0,0.0,1.0,2,0,10,177401.2000000002,662045.3599999994,0,0.0,103.38260913194445,785,0,0,0,0,0,0,0,1,0,0,0,0,0.0,1.0,2,0,6,178259.73000000045,664620.9199999999,0,353.0404833333333,0.0,738,0,0,0,0,0,0,0,0,0,1,0,0,0.0,1.0,1,0,0,1,0,0,0,0,0,0,0,0,0,0,0,0,0,1,0,0,0,0,1,0,0,0,0,0,0,0,0,0,0,0,0,0,0,0,0,0,1,0,0,0,0,1,0,0,0,0,0,0,0,0,0,0,0,0,0,0,0,0,0,0,1,0,0,0,1,0,0,0,0,0,0,0,0,0,0,0,0,0,0,0,0,0,0,0,1,0,0,3,0,0,0,0,0,0,0,0,0,1.1702374106094333,1.0,1.037362296554704,1.0,0.5380875562243537,1.0,2.7403354686558146,0.0,236781.0766666668,883268.5899999999
1,0,10,183720.41000000012,666760.4499999993,0,0.0,106.58682192129629,2205,0,0,0,0,1,0,0,0,0,0,0,0,0.0,1.0,1,0,10,183720.41000000012,666760.4499999993,0,0.0,106.62848699074074,2205,0,0,0,0,1,0,0,0,0,0,0,0,0.0,1.0,1,0,10,183720.41000000012,666760.4499999993,0,0.0,106.67015371527778,2205,0,0,0,0,1,0,0,0,0,0,0,0,0.0,1.0,1,0,10,183720.41000000012,666760.4499999993,0,0.0,106.67711163194444,2205,0,0,0,0,1,0,0,0,0,0,0,0,0.0,1.0,0,0,0,1,0,0,0,0,0,0,0,0,0,0,0,0,0,1,0,0,0,0,1,0,0,0,0,0,0,0,0,0,0,0,0,0,0,0,0,0,1,0,0,0,0,1,0,0,0,0,0,0,0,0,0,0,0,0,0,0,0,0,0,0,1,0,0,0,1,0,0,0,0,0,0,0,0,0,0,0,0,0,0,0,0,0,0,0,1,0,0,4,0,0,0,0,0,0,0,0,0,0.0,1.0,0.0,1.0,0.0,1.0,0.0,1.0,183720.41000000012,666760.4499999993
2,0,10,186290.9000000004,659876.8599999994,0,0.0,133.17770038194445,790,0,0,0,0,0,0,0,0,0,0,1,0,0.0,1.0,1,0,10,187492.6399999997,659382.8399999999,0,0.0,129.28682074074075,787,0,0,0,0,0,0,0,0,0,1,0,0,0.0,1.0,1,0,6,187667.66999999995,659861.0099999998,0,0.0,84.45346422453704,1353,0,0,0,0,0,0,0,1,0,0,0,0,0.0,1.0,2,0,8,186370.9000000004,660223.4299999997,0,1053.7052666666666,0.0,2324,0,0,0,0,1,0,0,0,0,0,0,0,0.0,1.0,0,0,0,1,0,0,0,0,0,0,0,0,0,0,0,0,0,1,0,0,0,0,1,0,0,0,0,0,0,0,0,0,0,0,0,0,0,0,0,0,1,0,0,0,0,1,0,0,0,0,0,0,0,0,0,0,0,0,0,0,0,0,0,0,1,0,0,0,1,0,0,0,0,0,0,0,0,0,0,0,0,0,0,0,0,0,0,0,1,0,0,2,0,0,0,0,0,0,0,0,0,1.4360401215400473,1.0,1.5155813642665559,1.0,1.5367538502635334,1.0,1.5124920552355785,1.0,186955.5275000001,659836.0349999997
2,5,5,186280.8099999996,674747.4299999997,0,14.648833333333334,0.0,1353,0,0,0,0,0,0,0,1,0,0,0,0,0.992546151641322,0.12186934340514749,2,5,5,182357.0599999996,676357.6899999995,0,3.8139666666666665,0.0,1353,0,0,0,0,0,0,0,1,0,0,0,0,0.3420201433256687,0.9396926207859084,2,5,6,185299.9500000002,673831.0700000003,0,3.5660333333333334,0.0,1353,0,0,0,0,0,0,0,1,0,0,0,0,-0.017452406437283192,-0.9998476951563913,2,5,5,182778.26999999955,676363.8499999996,0,3.130716666666667,0.0,1353,0,0,0,0,0,0,0,1,0,0,0,0,-0.9961946980917455,0.08715574274765789,0,0,1,0,0,0,0,0,0,0,0,0,0,0,0,0,1,0,0,0,0,1,0,0,0,0,0,0,0,0,0,0,0,0,0,0,0,0,1,0,0,0,0,0,1,0,0,0,0,0,0,0,0,0,0,0,0,0,0,0,0,0,1,0,0,0,0,1,0,0,0,0,0,0,0,0,0,0,0,0,0,0,0,1,0,0,0,0,0,0,0,0,0,0,0,0,0,0,0,0,0,1.5908995162897295,1.0,1.5285453531955278,1.0,1.3631835630560998,1.0,1.2728422717545882,1.0,184179.02249999973,675325.0099999998
1,0,6,187667.66999999995,659861.0099999998,0,0.0,83.78680069444444,1353,0,0,0,0,0,0,0,1,0,0,0,0,0.0,1.0,20,0,6,187270.0,659512.6500000004,0,0.0,1.6201687152777777,787,0,0,0,0,0,0,0,0,0,1,0,0,0.0,1.0,20,0,6,187301.4000000004,659492.1300000008,0,0.0,1.6201687268518519,787,0,0,0,0,0,0,0,0,0,1,0,0,0.0,1.0,2,0,6,186351.3200000003,660157.3000000007,0,95.10958333333333,0.0,2324,0,0,0,0,1,0,0,0,0,0,0,0,0.0,1.0,0,0,0,1,0,0,0,0,0,0,0,0,0,0,0,0,0,1,0,0,0,0,1,0,0,0,0,0,0,0,0,0,0,0,0,0,0,0,0,0,1,0,0,0,0,1,0,0,0,0,0,0,0,0,0,0,0,0,0,0,0,0,0,0,1,0,0,0,1,0,0,0,0,0,0,0,0,0,0,0,0,0,0,0,0,0,0,0,1,0,0,0,0,0,0,0,0,0,0,0,0,1.3966011043320126,1.0,0.7164351006295249,1.0,0.803369059931085,1.0,2.3472264155790885,1.0,187147.59750000015,659755.7725000004
2,0,8,175870.9400000004,659360.8900000006,0,0.0,1.7451680092592592,1540,0,0,0,0,0,0,0,0,1,0,0,0,0.0,1.0,2,0,6,176768.33000000007,658079.6799999997,0,0.0,1.7451680671296297,1540,0,0,0,0,0,0,0,0,1,0,0,0,0.0,1.0,2,0,6,176440.09999999963,658214.3300000001,0,0.0,1.7451681712962963,1540,0,0,0,0,0,0,0,0,1,0,0,0,0.0,1.0,1,5,5,176805.5700000003,658918.3300000001,0,23.343216666666667,0.0,2205,0,0,0,0,1,0,0,0,0,0,0,0,1.0,6.123233995736766e-17,0,0,0,1,0,0,0,0,0,0,0,0,0,0,0,0,0,1,0,0,0,0,1,0,0,0,0,0,0,0,0,0,0,0,0,0,0,0,0,0,1,0,0,0,0,1,0,0,0,0,0,0,0,0,0,0,0,0,0,0,0,0,0,0,1,0,0,1,0,0,0,0,0,0,0,0,0,0,0,0,0,0,0,1,0,0,0,0,0,0,0,2,0,0,0,0,0,0,0,0,0,2.085566967292323,1.0,1.4203082940781422,1.0,0.9587963014734111,1.0,0.965063194573139,1.0,176471.2350000001,658643.3075000001
2,3,5,182781.75999999975,676363.5099999998,0,30.76556666666667,0.0,2324,0,0,0,0,1,0,0,0,0,0,0,0,-0.9961946980917455,0.08715574274765789,2,5,5,185320.59999999963,674138.3800000008,0,2.0007333333333333,0.0,2324,0,0,0,0,1,0,0,0,0,0,0,0,0.03489949670250097,0.9993908270190958,2,5,9,186198.8099999996,676123.9100000001,0,42.6912,0.0,2205,0,0,0,0,1,0,0,0,0,0,0,0,-0.22495105434386498,-0.9743700647852352,2,5,5,185474.33999999985,674160.3100000005,0,3.2249,0.0,2205,0,0,0,0,1,0,0,0,0,0,0,0,-0.9510565162951536,0.30901699437494723,0,0,1,0,0,0,0,0,0,0,0,0,0,0,0,1,0,0,0,0,0,1,0,0,0,0,0,0,0,0,0,0,0,0,0,0,0,0,1,0,0,0,0,0,1,0,0,0,0,0,0,0,0,0,0,0,0,0,0,0,0,0,1,0,0,0,0,1,0,0,0,0,0,0,0,0,0,0,0,0,0,0,0,1,0,0,0,0,0,0,0,0,0,0,0,0,0,0,0,0,0,2.0979560928925975,1.0,0.959092144036125,1.0,1.3324171243517033,1.0,0.9940124307565971,1.0,184943.8774999997,675196.5275000003
1,0,6,185909.0499999998,672709.9700000007,0,0.0,35.588870219907406,2324,0,0,0,0,1,0,0,0,0,0,0,0,0.0,1.0,1,0,10,185861.98000000045,672598.8100000005,0,0.0,35.58887043981481,2324,0,0,0,0,1,0,0,0,0,0,0,0,0.0,1.0,1,0,10,185945.34999999963,672815.7400000002,0,0.0,35.588870775462965,2324,0,0,0,0,1,0,0,0,0,0,0,0,0.0,1.0,2,5,5,184238.49000000025,670938.3599999994,0,24.42125,0.0,790,0,0,0,0,0,0,0,0,0,0,1,0,0.5299192642332049,0.848048096156426,0,0,0,1,0,0,0,0,0,0,0,0,0,0,0,0,0,1,0,0,0,0,1,0,0,0,0,0,0,0,0,0,0,0,0,0,0,0,0,0,1,0,0,0,0,1,0,0,0,0,0,0,0,0,0,0,0,0,0,0,0,0,0,0,1,0,0,1,0,0,0,0,0,0,0,0,0,0,0,0,0,0,0,0,0,0,1,0,0,0,0,2,0,0,0,0,0,0,0,0,0,0.8194881947631785,1.0,0.6703365113245192,1.0,0.9578788174045699,1.0,2.443306352379373,1.0,185488.71750000003,672265.7200000002
2,0,10,179107.7000000002,663112.9000000004,0,0.0,101.0228055324074,2205,0,0,0,0,1,0,0,0,0,0,0,0,0.0,1.0,2,0,10,177386.4299999997,662058.9399999995,0,0.0,98.03316431712963,2205,0,0,0,0,1,0,0,0,0,0,0,0,0.0,1.0,2,5,5,178500.75999999978,662947.8599999994,0,23.17331666666667,0.0,2205,0,0,0,0,1,0,0,0,0,0,0,0,-0.12186934340514811,0.992546151641322,2,2,5,180903.6200000001,664848.1199999992,0,19.506733333333333,0.0,2205,0,0,0,0,1,0,0,0,0,0,0,0,-0.30901699437494773,-0.9510565162951535,1,0,0,1,0,0,0,0,0,0,0,0,0,0,0,0,0,1,0,0,0,0,1,0,0,0,0,0,0,0,0,0,0,0,0,0,0,0,0,0,1,0,0,0,1,0,0,0,0,0,0,0,0,0,0,0,0,0,0,0,0,0,1,0,0,0,0,1,0,0,0,0,0,0,0,0,0,0,0,0,0,0,0,0,0,1,0,0,0,0,0,0,0,0,0,0,0,0,0,0,0,0.16235245826710842,1.0,1.7344360979904567,1.0,0.4884498604724497,1.0,2.198403315874382,1.0,178974.62749999994,663241.9549999996
1,0,10,187498.5599999996,659374.9499999993,0,0.0,85.62014511574074,787,0,0,0,0,0,0,0,0,0,1,0,0,0.0,1.0,1,0,10,186004.1399999997,659312.2799999993,0,0.0,40.5844275,787,0,0,0,0,0,0,0,0,0,1,0,0,0.0,1.0,1,0,6,187286.83999999985,659459.1400000006,0,0.0,1.6201681597222222,787,0,0,0,0,0,0,0,0,0,1,0,0,0.0,1.0,1,0,6,187269.54000000004,659426.4900000002,0,0.0,1.6201681597222222,787,0,0,0,0,0,0,0,0,0,1,0,0,0.0,1.0,0,0,0,1,0,0,0,0,0,0,0,0,0,0,0,0,0,1,0,0,0,0,1,0,0,0,0,0,0,0,0,0,0,0,0,0,0,0,0,0,1,0,0,0,0,1,0,0,0,0,0,0,0,0,0,0,0,0,0,0,0,0,0,0,1,0,0,0,1,0,0,0,0,0,0,0,0,0,0,0,0,0,0,0,0,0,0,0,1,0,0,2,0,0,0,0,0,0,0,0,0,1.4989823167944607,1.0,3.139140256571757,0.0,0.8667627497810243,1.0,0.7955208601938611,1.0,249353.02666666638,879190.9533333331
1,5,5,185604.84999999963,665460.7699999996,0,29.493283333333334,0.0,785,0,0,0,0,0,0,0,1,0,0,0,0,-0.6819983600624984,-0.7313537016191706,2,5,6,186012.9000000004,664053.0,0,3.7592333333333334,0.0,785,0,0,0,0,0,0,0,1,0,0,0,0,0.20791169081775931,0.9781476007338057,2,5,6,185604.08999999985,663697.3599999994,0,39.94865,0.0,1353,0,0,0,0,0,0,0,1,0,0,0,0,-0.9271838545667873,-0.3746065934159123,2,5,5,186073.1299999999,664392.7699999996,0,22.131166666666665,0.0,1353,0,0,0,0,0,0,0,1,0,0,0,0,-0.20791169081775907,-0.9781476007338057,0,0,1,0,0,0,0,0,0,0,0,0,0,1,0,0,0,0,0,0,0,0,0,1,0,0,0,0,0,1,0,0,0,0,0,0,0,0,0,0,0,0,0,0,1,0,0,0,0,0,0,0,0,0,0,0,0,0,0,0,1,0,0,0,0,0,0,1,0,0,0,0,0,0,0,0,0,0,0,0,0,0,0,0,1,0,0,0,0,0,0,2,0,0,0,0,0,0,0,0,0,2.460206168672698,1.0,0.9004183886503123,1.0,1.675740242776299,1.0,0.5672675536675044,1.0,185823.74249999993,664400.9749999996
1,0,10,182134.7000000002,666640.9199999999,0,0.0,46.73594673611111,1353,0,0,0,0,0,0,0,1,0,0,0,0,0.0,1.0,2,0,5,183404.00999999975,665170.4600000009,0,22.596733333333333,0.0,2324,0,0,0,0,1,0,0,0,0,0,0,0,-0.9986295347545738,0.052335956242943946,2,5,5,183916.50999999975,663199.8499999996,0,18.313433333333332,0.0,2324,0,0,0,0,1,0,0,0,0,0,0,0,0.9396926207859084,-0.3420201433256687,2,5,6,181106.8899999997,665446.6199999992,0,6.446766666666667,0.0,2324,0,0,0,0,1,0,0,0,0,0,0,0,-0.8660254037844385,-0.5000000000000004,0,0,0,1,0,0,0,0,0,0,0,0,0,0,0,0,0,1,0,0,0,1,0,0,0,0,0,0,0,0,0,0,0,0,0,0,0,0,1,0,0,0,0,0,1,0,0,0,0,0,0,0,0,0,0,0,0,0,0,1,0,0,0,0,0,0,0,1,0,0,0,0,0,0,0,0,0,0,0,0,0,0,0,0,0,0,1,0,0,0,0,0,0,0,0,0,0,0,0,0,0,1.378287483646195,1.0,0.6561379989103548,1.0,1.9720495856344868,1.0,1.3449557046099414,1.0,182640.52749999985,665114.4624999999
1,0,6,185909.0499999998,672709.9700000007,0,0.0,35.54720177083333,2324,0,0,0,0,1,0,0,0,0,0,0,0,0.0,1.0,1,0,10,185861.98000000045,672598.8100000005,0,0.0,35.547201944444446,2324,0,0,0,0,1,0,0,0,0,0,0,0,0.0,1.0,2,5,10,184238.49000000025,670938.3599999994,0,25.254,0.0,790,0,0,0,0,0,0,0,0,0,0,1,0,0.5299192642332049,0.848048096156426,2,5,5,184315.98000000045,671054.7200000007,0,3.5704,0.0,790,0,0,0,0,0,0,0,0,0,0,1,0,0.6018150231520483,0.7986355100472928,0,0,0,1,0,0,0,0,0,0,0,0,0,0,0,0,0,1,0,0,0,0,1,0,0,0,0,0,0,0,0,0,0,0,0,0,0,0,0,0,1,0,0,0,0,0,1,0,0,0,0,0,1,0,0,0,0,0,0,0,0,0,0,0,0,0,0,1,0,0,0,0,0,0,0,0,0,0,0,0,0,0,0,0,0,0,1,0,0,0,0,2,2,0,0,0,0,0,0,0,0,1.4811945313130734,1.0,1.3435856755278826,1.0,1.4962666824160633,1.0,1.3281802452546014,1.0,185081.37500000023,671825.4650000003
2,0,7,177349.91999999993,661773.3100000005,0,0.0,100.19983163194445,2205,0,0,0,0,1,0,0,0,0,0,0,0,0.0,1.0,2,0,10,179116.7000000002,665979.1099999994,0,0.0,57.07230853009259,1141,0,0,0,0,0,0,1,0,0,0,0,0,0.0,1.0,2,0,6,178693.75,665885.8900000006,0,0.0,55.91181084490741,1540,0,0,0,0,0,0,0,0,1,0,0,0,0.0,1.0,1,5,5,178934.41000000015,663776.25,0,25.374216666666666,0.0,649,0,0,0,0,0,0,1,0,0,0,0,0,0.9455185755993168,-0.3255681544571564,1,0,0,1,0,0,0,0,0,0,0,0,0,0,0,0,0,1,0,0,0,0,1,0,0,0,0,0,0,0,0,0,0,0,0,0,0,0,0,0,1,0,0,0,0,1,0,0,0,0,0,0,0,0,0,0,0,0,0,0,0,0,0,0,1,0,0,1,0,0,0,0,0,0,0,0,0,0,0,0,0,0,0,0,0,0,1,0,0,0,0,0,0,0,0,0,0,0,0,0,0,2.338143662147554,1.0,1.4271420754597621,1.0,1.271578708234939,1.0,0.5844342770920473,1.0,178523.69500000007,664353.6400000001
1,0,10,188299.2199999997,659292.9600000009,0,0.0,159.50772488425926,738,0,0,0,0,0,0,0,0,0,1,0,0,0.0,1.0,1,0,10,188285.58999999985,659377.2899999991,0,0.0,159.50772505787037,738,0,0,0,0,0,0,0,0,0,1,0,0,0.0,1.0,1,0,10,189948.21,659628.6099999994,0,0.0,33.464912453703704,787,0,0,0,0,0,0,0,0,0,1,0,0,0.0,1.0,1,0,9,189608.8799999999,659721.5999999996,0,0.0,13.519924108796296,738,0,0,0,0,0,0,0,0,0,1,0,0,0.0,1.0,0,0,0,1,0,0,0,0,0,0,0,0,0,0,0,0,0,1,0,0,0,0,1,0,0,0,0,0,0,0,0,0,0,0,0,0,0,0,0,0,1,0,0,0,0,1,0,0,0,0,0,0,0,0,0,0,0,0,0,0,0,0,0,0,1,0,0,0,1,0,0,0,0,0,0,0,0,0,0,0,0,0,0,0,0,0,0,0,1,0,0,2,0,0,0,0,0,0,0,0,0,1.6506142389226728,1.0,1.638742714961805,1.0,1.984177454345751,1.0,1.320363285057148,1.0,189035.47499999986,659505.1149999998
1,0,10,180135.2000000002,662368.6999999993,0,0.0,105.80068868055555,1353,0,0,0,0,0,0,0,1,0,0,0,0,0.0,1.0,1,0,6,176766.50999999978,661726.2799999993,0,833.0417,0.0,790,0,0,0,0,0,0,0,0,0,0,1,0,0.0,1.0,1,5,6,177925.8200000003,663615.3900000006,0,17.02505,0.0,1295,0,0,0,0,0,1,0,0,0,0,0,0,0.5150380749100542,0.8571673007021123,2,5,8,177009.65000000037,660531.3800000008,0,12.808383333333333,0.0,1295,0,0,0,0,0,1,0,0,0,0,0,0,-0.35836794954530043,-0.9335804264972017,1,0,0,1,0,0,0,0,0,0,0,0,0,0,0,0,0,1,0,0,0,0,1,0,0,0,0,0,0,0,0,0,0,0,0,0,0,0,0,0,1,0,0,0,1,0,0,0,0,0,0,0,0,0,0,0,0,0,0,0,0,0,1,0,0,0,0,0,0,1,0,0,0,0,0,0,0,0,0,0,1,0,0,0,0,0,0,0,0,0,0,0,0,0,0,0,0,0,0,0,0,1.799569003874515,1.0,1.0143372127857841,1.0,1.2735945400215336,1.0,1.473925029148515,1.0,177959.29500000016,662060.4375
2,0,10,177395.46999999974,662145.5199999996,0,0.0,98.36560743055556,2205,0,0,0,0,1,0,0,0,0,0,0,0,0.0,1.0,1,0,9,180759.6799999997,661531.8699999992,0,0.0,23.23936900462963,1141,0,0,0,0,0,0,1,0,0,0,0,0,0.0,1.0,1,0,10,180468.24000000025,661860.9900000002,0,0.0,10.197794953703704,649,0,0,0,0,0,0,1,0,0,0,0,0,0.0,1.0,1,5,5,178864.33000000007,663583.3399999999,0,13.141316666666667,0.0,1366,0,0,0,0,0,0,0,0,1,0,0,0,0.9510565162951535,0.30901699437494745,1,0,0,1,0,0,0,0,0,0,0,0,0,0,0,0,0,1,0,0,0,0,1,0,0,0,0,0,0,0,0,0,0,0,0,0,0,0,0,0,1,0,0,0,0,1,0,0,0,0,0,0,0,0,0,0,0,0,0,0,0,0,0,0,1,0,0,1,0,0,0,0,0,0,0,0,0,0,0,0,0,0,0,0,0,0,1,0,0,0,0,0,0,0,0,0,0,0,0,0,0,1.857431076025134,1.0,1.4783682853210829,1.0,1.100556661417297,1.0,1.3110355453065476,1.0,179371.92999999993,662280.4299999997
1,0,6,179275.6900000004,645032.3599999994,0,0.0,2.3701309375,1366,0,0,0,0,0,0,0,0,1,0,0,0,0.0,1.0,1,0,6,179078.8099999996,645173.0500000007,0,0.0,2.370130949074074,1366,0,0,0,0,0,0,0,0,1,0,0,0,0.0,1.0,1,0,10,178853.0599999996,645047.1500000004,0,0.0,2.3701314814814816,1366,0,0,0,0,0,0,0,0,1,0,0,0,0.0,1.0,6,5,10,178585.41000000015,644309.9499999993,0,48.271966666666664,0.0,235,1,0,0,0,0,0,0,0,0,0,0,0,0.7986355100472927,-0.6018150231520484,0,0,0,1,0,0,0,0,0,0,0,0,0,0,0,0,0,1,0,0,0,0,1,0,0,0,0,0,0,0,0,0,0,0,0,0,0,0,0,0,1,0,0,0,0,1,0,0,0,0,0,0,0,0,0,0,0,0,0,0,0,0,0,0,1,0,0,0,0,1,0,0,0,0,0,0,0,0,0,0,1,0,0,0,0,0,0,0,0,0,0,0,0,0,0,0,0,0,0,0,0,1.1952036422781451,1.0,1.0422492215701065,1.0,0.6136422017868702,1.0,2.293613067182994,1.0,178948.24249999993,644890.6275
2,0,6,178296.5599999996,659853.6199999992,0,953.0042666666667,0.0,1295,0,0,0,0,0,1,0,0,0,0,0,0,0.0,1.0,2,0,6,180618.8200000003,657705.8399999999,0,953.0042666666667,0.0,1295,0,0,0,0,0,1,0,0,0,0,0,0,0.0,1.0,2,0,6,177947.29000000004,658711.3100000005,0,953.00445,0.0,1295,0,0,0,0,0,1,0,0,0,0,0,0,0.0,1.0,2,0,6,177956.8700000001,658813.5099999998,0,953.0045333333334,0.0,1295,0,0,0,0,0,1,0,0,0,0,0,0,0.0,1.0,0,0,0,1,0,0,0,0,0,0,0,0,0,0,0,0,0,1,0,0,0,0,1,0,0,0,0,0,0,0,0,0,0,0,0,0,0,0,0,0,1,0,0,0,0,1,0,0,0,0,0,0,0,0,0,0,0,0,0,0,0,0,0,0,1,0,0,0,1,0,0,0,0,0,0,0,0,0,0,0,0,0,0,0,0,0,0,0,1,0,0,2,0,0,0,0,0,0,0,0,0,1.2346625848641726,1.0,2.337435593994004,1.0,0.8109607351980415,1.0,0.7995101225324417,1.0,178704.885,658771.0699999998
2,5,6,182159.1399999997,666303.0500000007,0,37.0157,0.0,2324,0,0,0,0,1,0,0,0,0,0,0,0,0.788010753606722,0.6156614753256583,2,5,6,181771.3799999999,666165.0099999998,0,34.19931666666667,0.0,2324,0,0,0,0,1,0,0,0,0,0,0,0,-0.8290375725550421,0.5591929034707462,2,5,5,183214.1900000004,665183.9299999997,0,21.165816666666668,0.0,2324,0,0,0,0,1,0,0,0,0,0,0,0,-0.9975640502598243,0.06975647374412522,2,5,5,182810.1799999997,665208.5199999996,0,18.0659,0.0,2324,0,0,0,0,1,0,0,0,0,0,0,0,-0.882947592858927,-0.46947156278589075,0,0,1,0,0,0,0,0,0,0,0,0,0,0,0,0,1,0,0,0,0,1,0,0,0,0,0,0,0,0,0,0,0,0,0,0,0,0,1,0,0,0,0,0,1,0,0,0,0,0,0,0,0,0,0,0,0,0,0,0,0,0,1,0,0,0,0,1,0,0,0,0,0,0,0,0,0,0,0,0,0,0,0,1,0,0,0,0,0,0,0,0,0,0,0,0,0,0,0,0,0,1.2470908711057975,1.0,1.5667126643665081,1.0,1.6636826489816672,1.0,1.1101466356323506,1.0,182488.72249999992,665715.1275
2,0,9,192534.98000000045,673815.4399999995,0,0.0,9.578460856481481,787,0,0,0,0,0,0,0,0,0,1,0,0,0.0,1.0,2,5,5,191770.5700000003,674641.1500000004,0,30.23295,0.0,2324,0,0,0,0,1,0,0,0,0,0,0,0,0.6560590289905072,0.754709580222772,1,5,5,191063.24000000025,675260.0600000005,0,2.8661666666666665,0.0,2324,0,0,0,0,1,0,0,0,0,0,0,0,-0.8746197071393961,0.4848096202463365,2,5,5,190217.9000000004,672750.7799999993,0,2.6659,0.0,2324,0,0,0,0,1,0,0,0,0,0,0,0,-0.017452406437283192,-0.9998476951563913,0,0,0,1,0,0,0,0,0,0,0,0,0,0,0,0,0,1,0,0,0,1,0,0,0,0,0,0,0,0,0,0,0,0,0,1,0,0,0,0,0,0,0,0,1,0,0,0,0,0,0,0,0,0,0,0,0,0,0,1,0,0,0,0,0,0,0,1,0,0,0,0,0,0,0,0,0,0,0,0,0,0,0,1,0,0,0,0,0,0,0,0,0,0,0,0,0,0,0,0,0,1.3102993165392685,1.0,0.7165607953029491,1.0,1.3250956908935583,1.0,2.007778567077451,1.0,191396.67250000034,674116.8574999999
2,0,10,177363.59999999963,661768.3800000008,0,0.0,102.75760200231481,785,0,0,0,0,0,0,0,1,0,0,0,0,0.0,1.0,2,0,10,178693.75,665885.8900000006,0,0.0,55.703481655092595,1540,0,0,0,0,0,0,0,0,1,0,0,0,0.0,1.0,1,0,9,180759.6799999997,661531.8699999992,0,0.0,24.864372893518517,1141,0,0,0,0,0,0,1,0,0,0,0,0,0.0,1.0,2,5,5,182098.09999999963,667882.0600000005,0,2.5136333333333334,0.0,2324,0,0,0,0,1,0,0,0,0,0,0,0,-0.8910065241883678,-0.4539904997395469,1,0,0,1,0,0,0,0,0,0,0,0,0,0,0,0,0,1,0,0,0,0,1,0,0,0,0,0,0,0,0,0,0,0,0,0,0,0,0,0,1,0,0,0,0,1,0,0,0,0,0,0,0,0,0,0,0,0,0,0,0,0,0,0,1,0,0,1,0,0,0,0,0,0,0,0,0,0,0,0,0,0,0,0,0,0,1,0,0,0,0,0,0,0,0,0,0,0,0,0,0,1.5163216794786367,1.0,0.8468168374537084,1.0,1.2882259210834517,1.0,1.9049066545158466,1.0,179728.78249999974,664267.0500000003
2,5,5,185610.9299999997,666637.1999999993,0,17.095833333333335,0.0,860,0,0,0,1,0,0,0,0,0,0,0,0,-0.9998476951563913,-0.017452406437283498,2,5,5,187890.04000000004,665442.3699999992,0,16.94585,0.0,860,0,0,0,1,0,0,0,0,0,0,0,0,-0.9876883405951377,-0.15643446504023104,2,5,5,187446.36000000036,664529.7400000002,0,11.862583333333333,0.0,860,0,0,0,1,0,0,0,0,0,0,0,0,-0.6560590289905074,0.7547095802227719,2,5,5,189649.96,665467.3200000003,0,3.946,0.0,860,0,0,0,1,0,0,0,0,0,0,0,0,-0.29237170472273627,0.9563047559630357,0,0,1,0,0,0,0,0,0,0,0,0,0,0,0,0,1,0,0,0,0,1,0,0,0,0,0,0,0,0,0,0,0,0,0,0,0,0,1,0,0,0,0,0,1,0,0,0,0,0,0,0,0,0,0,0,0,0,0,0,0,0,1,0,0,0,0,1,0,0,0,0,0,0,0,0,0,0,0,0,0,0,0,0,0,0,1,0,0,0,0,0,0,0,0,0,0,0,0,0,0,2.1283781060632867,1.0,0.23131246769688193,1.0,0.9246522980712222,1.0,1.8321563859430605,1.0,187649.3225,665519.1574999997
2,0,6,177947.29000000004,658711.3100000005,0,963.0238333333333,0.0,1295,0,0,0,0,0,1,0,0,0,0,0,0,0.0,1.0,2,0,6,177947.29000000004,658711.3100000005,0,963.0238333333333,0.0,1295,0,0,0,0,0,1,0,0,0,0,0,0,0.0,1.0,2,0,6,177947.29000000004,658711.3100000005,0,963.0238333333333,0.0,1295,0,0,0,0,0,1,0,0,0,0,0,0,0.0,1.0,2,0,6,177947.29000000004,658711.3100000005,0,963.0238333333333,0.0,1295,0,0,0,0,0,1,0,0,0,0,0,0,0.0,1.0,0,0,0,1,0,0,0,0,0,0,0,0,0,0,0,0,0,1,0,0,0,0,1,0,0,0,0,0,0,0,0,0,0,0,0,0,0,0,0,0,1,0,0,0,0,1,0,0,0,0,0,0,0,0,0,0,0,0,0,0,0,0,0,0,1,0,0,0,1,0,0,0,0,0,0,0,0,0,0,0,0,0,0,0,0,0,0,0,1,0,0,4,0,0,0,0,0,0,0,0,0,0.0,1.0,0.0,1.0,0.0,1.0,0.0,1.0,177947.29000000004,658711.3100000005
2,0,10,177419.7000000002,662364.0999999996,0,0.0,100.40816679398148,2205,0,0,0,0,1,0,0,0,0,0,0,0,0.0,1.0,2,0,6,177412.58000000007,662309.3499999996,0,0.0,100.40816679398148,2205,0,0,0,0,1,0,0,0,0,0,0,0,0.0,1.0,2,0,7,177349.91999999993,661773.3100000005,0,0.0,100.40816679398148,2205,0,0,0,0,1,0,0,0,0,0,0,0,0.0,1.0,1,0,10,179116.38999999966,665972.2300000004,0,0.0,56.37148855324074,2205,0,0,0,0,1,0,0,0,0,0,0,0,0.0,1.0,1,0,0,1,0,0,0,0,0,0,0,0,0,0,0,0,0,1,0,0,0,0,1,0,0,0,0,0,0,0,0,0,0,0,0,0,0,0,0,0,1,0,0,0,0,1,0,0,0,0,0,0,0,0,0,0,0,0,0,0,0,0,0,0,1,0,0,0,1,0,0,0,0,0,0,0,0,0,0,0,0,0,0,0,0,0,0,0,1,0,0,3,0,0,0,0,0,0,0,0,0,0.6982449424491163,1.0,0.7409922095406851,1.0,1.1692585421139912,1.0,2.601501665237746,0.0,237099.52999999994,884139.6633333334
2,0,10,178618.1799999997,665686.4600000009,0,0.0,55.87014417824074,1540,0,0,0,0,0,0,0,0,1,0,0,0,0.0,1.0,1,0,6,179719.23000000045,665936.1300000008,0,0.0,12.828500659722222,1366,0,0,0,0,0,0,0,0,1,0,0,0,0.0,1.0,2,5,5,179724.86000000034,661451.1699999999,0,22.524283333333333,0.0,1141,0,0,0,0,0,0,1,0,0,0,0,0,0.15643446504023087,0.9876883405951378,1,0,6,180789.41999999995,661429.6300000008,0,14.674183333333334,0.0,1141,0,0,0,0,0,0,1,0,0,0,0,0,0.0,1.0,1,0,0,1,0,0,0,0,0,0,0,0,0,0,0,0,0,1,0,0,0,0,1,0,0,0,0,0,0,0,0,0,0,0,0,0,0,0,0,0,1,0,0,0,1,0,0,0,0,0,0,0,0,0,0,0,0,0,0,0,0,0,1,0,0,0,0,0,1,0,0,0,0,0,0,0,0,0,0,0,0,0,0,0,0,0,0,0,1,0,0,0,0,0,0,0,0,0,0,0,0,1.5792919945032398,1.0,1.5636759230731845,1.0,1.4719106455937,1.0,1.655431314196122,1.0,179712.9225000001,663625.8475000006
2,5,5,186940.16999999995,664024.7699999996,0,18.266283333333334,0.0,1353,0,0,0,0,0,0,0,1,0,0,0,0,0.12186934340514755,-0.992546151641322,6,5,5,190857.84999999963,666168.0299999993,0,17.082766666666668,0.0,1353,0,0,0,0,0,0,0,1,0,0,0,0,0.15643446504023087,0.9876883405951378,2,5,7,187911.25,667627.5299999993,0,10.665866666666666,0.0,1353,0,0,0,0,0,0,0,1,0,0,0,0,-0.4848096202463369,0.8746197071393959,1,5,5,187302.5,666275.9499999993,0,8.215983333333334,0.0,1353,0,0,0,0,0,0,0,1,0,0,0,0,-0.15643446504023073,-0.9876883405951378,0,0,1,0,0,0,0,0,0,0,0,0,0,0,0,0,1,0,0,0,0,1,0,0,0,0,0,0,0,0,0,0,0,0,0,0,1,0,0,0,0,0,0,0,1,0,0,0,0,0,0,0,0,0,0,0,0,0,0,1,0,0,0,0,0,0,0,1,0,0,0,0,0,0,0,0,0,0,0,0,0,0,0,0,0,0,1,0,0,0,0,0,0,0,0,0,0,0,0,0,0,1.6884651419853198,1.0,1.841733871174281,1.0,1.1573744474861027,1.0,0.6941242245898072,1.0,188252.9424999999,666024.0699999994
2,0,10,186260.91999999995,659751.1099999994,0,0.0,131.5527140625,790,0,0,0,0,0,0,0,0,0,0,1,0,0.0,1.0,2,0,10,186205.24000000025,659506.6899999995,0,0.0,131.55269090277778,790,0,0,0,0,0,0,0,0,0,0,1,0,0.0,1.0,1,0,10,187492.6399999997,659382.8399999999,0,0.0,84.66181127314815,787,0,0,0,0,0,0,0,0,0,1,0,0,0.0,1.0,1,0,10,187687.1200000001,659857.8300000001,0,0.0,82.82846637731481,1353,0,0,0,0,0,0,0,1,0,0,0,0,0.0,1.0,0,0,0,1,0,0,0,0,0,0,0,0,0,0,0,0,0,1,0,0,0,0,1,0,0,0,0,0,0,0,0,0,0,0,0,0,0,0,0,0,1,0,0,0,0,1,0,0,0,0,0,0,0,0,0,0,0,0,0,0,0,0,0,0,1,0,0,0,1,0,0,0,0,0,0,0,0,0,0,0,0,0,0,0,0,0,0,0,1,0,0,2,0,0,0,0,0,0,0,0,0,1.5216724624535243,1.0,1.6439924063570766,1.0,1.4452230850828987,1.0,1.8596429868824846,1.0,186911.48,659624.6174999997
2,5,6,184692.6399999997,666651.3200000003,0,19.559316666666668,0.0,785,0,0,0,0,0,0,0,1,0,0,0,0,0.9781476007338056,0.20791169081775945,2,5,5,184284.5700000003,666550.9499999993,0,6.692683333333333,0.0,785,0,0,0,0,0,0,0,1,0,0,0,0,0.9271838545667874,0.37460659341591196,2,5,5,185186.3700000001,665280.1500000004,0,5.9766,0.0,785,0,0,0,0,0,0,0,1,0,0,0,0,-0.19080899537654467,0.981627183447664,1,5,5,184285.46,667489.3200000003,0,10.263133333333334,0.0,1353,0,0,0,0,0,0,0,1,0,0,0,0,0.9781476007338056,0.20791169081775945,0,0,1,0,0,0,0,0,0,0,0,0,0,1,0,0,0,0,0,0,0,1,0,0,0,0,0,0,0,0,0,0,0,0,0,0,0,0,1,0,0,0,0,0,1,0,0,0,0,0,0,0,0,0,0,0,0,0,0,1,0,0,0,0,0,0,0,1,0,0,0,0,0,0,0,0,0,0,0,0,0,0,0,1,0,0,0,0,0,0,0,2,0,0,0,0,0,0,0,0,0,0.3061762151456087,1.0,0.5736659571677593,1.0,2.3130478772605128,1.0,1.807622732482587,1.0,184612.26,666492.935
2,5,7,188982.21,666011.6600000001,0,37.199133333333336,0.0,1366,0,0,0,0,0,0,0,0,1,0,0,0,0.29237170472273705,-0.9563047559630354,1,5,5,186945.5599999996,667548.4600000009,0,27.649016666666668,0.0,1366,0,0,0,0,0,0,0,0,1,0,0,0,-0.4694715627858908,0.882947592858927,2,5,5,187005.9400000004,667213.1099999994,0,20.492433333333334,0.0,738,0,0,0,0,0,0,0,0,0,1,0,0,0.32556815445715703,-0.9455185755993167,6,5,6,190889.2999999998,666946.9199999999,0,6.292033333333333,0.0,738,0,0,0,0,0,0,0,0,0,1,0,0,-0.10452846326765342,0.9945218953682733,0,0,1,0,0,0,0,0,0,0,0,0,0,0,0,0,1,0,0,0,0,1,0,0,0,0,0,0,0,0,0,0,0,0,0,0,0,1,0,0,0,0,0,0,1,0,0,0,0,0,0,0,0,0,0,0,0,0,0,1,0,0,0,0,0,0,0,1,0,0,0,0,0,0,0,0,0,0,0,0,0,0,0,1,0,0,0,0,0,0,0,0,0,0,0,0,0,0,0,0,0,0.9632322132614412,1.0,1.4849320731377045,1.0,1.3441463264747866,1.0,2.2144244283769052,1.0,188455.75249999994,666930.0375000001
1,0,6,185909.0499999998,672709.9700000007,0,0.0,42.08887244212963,2324,0,0,0,0,1,0,0,0,0,0,0,0,0.0,1.0,1,0,6,184364.5599999996,672116.1099999994,0,772.9945833333334,0.0,790,0,0,0,0,0,0,0,0,0,0,1,0,0.0,1.0,2,5,5,184791.7000000002,672176.1500000004,0,5.078083333333334,0.0,2205,0,0,0,0,1,0,0,0,0,0,0,0,-0.35836794954530043,-0.9335804264972017,2,5,5,184117.9500000002,670792.4399999995,0,8.893216666666667,0.0,1295,0,0,0,0,0,1,0,0,0,0,0,0,-0.5735764363510458,-0.819152044288992,0,0,0,1,0,0,0,0,0,0,0,0,0,0,0,0,0,1,0,0,0,0,1,0,0,0,0,0,0,0,0,0,0,0,0,0,0,0,0,0,1,0,0,0,1,0,0,0,0,0,0,0,0,0,0,0,0,0,0,0,1,0,0,0,0,0,0,1,0,0,0,0,0,0,0,0,0,0,0,0,0,0,0,0,1,0,0,0,0,0,0,0,0,0,0,0,0,0,0,0,0,1.936502698090236,1.0,0.6642657397923623,1.0,0.3266900261734098,1.0,1.924482156490198,1.0,184795.81499999994,671948.6675
2,0,6,191566.1299999999,675454.4299999997,0,1193.0493666666666,0.0,790,0,0,0,0,0,0,0,0,0,0,1,0,0.0,1.0,2,5,7,191033.03000000023,677107.5199999996,0,18.666716666666666,0.0,1540,0,0,0,0,0,0,0,0,1,0,0,0,0.9659258262890683,-0.25881904510252085,2,5,5,189818.0700000003,677546.0399999991,0,11.767583333333333,0.0,1540,0,0,0,0,0,0,0,0,1,0,0,0,0.9945218953682733,0.10452846326765346,2,5,5,191268.16000000012,677015.8100000005,0,8.866033333333334,0.0,1540,0,0,0,0,0,0,0,0,1,0,0,0,0.20791169081775931,0.9781476007338057,0,0,0,1,0,0,0,0,0,0,0,0,0,0,0,0,0,1,0,0,0,1,0,0,0,0,0,0,0,0,0,0,0,0,0,0,0,0,1,0,0,0,0,0,1,0,0,0,0,0,0,0,0,0,0,0,0,0,0,1,0,0,0,0,0,0,0,1,0,0,0,0,0,0,0,0,0,0,0,0,0,0,0,0,0,0,1,0,0,0,0,2,0,0,0,0,0,0,0,0,0,2.0259253270466626,1.0,0.4740759889734598,1.0,1.8441729319056053,1.0,0.5753284995823181,1.0,190921.34750000015,676780.9499999997
2,0,10,180636.83000000007,664833.2699999996,0,0.0,58.32848234953704,2205,0,0,0,0,1,0,0,0,0,0,0,0,0.0,1.0,2,5,5,178798.73000000045,666781.8399999999,0,7.147883333333334,0.0,1540,0,0,0,0,0,0,0,0,1,0,0,0,0.3090169943749474,0.9510565162951535,2,5,5,183608.79000000004,668199.5899999999,0,6.09795,0.0,1540,0,0,0,0,0,0,0,0,1,0,0,0,0.9743700647852352,0.22495105434386492,2,5,5,183590.16000000012,670089.2699999996,0,1.7145833333333333,0.0,1540,0,0,0,0,0,0,0,0,1,0,0,0,-0.19080899537654467,0.981627183447664,1,0,0,1,0,0,0,0,0,0,0,0,0,0,0,0,0,1,0,0,0,1,0,0,0,0,0,0,0,0,0,0,0,0,0,0,0,0,1,0,0,0,0,0,1,0,0,0,0,0,0,0,0,0,0,0,0,0,0,0,0,1,0,0,0,0,0,1,0,0,0,0,0,0,0,0,0,0,0,0,0,0,0,0,0,0,1,0,0,0,0,0,0,0,0,0,0,0,0,0,0,1.42685099809726,1.0,1.4820200188973756,1.0,1.047498183383642,1.0,1.636463214720203,1.0,181658.62750000018,667475.9924999997
1,0,10,182134.7000000002,666640.9199999999,0,0.0,44.77760828703704,1353,0,0,0,0,0,0,0,1,0,0,0,0,0.0,1.0,1,0,10,182281.0499999998,666002.6300000008,0,0.0,39.99733064814815,2205,0,0,0,0,1,0,0,0,0,0,0,0,0.0,1.0,2,5,7,183515.5499999998,665633.7899999991,0,13.222933333333334,0.0,2205,0,0,0,0,1,0,0,0,0,0,0,0,-0.9816271834476641,0.19080899537654425,1,5,5,182126.41000000012,665280.75,0,6.656116666666667,0.0,2205,0,0,0,0,1,0,0,0,0,0,0,0,-0.9986295347545738,0.052335956242943946,0,0,0,1,0,0,0,0,0,0,0,0,0,0,0,0,0,1,0,0,0,0,1,0,0,0,0,0,0,0,0,0,0,0,0,0,0,0,0,0,1,0,0,0,1,0,0,0,0,0,0,0,0,0,0,0,0,0,0,0,0,0,1,0,0,0,0,1,0,0,0,0,0,0,0,0,0,0,0,0,0,0,0,1,0,0,0,0,0,0,0,0,0,0,0,0,0,0,0,0,0,1.552457645285188,1.0,0.4782266329495089,1.0,1.90534717216688,1.0,1.331210661193061,1.0,182514.4275,665889.5225
2,0,10,177321.38999999966,661428.4299999997,0,0.0,102.96593075231482,785,0,0,0,0,0,0,0,1,0,0,0,0,0.0,1.0,2,0,10,177366.4400000004,661908.0899999999,0,0.0,100.19983121527778,2205,0,0,0,0,1,0,0,0,0,0,0,0,0.0,1.0,2,0,10,178909.51999999955,666038.7699999996,0,0.0,96.09436820601852,1000,0,0,0,0,0,1,0,0,0,0,0,0,0.0,1.0,2,0,10,179045.6900000004,665999.7799999993,0,0.0,96.09436824074074,1000,0,0,0,0,0,1,0,0,0,0,0,0,0.0,1.0,1,0,0,1,0,0,0,0,0,0,0,0,0,0,0,0,0,1,0,0,0,0,1,0,0,0,0,0,0,0,0,0,0,0,0,0,0,0,0,0,1,0,0,0,0,1,0,0,0,0,0,0,0,0,0,0,0,0,0,0,0,0,0,0,1,0,0,0,1,0,0,0,0,0,0,0,0,0,0,0,0,0,0,0,0,0,0,0,1,0,0,2,2,0,0,0,0,0,0,0,0,1.7043631188375556,1.0,1.3946140005193504,1.0,1.5458388926982325,1.0,1.553409686710649,1.0,178160.76,663843.7674999996
2,5,9,184271.9000000004,667445.6799999997,0,34.56965,0.0,2324,0,0,0,0,1,0,0,0,0,0,0,0,0.9455185755993167,0.32556815445715676,1,5,7,185108.78000000023,664835.6600000001,0,32.26983333333333,0.0,2324,0,0,0,0,1,0,0,0,0,0,0,0,0.9612616959383189,-0.27563735581699905,1,5,5,184010.1399999997,664947.3800000008,0,10.35295,0.0,2324,0,0,0,0,1,0,0,0,0,0,0,0,-0.9816271834476641,0.19080899537654425,2,5,5,185149.2199999997,665545.7699999996,0,3.6196166666666665,0.0,2324,0,0,0,0,1,0,0,0,0,0,0,0,-0.17364817766693127,0.9848077530122079,0,0,1,0,0,0,0,0,0,0,0,0,0,0,0,0,1,0,0,0,0,1,0,0,0,0,0,0,0,0,0,0,0,0,0,0,0,1,0,0,0,0,0,0,1,0,0,0,0,0,0,0,0,0,0,0,0,0,0,0,1,0,0,0,0,0,0,1,0,0,0,0,0,0,0,0,0,0,0,0,0,0,0,0,0,0,1,0,0,0,0,0,0,0,0,0,0,0,0,0,0,2.3091282545232623,1.0,1.2648217825765453,1.0,1.2560896627749962,1.0,0.6904898015044344,1.0,184635.01,665693.6225
1,0,10,182281.0499999998,666002.6300000008,0,0.0,42.33068013888889,2205,0,0,0,0,1,0,0,0,0,0,0,0,0.0,1.0,1,5,5,182991.79000000004,666568.1500000004,0,26.680083333333332,0.0,1366,0,0,0,0,0,0,0,0,1,0,0,0,0.4226182617406995,-0.9063077870366499,1,5,5,183027.28000000023,666485.0700000003,0,25.329533333333334,0.0,1366,0,0,0,0,0,0,0,0,1,0,0,0,0.4226182617406995,-0.9063077870366499,2,5,8,181449.9500000002,666297.5299999993,0,24.96355,0.0,1366,0,0,0,0,0,0,0,0,1,0,0,0,-0.8480480961564261,0.5299192642332047,0,0,0,1,0,0,0,0,0,0,0,0,0,0,0,0,0,1,0,0,0,1,0,0,0,0,0,0,0,0,0,0,0,0,0,1,0,0,0,0,0,0,0,0,1,0,0,0,0,0,0,0,0,0,0,0,0,0,0,1,0,0,0,0,0,0,0,1,0,0,0,0,0,0,0,0,0,0,0,0,0,0,0,0,1,0,0,0,0,0,0,2,0,0,0,0,0,0,0,0,0,0.8609647861121509,1.0,1.3947546725128757,1.0,1.412691637267898,1.0,2.297559967008594,1.0,182437.51750000007,666338.3450000002
2,5,5,189523.66000000012,665956.8300000001,0,23.275033333333333,0.0,1295,0,0,0,0,0,1,0,0,0,0,0,0,-0.22495105434386534,0.9743700647852351,6,5,5,190582.59999999963,667580.6099999994,0,11.3747,0.0,1295,0,0,0,0,0,1,0,0,0,0,0,0,-0.5150380749100545,0.8571673007021121,2,5,7,188076.4500000002,668823.8699999992,0,9.408533333333333,0.0,1295,0,0,0,0,0,1,0,0,0,0,0,0,-0.8910065241883678,-0.4539904997395469,1,5,5,187295.5599999996,666231.5099999998,0,5.87475,0.0,1295,0,0,0,0,0,1,0,0,0,0,0,0,0.12186934340514748,0.992546151641322,0,0,1,0,0,0,0,0,0,0,0,0,0,0,1,0,0,0,0,0,0,1,0,0,0,0,0,0,0,0,0,0,0,0,0,0,0,0,1,0,0,0,0,0,1,0,0,0,0,0,0,0,0,0,0,0,0,0,0,1,0,0,0,0,0,0,0,1,0,0,0,0,0,0,0,0,0,0,0,0,0,0,0,0,1,0,0,0,0,0,0,0,0,0,0,0,0,0,0,0,0,1.1242466583013413,1.0,1.4614427464445687,1.0,1.5335079502635032,1.0,1.506712279650519,1.0,188869.5674999999,667148.2049999996
1,0,10,181954.53000000023,664345.2400000002,0,0.0,45.210456666666666,790,0,0,0,0,0,0,0,0,0,0,1,0,0.0,1.0,1,0,10,181954.53000000023,664345.2400000002,0,0.0,45.4118334375,790,0,0,0,0,0,0,0,0,0,0,1,0,0.0,1.0,2,5,5,183124.2199999997,665132.0399999991,0,15.928466666666667,0.0,860,0,0,0,1,0,0,0,0,0,0,0,0,0.224951054343865,0.9743700647852352,2,5,5,181515.75999999975,664019.4399999995,0,8.91175,0.0,860,0,0,0,1,0,0,0,0,0,0,0,0,-0.06975647374412476,0.9975640502598243,0,0,0,1,0,0,0,0,0,0,0,0,0,0,0,0,0,1,0,0,0,0,1,0,0,0,0,0,0,0,0,0,0,0,0,0,0,0,0,0,1,0,0,0,1,0,0,0,0,0,0,0,0,0,0,0,0,0,0,0,0,0,1,0,0,0,0,1,0,0,0,0,0,0,0,0,0,0,0,0,0,0,0,0,0,0,1,0,0,0,0,2,0,0,0,0,0,0,0,0,0,0.4289837612323293,1.0,0.4289837612323293,1.0,2.370428538698647,1.0,1.513273504825808,1.0,182137.25999999998,664460.4899999998
2,0,9,192534.98000000045,673815.4399999995,0,0.0,10.293743680555556,787,0,0,0,0,0,0,0,0,0,1,0,0,0.0,1.0,2,0,9,192534.98000000045,673815.4399999995,0,0.0,10.293743680555556,787,0,0,0,0,0,0,0,0,0,1,0,0,0.0,1.0,2,0,9,192534.98000000045,673815.4399999995,0,0.0,10.293743680555556,787,0,0,0,0,0,0,0,0,0,1,0,0,0.0,1.0,2,0,9,192534.98000000045,673815.4399999995,0,0.0,10.293743680555556,787,0,0,0,0,0,0,0,0,0,1,0,0,0.0,1.0,0,0,0,1,0,0,0,0,0,0,0,0,0,0,0,0,0,1,0,0,0,0,1,0,0,0,0,0,0,0,0,0,0,0,0,0,0,0,0,0,1,0,0,0,0,1,0,0,0,0,0,0,0,0,0,0,0,0,0,0,0,0,0,0,1,0,0,0,1,0,0,0,0,0,0,0,0,0,0,0,0,0,0,0,0,0,0,0,1,0,0,4,0,0,0,0,0,0,0,0,0,0.0,1.0,0.0,1.0,0.0,1.0,0.0,1.0,192534.98000000045,673815.4399999995
2,0,10,177321.38999999966,661428.4299999997,0,0.0,103.75760438657407,785,0,0,0,0,0,0,0,1,0,0,0,0,0.0,1.0,2,0,10,177366.4400000004,661908.0899999999,0,0.0,100.99150487268518,2205,0,0,0,0,1,0,0,0,0,0,0,0,0.0,1.0,2,0,10,178909.51999999955,666038.7699999996,0,0.0,96.88604185185186,1000,0,0,0,0,0,1,0,0,0,0,0,0,0.0,1.0,2,5,6,180659.73000000045,667398.4600000009,0,32.0837,0.0,2324,0,0,0,0,1,0,0,0,0,0,0,0,0.13917310096006574,-0.9902680687415703,1,0,0,1,0,0,0,0,0,0,0,0,0,0,0,0,0,1,0,0,0,0,1,0,0,0,0,0,0,0,0,0,0,0,0,0,0,0,0,0,1,0,0,0,0,1,0,0,0,0,0,0,0,0,0,0,0,0,0,0,0,0,0,0,1,0,0,1,0,0,0,0,0,0,0,0,0,0,0,0,0,0,0,0,1,0,0,0,0,0,0,2,0,0,0,0,0,0,0,0,0,1.5370860795256704,1.0,1.3082754755084374,1.0,0.9518876235973596,1.0,1.9415708794998738,1.0,178564.27000000002,664193.4375
1,0,10,182329.61000000036,665960.5199999996,0,0.0,42.289002974537034,2205,0,0,0,0,1,0,0,0,0,0,0,0,0.0,1.0,2,5,7,183269.08000000007,667079.5299999993,0,30.916983333333334,0.0,1353,0,0,0,0,0,0,0,1,0,0,0,0,-0.5735764363510458,-0.819152044288992,2,5,5,185526.9400000004,663867.5399999991,0,17.467016666666666,0.0,1353,0,0,0,0,0,0,0,1,0,0,0,0,-0.08715574274765794,-0.9961946980917455,2,5,6,183355.98000000045,663019.4399999995,0,24.881016666666667,0.0,1540,0,0,0,0,0,0,0,0,1,0,0,0,-0.9998476951563913,0.01745240643728313,0,0,0,1,0,0,0,0,0,0,0,0,0,0,0,0,0,1,0,0,0,1,0,0,0,0,0,0,0,0,0,0,0,0,0,1,0,0,0,0,0,0,0,0,1,0,0,0,0,0,0,0,0,0,0,0,0,0,0,0,0,0,1,0,0,0,0,1,0,0,0,0,0,0,0,0,0,0,0,0,0,0,0,0,0,0,1,0,0,0,0,0,0,0,0,0,0,0,0,0,0,1.1618995827333007,1.0,1.5256033506595486,1.0,1.5838891488817168,1.0,1.4202127941043203,1.0,183620.40250000032,664981.7574999994
2,0,10,179177.2000000002,662945.9700000007,0,0.0,152.95966619212962,1141,0,0,0,0,0,0,1,0,0,0,0,0,0.0,1.0,2,0,10,179075.4500000002,663147.9499999993,0,0.0,101.10613611111111,2205,0,0,0,0,1,0,0,0,0,0,0,0,0.0,1.0,2,0,10,179107.7000000002,663112.9000000004,0,0.0,101.10613612268519,2205,0,0,0,0,1,0,0,0,0,0,0,0,0.0,1.0,2,0,10,177386.4299999997,662058.9399999995,0,0.0,98.11649491898149,2205,0,0,0,0,1,0,0,0,0,0,0,0,0.0,1.0,1,0,0,1,0,0,0,0,0,0,0,0,0,0,0,0,0,1,0,0,0,0,1,0,0,0,0,0,0,0,0,0,0,0,0,0,0,0,0,0,1,0,0,0,0,1,0,0,0,0,0,0,0,0,0,0,0,0,0,0,0,0,0,0,1,0,0,0,1,0,0,0,0,0,0,0,0,0,0,0,0,0,0,0,0,0,0,0,1,0,0,0,0,0,0,0,0,0,0,0,0,0.8486729386061304,1.0,0.8546796584069244,1.0,0.8613729189790909,1.0,2.5173547830368235,0.0,238248.92666666675,883755.2533333333
1,0,6,185909.0499999998,672709.9700000007,0,0.0,42.00554537037037,2324,0,0,0,0,1,0,0,0,0,0,0,0,0.0,1.0,1,0,10,185861.98000000045,672598.8100000005,0,0.0,42.00554561342592,2324,0,0,0,0,1,0,0,0,0,0,0,0,0.0,1.0,1,5,5,183193.7199999997,671018.4900000002,0,3.60895,0.0,2205,0,0,0,0,1,0,0,0,0,0,0,0,-0.9998476951563913,0.01745240643728313,1,5,5,183462.2999999998,671001.4000000004,0,2.1093,0.0,2205,0,0,0,0,1,0,0,0,0,0,0,0,-0.9986295347545738,0.052335956242943946,0,0,0,1,0,0,0,0,0,0,0,0,0,0,0,0,0,1,0,0,0,0,1,0,0,0,0,0,0,0,0,0,0,0,0,0,0,0,0,0,1,0,0,0,1,0,0,0,0,0,0,0,0,0,0,0,0,0,0,0,0,0,1,0,0,0,0,1,0,0,0,0,0,0,0,0,0,0,0,0,0,0,0,1,0,0,0,0,0,0,0,2,0,0,0,0,0,0,0,0,0,1.4917672874265184,1.0,1.397078960294825,1.0,1.5488201359936338,1.0,1.343300081282644,1.0,184606.76249999995,671832.1675000004
2,0,6,177426.34999999963,662419.4100000001,0,0.0,100.32483675925926,2205,0,0,0,0,1,0,0,0,0,0,0,0,0.0,1.0,2,0,10,179045.6900000004,665999.7799999993,0,0.0,96.21937377314815,1000,0,0,0,0,0,1,0,0,0,0,0,0,0.0,1.0,2,5,5,177974.25999999978,662363.4499999993,0,27.048266666666667,0.0,1540,0,0,0,0,0,0,0,0,1,0,0,0,0.06975647374412552,-0.9975640502598242,2,5,6,179923.88999999966,663525.1099999994,0,19.514883333333334,0.0,1540,0,0,0,0,0,0,0,0,1,0,0,0,-0.4067366430757998,-0.9135454576426011,1,0,0,1,0,0,0,0,0,0,0,0,0,0,0,0,0,1,0,0,0,0,1,0,0,0,0,0,0,0,0,0,0,0,0,0,0,0,0,0,1,0,0,0,1,0,0,0,0,0,0,0,0,0,0,0,0,0,0,0,0,1,0,0,0,0,0,1,0,0,0,0,0,0,0,0,0,0,0,0,0,0,0,0,0,0,1,0,0,0,0,0,0,0,0,0,0,0,0,0,0,1.3479804437820375,1.0,2.022097016075807,1.0,1.1172826362257058,1.0,1.0930233968050245,1.0,178592.54749999987,663576.9374999995
1,0,10,179116.38999999966,665972.2300000004,0,0.0,56.6701090625,2205,0,0,0,0,1,0,0,0,0,0,0,0,0.0,1.0,1,0,10,179116.38999999966,665972.2300000004,0,0.0,56.6701090625,2205,0,0,0,0,1,0,0,0,0,0,0,0,0.0,1.0,2,0,6,180321.3200000003,662385.4100000001,0,603.05705,0.0,1540,0,0,0,0,0,0,0,0,1,0,0,0,0.0,1.0,1,0,6,178212.4500000002,664417.0500000007,0,483.05705,0.0,738,0,0,0,0,0,0,0,0,0,1,0,0,0.0,1.0,1,0,0,1,0,0,0,0,0,0,0,0,0,0,0,0,0,1,0,0,0,0,1,0,0,0,0,0,0,0,0,0,0,0,0,0,0,0,0,0,1,0,0,0,0,1,0,0,0,0,0,0,0,0,0,0,0,0,0,0,0,0,0,0,1,0,0,0,1,0,0,0,0,0,0,0,0,0,0,0,0,0,0,0,0,0,0,0,1,0,0,2,0,0,0,0,0,0,0,0,0,1.1590707111850105,1.0,1.1590707111850105,1.0,2.3075564358195595,1.0,0.9141914755146522,1.0,179191.63749999995,664686.7300000004
2,0,10,178678.98000000045,665826.8399999999,0,0.0,53.995143472222225,1540,0,0,0,0,0,0,0,0,1,0,0,0,0.0,1.0,1,5,5,178215.25,663124.9199999999,0,11.589933333333333,0.0,1353,0,0,0,0,0,0,0,1,0,0,0,0,0.766044443118978,-0.6427876096865394,2,5,5,179752.91000000015,667721.3699999992,0,5.089933333333334,0.0,1353,0,0,0,0,0,0,0,1,0,0,0,0,0.9876883405951378,0.15643446504023092,2,5,5,177233.48000000045,660431.0600000005,0,3.7566,0.0,1353,0,0,0,0,0,0,0,1,0,0,0,0,0.9993908270190958,0.03489949670250108,1,0,0,1,0,0,0,0,0,0,0,0,0,0,0,0,0,1,0,0,0,1,0,0,0,0,0,0,0,0,0,0,0,0,0,0,0,0,1,0,0,0,0,0,1,0,0,0,0,0,0,0,0,0,0,0,0,0,0,0,1,0,0,0,0,0,0,1,0,0,0,0,0,0,0,0,0,0,0,0,0,0,0,0,1,0,0,0,0,0,0,0,0,0,0,0,0,0,0,0,0,0.8545848913916009,1.0,0.6438991813176834,1.0,2.007792193653309,1.0,2.205820657096456,1.0,178470.15500000026,664276.0474999999
2,0,6,177381.6299999999,661904.2699999996,0,0.0,100.88259475694444,785,0,0,0,0,0,0,0,1,0,0,0,0,0.0,1.0,2,0,7,177403.1200000001,662212.1300000008,0,0.0,98.1164952199074,2205,0,0,0,0,1,0,0,0,0,0,0,0,0.0,1.0,2,0,10,178547.0,665523.4900000002,0,0.0,53.828474375,1540,0,0,0,0,0,0,0,0,1,0,0,0,0.0,1.0,2,5,5,179404.48000000045,664593.1899999995,0,9.503116666666667,0.0,1000,0,0,0,0,0,1,0,0,0,0,0,0,0.9781476007338057,-0.20791169081775912,1,0,0,1,0,0,0,0,0,0,0,0,0,0,0,0,0,1,0,0,0,0,1,0,0,0,0,0,0,0,0,0,0,0,0,0,0,0,0,0,1,0,0,0,0,1,0,0,0,0,0,0,0,0,0,0,0,0,0,0,0,0,0,0,1,0,0,1,0,0,0,0,0,0,0,0,0,0,0,0,0,0,0,1,0,0,0,0,0,0,0,2,0,0,0,0,0,0,0,0,0,1.5401016998539943,1.0,1.3037656071470745,1.0,1.674211984527741,1.0,1.340534372013254,1.0,178184.0575000001,663558.27
1,5,5,185174.5,665033.5800000001,0,27.802383333333335,0.0,2324,0,0,0,0,1,0,0,0,0,0,0,0,0.6018150231520483,0.7986355100472928,1,5,5,185079.53000000023,664450.9700000007,0,20.5026,0.0,2324,0,0,0,0,1,0,0,0,0,0,0,0,0.25881904510252074,0.9659258262890683,1,5,6,185170.4299999997,664666.8699999992,0,19.651666666666667,0.0,2324,0,0,0,0,1,0,0,0,0,0,0,0,0.9659258262890683,-0.25881904510252085,1,5,6,184382.76999999955,667515.6799999997,0,10.26865,0.0,2324,0,0,0,0,1,0,0,0,0,0,0,0,0.9563047559630354,0.29237170472273677,0,0,1,0,0,0,0,0,0,0,0,0,0,0,0,0,1,0,0,0,0,1,0,0,0,0,0,0,0,0,0,0,0,0,0,0,1,0,0,0,0,0,0,0,1,0,0,0,0,0,0,0,0,0,0,0,0,0,0,1,0,0,0,0,0,0,0,1,0,0,0,0,0,0,0,0,0,0,0,0,0,0,0,1,0,0,0,0,0,0,0,0,0,0,0,0,0,0,0,0,0,0.5681049644601172,1.0,1.2487586622712066,1.0,1.0012528502282585,1.0,2.787522560926216,0.0,246602.40999999983,887222.3666666666
2,5,6,185348.8700000001,666637.75,0,19.83375,0.0,2324,0,0,0,0,1,0,0,0,0,0,0,0,-0.9998476951563913,-0.017452406437283498,2,5,5,183916.4299999997,667774.5999999996,0,16.08475,0.0,2324,0,0,0,0,1,0,0,0,0,0,0,0,-0.05233595624294437,0.9986295347545738,1,4,6,185146.7000000002,664824.9800000004,0,11.1676,0.0,2324,0,0,0,0,1,0,0,0,0,0,0,0,0.9702957262759965,-0.24192189559966779,1,5,5,185098.7199999997,664710.2799999993,0,4.867816666666666,0.0,2324,0,0,0,0,1,0,0,0,0,0,0,0,0.25881904510252074,0.9659258262890683,0,0,1,0,0,0,0,0,0,0,0,0,0,0,0,0,1,0,0,0,0,1,0,0,0,0,0,0,0,0,0,0,0,0,0,0,1,0,0,0,0,0,0,0,1,0,0,0,0,0,0,0,0,0,0,0,0,0,0,0,0,0,1,0,0,0,0,1,0,0,0,0,0,0,0,0,0,0,0,0,0,0,0,1,0,0,0,0,0,0,0,0,0,0,0,0,0,0,0,0,0,0.8699176333489771,1.0,2.1975068939958278,1.0,1.2912345139023158,1.0,1.4027022210427311,1.0,184877.67999999993,665986.9024999999
2,0,10,177965.59999999963,658892.7699999996,0,0.0,82.09381413194444,1540,0,0,0,0,0,0,0,0,1,0,0,0,0.0,1.0,2,0,8,177956.8700000001,658813.6199999992,0,0.0,82.09380258101852,1540,0,0,0,0,0,0,0,0,1,0,0,0,0.0,1.0,1,0,10,179004.88999999966,658838.9399999995,0,0.0,45.770978460648145,142,1,0,0,0,0,0,0,0,0,0,0,0,0.0,1.0,2,5,8,178228.08999999985,659813.2899999991,0,12.11525,0.0,1366,0,0,0,0,0,0,0,0,1,0,0,0,-0.7880107536067221,-0.6156614753256581,0,0,0,1,0,0,0,0,0,0,0,0,0,0,0,0,0,1,0,0,0,0,1,0,0,0,0,0,0,0,0,0,0,0,0,0,0,0,0,0,1,0,0,0,0,1,0,0,0,0,0,0,0,0,0,0,0,0,0,0,0,0,0,0,1,0,1,0,0,0,0,0,1,0,0,0,0,0,0,0,0,0,0,0,0,0,0,0,0,0,0,2,0,0,0,0,0,0,0,0,0,0.8944914501312419,1.0,1.0203515369802887,1.0,1.7928872203499453,1.0,1.7161525693224373,1.0,178288.8624999998,659089.6549999993
2,0,6,177381.6299999999,661904.2699999996,0,0.0,103.0492707986111,785,0,0,0,0,0,0,0,1,0,0,0,0,0.0,1.0,2,0,10,179116.7000000002,665979.1099999994,0,0.0,96.17770832175925,1000,0,0,0,0,0,1,0,0,0,0,0,0,0.0,1.0,2,0,10,178547.0,665523.4900000002,0,0.0,55.99515041666667,1540,0,0,0,0,0,0,0,0,1,0,0,0,0.0,1.0,2,5,5,178727.01999999955,661788.2899999991,0,6.6,0.0,1353,0,0,0,0,0,0,0,1,0,0,0,0,0.27563735581699916,0.9612616959383189,1,0,0,1,0,0,0,0,0,0,0,0,0,0,0,0,0,1,0,0,0,0,1,0,0,0,0,0,0,0,0,0,0,0,0,0,0,0,0,0,1,0,0,0,0,1,0,0,0,0,0,0,0,0,0,0,0,0,0,0,0,0,0,0,1,0,0,1,0,0,0,0,0,0,0,0,0,0,0,0,0,0,0,1,0,0,0,0,0,0,0,0,0,0,0,0,0,0,0,0,0,1.6665765476827172,1.0,1.7512967784861644,1.0,1.3259997614018544,1.0,1.5582437688159092,1.0,178443.0874999999,663798.7899999996
1,0,10,179748.33000000007,666135.5099999998,0,0.0,182.7451555902778,395,0,0,0,1,0,0,0,0,0,0,0,0,0.0,1.0,1,0,9,180759.6799999997,661531.8699999992,0,0.0,25.489368541666668,1141,0,0,0,0,0,0,1,0,0,0,0,0,0.0,1.0,1,0,10,180468.24000000025,661860.9900000002,0,0.0,12.447794479166667,649,0,0,0,0,0,0,1,0,0,0,0,0,0.0,1.0,2,5,6,180006.96999999974,664081.25,0,18.274016666666668,0.0,134,0,0,0,0,0,0,0,0,0,0,0,1,0.9993908270190958,-0.03489949670250073,1,0,0,1,0,0,0,0,0,0,0,0,0,0,0,0,0,1,0,0,0,0,1,0,0,0,0,0,0,0,0,0,0,0,0,0,0,0,0,0,1,0,0,0,0,1,0,0,0,0,0,0,0,0,0,0,0,0,0,0,0,0,0,0,1,0,0,1,0,0,0,0,0,0,0,0,0,0,0,0,0,0,0,0,1,0,0,0,0,0,0,0,0,0,0,0,0,0,0,0,0,2.468379789797517,1.0,1.7236272296616695,1.0,1.3837992476191774,1.0,0.6394249061683428,1.0,180245.80499999993,663402.4049999998
2,0,10,177437.83000000007,662499.7699999996,0,0.0,98.11649524305555,2205,0,0,0,0,1,0,0,0,0,0,0,0,0.0,1.0,2,0,10,177408.16000000015,662268.3399999999,0,0.0,98.11649530092592,2205,0,0,0,0,1,0,0,0,0,0,0,0,0.0,1.0,2,0,10,178747.04000000004,666085.1899999995,0,0.0,53.82847445601852,1540,0,0,0,0,0,0,0,0,1,0,0,0,0.0,1.0,2,0,6,180344.96,664164.5899999999,0,0.0,7.703451273148148,787,0,0,0,0,0,0,0,0,0,1,0,0,0.0,1.0,1,0,0,1,0,0,0,0,0,0,0,0,0,0,0,0,0,1,0,0,0,0,1,0,0,0,0,0,0,0,0,0,0,0,0,0,0,0,0,0,1,0,0,0,0,1,0,0,0,0,0,0,0,0,0,0,0,0,0,0,0,0,0,0,1,0,0,0,1,0,0,0,0,0,0,0,0,0,0,0,0,0,0,0,0,0,0,0,1,0,0,2,0,0,0,0,0,0,0,0,0,1.1952226458366024,1.0,1.3422631539738605,1.0,1.7156859694214655,1.0,1.3935886001044138,1.0,178484.49750000006,663754.4724999997
1,0,10,187663.8200000003,659810.7899999991,0,0.0,90.78680111111112,1353,0,0,0,0,0,0,0,1,0,0,0,0,0.0,1.0,1,0,10,186004.1399999997,659312.2799999993,0,0.0,47.58442832175926,787,0,0,0,0,0,0,0,0,0,1,0,0,0.0,1.0,1,0,6,186243.86000000036,659905.7599999998,0,0.0,4.751997800925926,1353,0,0,0,0,0,0,0,1,0,0,0,0,0.0,1.0,2,0,8,186304.66000000012,659894.9900000002,0,0.0,4.089127662037037,860,0,0,0,1,0,0,0,0,0,0,0,0,0.0,1.0,0,0,0,1,0,0,0,0,0,0,0,0,0,0,0,0,0,1,0,0,0,0,1,0,0,0,0,0,0,0,0,0,0,0,0,0,0,0,0,0,1,0,0,0,0,1,0,0,0,0,0,0,0,0,0,0,0,0,0,0,0,0,0,0,1,0,0,0,1,0,0,0,0,0,0,0,0,0,0,0,0,0,0,0,0,0,0,0,1,0,0,0,0,0,0,0,0,0,0,0,0,2.4862829624638607,1.0,1.5446565295932553,1.0,0.7958193709830198,1.0,0.6671981758897765,1.0,186554.1200000001,659730.9549999996
2,5,6,167646.70999999996,632193.5899999999,0,32.35686666666667,0.0,1366,0,0,0,0,0,0,0,0,1,0,0,0,-0.8660254037844386,0.5000000000000001,2,5,9,168957.16000000015,637505.0700000003,0,29.0241,0.0,1366,0,0,0,0,0,0,0,0,1,0,0,0,-0.08715574274765794,-0.9961946980917455,2,5,6,168001.66999999993,631992.9700000007,0,15.809016666666666,0.0,1366,0,0,0,0,0,0,0,0,1,0,0,0,-0.8746197071393961,0.4848096202463365,2,5,5,167041.16000000015,635274.8100000005,0,8.641783333333333,0.0,1366,0,0,0,0,0,0,0,0,1,0,0,0,-0.4067366430757998,-0.9135454576426011,0,0,1,0,0,0,0,0,0,0,0,0,0,1,0,0,0,0,0,0,0,0,0,1,0,0,0,0,1,0,0,0,0,0,0,0,0,0,0,0,0,0,0,0,1,0,0,0,0,0,0,0,0,0,0,0,0,0,0,0,0,0,1,0,0,0,0,1,0,0,0,0,0,0,0,0,0,0,0,0,0,0,0,0,1,0,0,0,0,0,0,2,0,0,0,0,0,0,0,0,0,1.3840925262250758,1.0,2.296781997297458,1.0,1.508321187389415,1.0,0.9055101477538009,1.0,167911.67500000005,634241.6100000003
16,0,10,178580.53000000026,663032.5,0,0.0,71.1931057638889,790,0,0,0,0,0,0,0,0,0,0,1,0,0.0,1.0,1,0,6,180770.2999999998,661493.5800000001,0,0.0,25.572712222222222,1141,0,0,0,0,0,0,1,0,0,0,0,0,0.0,1.0,2,0,7,182695.59999999963,668331.6799999997,0,953.0056333333333,0.0,1295,0,0,0,0,0,1,0,0,0,0,0,0,0.0,1.0,2,0,6,183423.9299999997,668158.7100000009,0,953.0056333333333,0.0,1295,0,0,0,0,0,1,0,0,0,0,0,0,0.0,1.0,1,0,0,1,0,0,0,0,0,0,0,0,0,0,0,0,0,1,0,0,0,0,1,0,0,0,0,0,0,0,0,0,0,0,0,0,0,0,0,0,1,0,0,0,0,1,0,0,0,0,0,0,0,0,0,0,0,0,0,0,0,0,0,0,1,0,0,0,1,0,0,0,0,0,0,0,0,0,0,0,0,0,0,0,0,0,0,0,1,0,0,2,0,0,0,0,0,0,0,0,0,1.449031212701972,1.0,1.548031079624063,1.0,1.3627187760698867,1.0,1.4468568266639275,1.0,181367.58999999985,665254.1175000002
1,0,10,187492.6399999997,659382.8399999999,0,0.0,127.70348703703704,787,0,0,0,0,0,0,0,0,0,1,0,0,0.0,1.0,1,0,6,187667.66999999995,659861.0099999998,0,0.0,82.87013055555556,1353,0,0,0,0,0,0,0,1,0,0,0,0,0.0,1.0,20,0,6,187301.4000000004,659492.1300000008,0,1013.0379666666666,0.0,787,0,0,0,0,0,0,0,0,0,1,0,0,0.0,1.0,1,0,6,187269.54000000004,659426.4900000002,0,1013.0380666666666,0.0,787,0,0,0,0,0,0,0,0,0,1,0,0,0.0,1.0,0,0,0,1,0,0,0,0,0,0,0,0,0,0,0,0,0,1,0,0,0,0,1,0,0,0,0,0,0,0,0,0,0,0,0,0,0,0,0,0,1,0,0,0,0,1,0,0,0,0,0,0,0,0,0,0,0,0,0,0,0,0,0,0,1,0,0,0,1,0,0,0,0,0,0,0,0,0,0,0,0,0,0,0,0,0,0,0,1,0,0,0,0,0,0,0,0,0,0,0,0,0.9663493791841298,1.0,2.2750108023086106,1.0,0.8021759943097729,1.0,1.1408255882056828,1.0,187432.81250000003,659540.6175000002
1,0,6,182583.49000000025,675756.6799999997,0,832.9605166666666,0.0,170,0,0,0,0,0,0,0,0,0,0,1,0,0.0,1.0,1,0,6,182532.8899999997,675666.3800000008,0,832.9608,0.0,170,0,0,0,0,0,0,0,0,0,0,1,0,0.0,1.0,2,5,9,183404.4699999997,674438.7200000007,0,34.77571666666667,0.0,2205,0,0,0,0,1,0,0,0,0,0,0,0,-0.8910065241883678,-0.4539904997395469,2,5,5,182874.7000000002,676348.1899999995,0,27.242483333333332,0.0,2205,0,0,0,0,1,0,0,0,0,0,0,0,-0.9876883405951378,0.15643446504023067,0,0,0,1,0,0,0,0,0,0,0,0,0,0,0,0,0,1,0,0,0,0,1,0,0,0,0,0,0,0,0,0,0,0,0,0,0,0,0,0,1,0,0,0,1,0,0,0,0,0,0,0,0,0,0,0,0,0,0,0,0,0,1,0,0,0,0,1,0,0,0,0,0,0,0,0,0,0,0,0,0,0,0,0,0,0,1,0,0,0,0,2,0,0,0,0,0,0,0,0,0,0.6435883238832248,1.0,0.6455838512730246,1.0,2.3922066678822307,1.0,1.5301245947353284,1.0,182848.88749999995,675552.4925000002
2,0,7,177349.91999999993,661773.3100000005,0,0.0,106.99150465277778,2205,0,0,0,0,1,0,0,0,0,0,0,0,0.0,1.0,2,0,10,177419.7000000002,662364.0999999996,0,0.0,106.99150465277778,2205,0,0,0,0,1,0,0,0,0,0,0,0,0.0,1.0,2,0,10,179116.7000000002,665979.1099999994,0,0.0,63.863981527777774,1141,0,0,0,0,0,0,1,0,0,0,0,0,0.0,1.0,1,0,10,179116.38999999966,665972.2300000004,0,0.0,62.95482642361111,2205,0,0,0,0,1,0,0,0,0,0,0,0,0.0,1.0,1,0,0,1,0,0,0,0,0,0,0,0,0,0,0,0,0,1,0,0,0,0,1,0,0,0,0,0,0,0,0,0,0,0,0,0,0,0,0,0,1,0,0,0,0,1,0,0,0,0,0,0,0,0,0,0,0,0,0,0,0,0,0,0,1,0,0,0,1,0,0,0,0,0,0,0,0,0,0,0,0,0,0,0,0,0,0,0,1,0,0,2,0,0,0,0,0,0,0,0,0,1.7115521121348067,1.0,1.3103283672489634,1.0,1.5119098958390609,1.0,1.5073773568164672,1.0,178250.6775,664022.1875
1,0,9,180759.6799999997,661531.8699999992,0,0.0,22.906034560185184,1141,0,0,0,0,0,0,1,0,0,0,0,0,0.0,1.0,1,0,10,180468.24000000025,661860.9900000002,0,0.0,9.86446050925926,649,0,0,0,0,0,0,1,0,0,0,0,0,0.0,1.0,1,5,5,179117.66000000015,663981.2599999998,0,16.63975,0.0,2205,0,0,0,0,1,0,0,0,0,0,0,0,0.8386705679454239,0.5446390350150272,2,5,5,180541.66000000012,668120.4800000004,0,10.189766666666667,0.0,2205,0,0,0,0,1,0,0,0,0,0,0,0,0.15643446504023098,-0.9876883405951377,1,0,0,1,0,0,0,0,0,0,0,0,0,0,0,0,0,1,0,0,0,0,1,0,0,0,0,0,0,0,0,0,0,0,0,0,0,0,0,0,1,0,0,0,0,1,0,0,0,0,0,0,0,0,0,0,0,0,0,0,0,0,0,1,0,0,0,1,0,0,0,0,0,0,0,0,0,0,0,0,0,0,0,0,0,1,0,0,0,0,0,0,0,0,0,0,0,0,0,0,0,1.4685194936630563,1.0,1.2392862277458176,1.0,0.6780330820457957,1.0,2.6029338275587826,0.0,240295.74666666673,885164.8666666666
1,0,10,179694.4400000004,665825.2200000007,0,0.0,278.3701200578704,785,0,0,0,0,0,0,0,1,0,0,0,0,0.0,1.0,2,0,10,179084.16000000015,663131.1799999997,0,0.0,156.4470413310185,1141,0,0,0,0,0,0,1,0,0,0,0,0,0.0,1.0,2,0,10,179225.83999999985,663041.8200000003,0,0.0,127.37013159722223,785,0,0,0,0,0,0,0,1,0,0,0,0,0.0,1.0,1,0,10,180770.2999999998,661493.5800000001,0,0.0,25.447712650462964,1141,0,0,0,0,0,0,1,0,0,0,0,0,0.0,1.0,1,0,0,1,0,0,0,0,0,0,0,0,0,0,0,0,0,1,0,0,0,0,1,0,0,0,0,0,0,0,0,0,0,0,0,0,0,0,0,0,1,0,0,0,0,1,0,0,0,0,0,0,0,0,0,0,0,0,0,0,0,0,0,0,1,0,0,0,1,0,0,0,0,0,0,0,0,0,0,0,0,0,0,0,0,0,0,0,1,0,0,0,0,0,0,0,0,0,0,0,0,2.2095623034878713,1.0,0.5908248729910495,1.0,0.5164435205026519,1.0,1.9515368112022466,1.0,179693.68500000006,663372.9500000002
2,2,5,186134.28000000023,667297.5800000001,0,29.991316666666666,0.0,2205,0,0,0,0,1,0,0,0,0,0,0,0,0.12186934340514748,0.992546151641322,2,2,5,186142.9699999997,667472.3100000005,0,17.724516666666666,0.0,2205,0,0,0,0,1,0,0,0,0,0,0,0,-0.01745240643728445,0.9998476951563913,2,5,5,186066.74000000025,667081.8200000003,0,5.024383333333334,0.0,2205,0,0,0,0,1,0,0,0,0,0,0,0,-0.45399049973954625,-0.8910065241883681,20,5,5,187354.9299999997,666616.3000000007,0,11.1028,0.0,1000,0,0,0,0,0,1,0,0,0,0,0,0,-0.08715574274765794,-0.9961946980917455,0,0,1,0,0,0,0,0,0,0,0,0,0,0,1,0,0,0,0,0,0,1,0,0,0,0,0,0,0,0,0,0,0,0,0,0,0,0,1,0,0,0,0,0,1,0,0,0,0,0,0,0,0,0,0,0,0,0,0,0,0,0,1,0,0,0,0,1,0,0,0,0,0,0,0,0,0,0,0,0,0,0,0,0,0,0,1,0,0,0,0,2,0,0,0,0,0,0,0,0,0,0.7969178925918853,1.0,1.056629796334172,1.0,0.8381766099709682,1.0,2.461527087384076,1.0,186424.72999999998,667117.0025000004
2,0,6,177356.33999999985,661702.3200000003,0,0.0,101.84093116898148,785,0,0,0,0,0,0,0,1,0,0,0,0,0.0,1.0,17,0,6,178698.5599999996,663005.4399999995,0,0.0,69.56810707175926,790,0,0,0,0,0,0,0,0,0,0,1,0,0.0,1.0,1,0,10,180749.91999999995,661572.5,0,0.0,23.947713541666666,1141,0,0,0,0,0,0,1,0,0,0,0,0,0.0,1.0,2,5,7,176781.4299999997,660326.3200000003,0,11.657533333333333,0.0,1295,0,0,0,0,0,1,0,0,0,0,0,0,-0.8290375725550414,-0.5591929034707472,1,0,0,1,0,0,0,0,0,0,0,0,0,0,0,0,0,1,0,0,0,0,1,0,0,0,0,0,0,0,0,0,0,0,0,0,0,0,0,0,1,0,0,0,0,1,0,0,0,0,0,0,0,0,0,0,0,0,0,0,0,0,0,0,1,0,0,0,0,1,0,0,0,0,0,1,0,0,0,0,0,0,0,0,0,0,0,0,0,0,0,2,0,0,0,0,0,0,0,0,0,0.8416211152647022,1.0,1.1209185532213677,1.0,1.9028695702256357,1.0,1.6883975432339786,1.0,178396.56249999977,661651.645
2,5,8,184261.04000000004,666541.5,0,27.1148,0.0,1540,0,0,0,0,0,0,0,0,1,0,0,0,0.9205048534524403,0.39073112848927394,1,5,5,183861.5599999996,665065.7100000009,0,20.88245,0.0,1540,0,0,0,0,0,0,0,0,1,0,0,0,0.0,1.0,1,5,5,184318.48000000045,666364.0800000001,0,19.298933333333334,0.0,1540,0,0,0,0,0,0,0,0,1,0,0,0,0.9659258262890683,-0.25881904510252085,1,5,5,183861.5599999996,665065.7100000009,0,18.3335,0.0,1540,0,0,0,0,0,0,0,0,1,0,0,0,-0.2756373558169998,0.9612616959383187,0,0,1,0,0,0,0,0,0,0,0,0,0,0,0,0,1,0,0,0,0,0,1,0,0,0,0,0,0,0,0,0,0,0,0,0,0,0,0,1,0,0,0,0,1,0,0,0,0,0,0,0,0,0,0,0,0,0,0,0,0,0,1,0,0,0,0,0,1,0,0,0,0,0,0,0,0,0,0,0,0,0,0,0,0,0,0,1,0,0,0,2,0,0,0,0,0,0,0,0,0,1.764072353589612,1.0,1.5927356818439333,1.0,1.4301719150039323,1.0,1.5927356818439333,1.0,184075.65999999992,665759.2500000005
2,0,10,177437.83000000007,662499.7699999996,0,0.0,100.07483246527778,2205,0,0,0,0,1,0,0,0,0,0,0,0,0.0,1.0,2,0,10,179116.7000000002,665979.1099999994,0,0.0,95.96936949074075,1000,0,0,0,0,0,1,0,0,0,0,0,0,0.0,1.0,2,0,10,178747.04000000004,666085.1899999995,0,0.0,55.786811666666665,1540,0,0,0,0,0,0,0,0,1,0,0,0,0.0,1.0,2,0,6,180344.96,664164.5899999999,0,0.0,9.661788483796297,787,0,0,0,0,0,0,0,0,0,1,0,0,0.0,1.0,1,0,0,1,0,0,0,0,0,0,0,0,0,0,0,0,0,1,0,0,0,0,1,0,0,0,0,0,0,0,0,0,0,0,0,0,0,0,0,0,1,0,0,0,0,1,0,0,0,0,0,0,0,0,0,0,0,0,0,0,0,0,0,0,1,0,0,0,1,0,0,0,0,0,0,0,0,0,0,0,0,0,0,0,0,0,0,0,1,0,0,0,0,0,0,0,0,0,0,0,0,2.0987671734254936,1.0,1.0464692581617585,1.0,1.12583908109904,1.0,1.2145156075168364,1.0,178911.63250000007,664682.1649999996
2,0,10,177347.7999999998,661625.0600000005,0,0.0,109.79927751157408,785,0,0,0,0,0,0,0,1,0,0,0,0,0.0,1.0,2,0,10,177401.2000000002,662045.3599999994,0,0.0,109.79927751157408,785,0,0,0,0,0,0,0,1,0,0,0,0,0.0,1.0,2,0,6,177413.54000000004,662175.6099999994,0,0.0,109.79926596064814,785,0,0,0,0,0,0,0,1,0,0,0,0,0.0,1.0,2,0,5,178329.6200000001,661607.4800000004,0,6.7763,0.0,2205,0,0,0,0,1,0,0,0,0,0,0,0,0.20791169081775931,0.9781476007338057,1,0,0,1,0,0,0,0,0,0,0,0,0,0,0,0,0,1,0,0,0,0,1,0,0,0,0,0,0,0,0,0,0,0,0,0,0,0,0,0,1,0,0,0,0,1,0,0,0,0,0,0,0,0,0,0,0,0,0,0,0,0,0,0,1,0,0,1,0,0,0,0,0,0,0,0,0,0,0,0,0,0,0,0,0,0,1,0,0,0,0,3,0,0,0,0,0,0,0,0,0,1.103046788187541,1.0,0.8693226628408927,1.0,1.1391826503804041,1.0,2.276796122661032,1.0,177623.04000000004,661863.3775
1,0,10,188285.58999999985,659377.2899999991,0,0.0,156.63272443287036,738,0,0,0,0,0,0,0,0,0,1,0,0,0.0,1.0,1,0,10,188285.58999999985,659377.2899999991,0,0.0,121.57846584490741,170,0,0,0,0,0,0,0,0,0,0,1,0,0.0,1.0,2,0,10,190399.8799999999,659472.3200000003,0,0.0,38.70348886574074,1366,0,0,0,0,0,0,0,0,1,0,0,0,0.0,1.0,1,0,10,190015.04000000004,659611.7300000004,0,0.0,30.58991275462963,787,0,0,0,0,0,0,0,0,0,1,0,0,0.0,1.0,0,0,0,1,0,0,0,0,0,0,0,0,0,0,0,0,0,1,0,0,0,0,1,0,0,0,0,0,0,0,0,0,0,0,0,0,0,0,0,0,1,0,0,0,0,1,0,0,0,0,0,0,0,0,0,0,0,0,0,0,0,0,0,0,1,0,0,0,1,0,0,0,0,0,0,0,0,0,0,0,0,0,0,0,0,0,0,0,1,0,0,2,0,0,0,0,0,0,0,0,0,1.8086283236105136,1.0,1.8086283236105136,1.0,2.162991895018796,1.0,1.4691238508067053,1.0,189246.5249999999,659459.6574999997
2,0,10,179075.4500000002,663147.9499999993,0,0.0,103.89780611111111,2205,0,0,0,0,1,0,0,0,0,0,0,0,0.0,1.0,2,0,10,179107.7000000002,663112.9000000004,0,0.0,103.89780612268518,2205,0,0,0,0,1,0,0,0,0,0,0,0,0.0,1.0,2,0,10,177419.7000000002,662364.0999999996,0,0.0,100.9081649537037,2205,0,0,0,0,1,0,0,0,0,0,0,0,0.0,1.0,1,0,6,180774.2199999997,661479.4800000004,0,1094.6575,0.0,1141,0,0,0,0,0,0,1,0,0,0,0,0,0.0,1.0,1,0,0,1,0,0,0,0,0,0,0,0,0,0,0,0,0,1,0,0,0,0,1,0,0,0,0,0,0,0,0,0,0,0,0,0,0,0,0,0,1,0,0,0,0,1,0,0,0,0,0,0,0,0,0,0,0,0,0,0,0,0,0,0,1,0,0,0,1,0,0,0,0,0,0,0,0,0,0,0,0,0,0,0,0,0,0,0,1,0,0,0,0,0,0,0,0,0,0,0,0,0.666578829732359,1.0,0.6288841855944742,1.0,1.8025943817045693,1.0,2.1207342962399127,1.0,179094.26750000007,662526.1074999999
2,0,10,179055.76999999955,663114.8699999992,0,0.0,156.40537337962962,1141,0,0,0,0,0,0,1,0,0,0,0,0,0.0,1.0,2,0,6,178813.41999999993,666065.5299999993,0,0.0,96.4276997800926,1000,0,0,0,0,0,1,0,0,0,0,0,0,0.0,1.0,17,0,10,178491.23000000045,663020.3100000005,0,0.0,71.02643819444444,790,0,0,0,0,0,0,0,0,0,0,1,0,0.0,1.0,2,0,6,179414.65000000037,663458.7200000007,0,772.9876833333333,0.0,2205,0,0,0,0,1,0,0,0,0,0,0,0,0.0,1.0,1,0,0,1,0,0,0,0,0,0,0,0,0,0,0,0,0,1,0,0,0,0,1,0,0,0,0,0,0,0,0,0,0,0,0,0,0,0,0,0,1,0,0,0,0,1,0,0,0,0,0,0,0,0,0,0,0,0,0,0,0,0,0,0,1,0,0,0,1,0,0,0,0,0,0,0,0,0,0,0,0,0,0,0,0,0,0,0,1,0,0,0,0,0,0,0,0,0,0,0,0,1.016073845729453,1.0,2.7101748423806393,0.0,1.2609882590532346,1.0,0.824623823532267,1.0,238591.6900000001,885219.8099999999
2,0,6,177405.6900000004,662240.8399999999,0,0.0,98.03316504629629,2205,0,0,0,0,1,0,0,0,0,0,0,0,0.0,1.0,17,0,10,178661.00999999978,663015.4499999993,0,0.0,68.52644061342592,790,0,0,0,0,0,0,0,0,0,0,1,0,0.0,1.0,2,0,10,178618.1799999997,665686.4600000009,0,0.0,53.745144189814816,1540,0,0,0,0,0,0,0,0,1,0,0,0,0.0,1.0,2,5,5,185237.04000000004,669173.9399999995,0,8.074466666666666,0.0,2205,0,0,0,0,1,0,0,0,0,0,0,0,0.754709580222772,0.6560590289905073,1,0,0,1,0,0,0,0,0,0,0,0,0,0,0,0,0,1,0,0,0,0,1,0,0,0,0,0,0,0,0,0,0,0,0,0,0,0,0,0,1,0,0,0,0,1,0,0,0,0,0,0,0,0,0,0,0,0,0,0,0,0,0,0,1,0,0,0,0,1,0,0,0,0,1,0,0,0,0,0,0,0,0,0,0,0,0,0,0,0,0,0,0,0,0,0,0,0,0,0,0,1.3111189742734046,1.0,0.831692064855882,1.0,0.5225318767803886,1.0,2.312519429508616,1.0,179980.47999999998,665029.1724999999
2,0,10,177419.7000000002,662364.0999999996,0,0.0,100.32483717592592,2205,0,0,0,0,1,0,0,0,0,0,0,0,0.0,1.0,2,0,7,177349.91999999993,661773.3100000005,0,0.0,100.3248371875,2205,0,0,0,0,1,0,0,0,0,0,0,0,0.0,1.0,1,0,10,179116.38999999966,665972.2300000004,0,0.0,56.28815899305555,2205,0,0,0,0,1,0,0,0,0,0,0,0,0.0,1.0,2,5,5,180080.34999999963,664864.6500000004,0,11.7323,0.0,1540,0,0,0,0,0,0,0,0,1,0,0,0,0.9271838545667874,0.37460659341591196,1,0,0,1,0,0,0,0,0,0,0,0,0,0,0,0,0,1,0,0,0,0,1,0,0,0,0,0,0,0,0,0,0,0,0,0,0,0,0,0,1,0,0,0,0,1,0,0,0,0,0,0,0,0,0,0,0,0,0,0,0,0,0,0,1,0,0,1,0,0,0,0,0,0,0,0,0,0,0,0,0,0,0,1,0,0,0,0,0,0,0,2,0,0,0,0,0,0,0,0,0,1.2085554688337619,1.0,1.5753272466946993,1.0,1.6012329477343956,1.0,1.3451904086016155,1.0,178491.58999999985,663743.5725000002
1,0,10,186028.3899999997,659304.3200000003,0,0.0,40.83442122685185,787,0,0,0,0,0,0,0,0,0,1,0,0,0.0,1.0,20,0,6,187270.0,659512.6500000004,0,0.0,1.8701735648148148,787,0,0,0,0,0,0,0,0,0,1,0,0,0.0,1.0,20,0,6,187301.4000000004,659492.1300000008,0,0.0,1.8701735648148148,787,0,0,0,0,0,0,0,0,0,1,0,0,0.0,1.0,1,0,6,187269.54000000004,659426.4900000002,0,0.0,1.8701736574074075,787,0,0,0,0,0,0,0,0,0,1,0,0,0.0,1.0,0,0,0,1,0,0,0,0,0,0,0,0,0,0,0,0,0,1,0,0,0,0,1,0,0,0,0,0,0,0,0,0,0,0,0,0,0,0,0,0,1,0,0,0,0,1,0,0,0,0,0,0,0,0,0,0,0,0,0,0,0,0,0,0,1,0,0,0,1,0,0,0,0,0,0,0,0,0,0,0,0,0,0,0,0,0,0,0,1,0,0,0,0,0,0,0,0,0,0,0,0,3.040137816634847,0.0,1.0031093301918839,1.0,1.087656172488,1.0,0.9696014427385442,1.0,249289.7766666667,879245.1966666672
2,0,8,186255.74000000025,659726.9600000009,0,0.0,132.76102943287037,790,0,0,0,0,0,0,0,0,0,0,1,0,0.0,1.0,1,0,6,187286.83999999985,659459.1400000006,0,0.0,1.8701730902777778,787,0,0,0,0,0,0,0,0,0,1,0,0,0.0,1.0,2,0,6,186323.24000000025,660235.4700000007,0,454.3489,0.0,2324,0,0,0,0,1,0,0,0,0,0,0,0,0.0,1.0,1,5,5,186899.4699999997,659000.2899999991,0,6.515783333333333,0.0,1353,0,0,0,0,0,0,0,1,0,0,0,0,0.9781476007338056,0.20791169081775945,0,0,0,1,0,0,0,0,0,0,0,0,0,0,0,0,0,1,0,0,0,0,1,0,0,0,0,0,0,0,0,0,0,0,0,0,0,0,0,0,1,0,0,0,0,1,0,0,0,0,0,0,0,0,0,0,0,0,0,0,0,0,0,0,1,0,0,1,0,0,0,0,0,0,0,0,0,0,0,0,0,0,0,0,0,1,0,0,0,0,0,0,0,0,0,0,0,0,0,0,0,1.0369117994042194,1.0,1.4061331372013164,1.0,1.673084201616634,1.0,1.467446742265445,1.0,186691.3225,659605.4650000003
2,0,10,177437.83000000007,662499.7699999996,0,0.0,100.19983196759259,2205,0,0,0,0,1,0,0,0,0,0,0,0,0.0,1.0,2,0,10,179116.7000000002,665979.1099999994,0,0.0,96.09436898148148,1000,0,0,0,0,0,1,0,0,0,0,0,0,0.0,1.0,2,0,6,180344.96,664164.5899999999,0,0.0,9.786787997685185,787,0,0,0,0,0,0,0,0,0,1,0,0,0.0,1.0,2,5,6,179468.15000000037,663856.4000000004,0,24.941366666666667,0.0,649,0,0,0,0,0,0,1,0,0,0,0,0,0.8829475928589271,-0.46947156278589053,1,0,0,1,0,0,0,0,0,0,0,0,0,0,0,0,0,1,0,0,0,0,1,0,0,0,0,0,0,0,0,0,0,0,0,0,0,0,0,0,1,0,0,0,0,1,0,0,0,0,0,0,0,0,0,0,0,0,0,0,0,0,0,0,1,0,0,1,0,0,0,0,0,0,0,0,0,0,0,0,0,0,0,0,0,0,1,0,0,0,0,0,0,0,0,0,0,0,0,0,0,2.0210026865178157,1.0,1.616102110591283,1.0,1.0926279059588766,1.0,0.40287835401964184,1.0,179091.91000000015,664124.9674999998
2,0,6,177381.58999999985,662031.7899999991,0,0.0,106.9915059837963,2205,0,0,0,0,1,0,0,0,0,0,0,0,0.0,1.0,17,0,10,178540.1799999997,663026.1099999994,0,0.0,77.48479302083334,790,0,0,0,0,0,0,0,0,0,0,1,0,0.0,1.0,1,0,10,180749.91999999995,661572.5,0,0.0,31.86438795138889,1141,0,0,0,0,0,0,1,0,0,0,0,0,0.0,1.0,2,0,10,180244.75,664183.7100000009,0,0.0,16.578462002314815,787,0,0,0,0,0,0,0,0,0,1,0,0,0.0,1.0,1,0,0,1,0,0,0,0,0,0,0,0,0,0,0,0,0,1,0,0,0,0,1,0,0,0,0,0,0,0,0,0,0,0,0,0,0,0,0,0,1,0,0,0,0,1,0,0,0,0,0,0,0,0,0,0,0,0,0,0,0,0,0,0,1,0,0,0,1,0,0,0,0,0,0,0,0,0,0,0,0,0,0,0,0,0,0,0,1,0,0,0,0,0,0,0,0,0,0,0,0,1.6746109443371286,1.0,0.6480142570380834,1.0,1.6144968312119519,1.0,1.5291775454557879,1.0,179229.10999999987,662703.5274999999
2,0,6,177395.46999999974,662145.5199999996,0,0.0,100.03317797453704,2205,0,0,0,0,1,0,0,0,0,0,0,0,0.0,1.0,1,0,6,179062.41999999993,665885.5,0,0.0,57.70347885416667,1366,0,0,0,0,0,0,0,0,1,0,0,0,0.0,1.0,2,0,10,178547.0,665523.4900000002,0,0.0,55.745145578703706,1540,0,0,0,0,0,0,0,0,1,0,0,0,0.0,1.0,2,5,5,179550.23000000045,664367.3100000005,0,3.2763,0.0,2205,0,0,0,0,1,0,0,0,0,0,0,0,0.01745240643728344,-0.9998476951563913,1,0,0,1,0,0,0,0,0,0,0,0,0,0,0,0,0,1,0,0,0,0,1,0,0,0,0,0,0,0,0,0,0,0,0,0,0,0,0,0,1,0,0,0,0,1,0,0,0,0,0,0,0,0,0,0,0,0,0,0,0,0,0,0,1,0,0,1,0,0,0,0,0,0,0,0,0,0,0,0,0,0,0,0,0,0,1,0,0,0,0,0,0,0,0,0,0,0,0,0,0,2.340239339516306,1.0,1.2982732438580382,1.0,0.9263072684139094,1.0,0.8125216137342894,1.0,178638.78000000003,664480.4550000001
1,0,10,183694.99000000025,652624.1099999994,0,0.0,91.51970372685186,738,0,0,0,0,0,0,0,0,0,1,0,0,0.0,1.0,2,0,6,183335.50999999975,652308.7599999998,0,963.0252666666667,0.0,1295,0,0,0,0,0,1,0,0,0,0,0,0,0.0,1.0,2,5,5,180311.6200000001,653909.7100000009,0,8.190633333333333,0.0,395,0,0,0,1,0,0,0,0,0,0,0,0,0.9961946980917455,0.08715574274765814,2,5,5,183203.25,651190.9100000001,0,2.52375,0.0,395,0,0,0,1,0,0,0,0,0,0,0,0,0.4383711467890774,0.898794046299167,0,0,0,1,0,0,0,0,0,0,0,0,0,0,0,0,0,1,0,0,0,0,1,0,0,0,0,0,0,0,0,0,0,0,0,0,0,0,0,0,1,0,0,0,1,0,0,0,0,0,0,0,0,0,0,0,0,0,0,0,0,1,0,0,0,0,0,1,0,0,0,0,0,0,0,0,0,0,0,0,0,0,0,1,0,0,0,0,0,0,0,0,0,0,0,0,0,0,0,0,0,0.9169658889976571,1.0,0.6260635225126178,1.0,2.3372169596949024,1.0,1.23494788067298,1.0,182636.34250000003,652508.3725
2,0,10,177424.86000000034,662262.4000000004,0,0.0,103.34093015046297,785,0,0,0,0,0,0,0,1,0,0,0,0,0.0,1.0,2,0,10,180636.83000000007,664833.2699999996,0,0.0,58.57847644675926,2205,0,0,0,0,1,0,0,0,0,0,0,0,0.0,1.0,2,0,10,178618.1799999997,665686.4600000009,0,0.0,56.28680978009259,1540,0,0,0,0,0,0,0,0,1,0,0,0,0.0,1.0,2,0,6,181342.98000000045,668185.9800000004,0,773.0060833333333,0.0,1295,0,0,0,0,0,1,0,0,0,0,0,0,0.0,1.0,1,0,0,1,0,0,0,0,0,0,0,0,0,0,0,0,0,1,0,0,0,0,1,0,0,0,0,0,0,0,0,0,0,0,0,0,0,0,0,0,1,0,0,0,0,1,0,0,0,0,0,0,0,0,0,0,0,0,0,0,0,0,0,0,1,0,0,0,1,0,0,0,0,0,0,0,0,0,0,0,0,0,0,0,0,0,0,0,1,0,0,0,0,0,0,0,0,0,0,0,0,1.9756722807807117,1.0,0.6538150749407198,1.0,0.5395901610667242,1.0,1.8864745812422241,1.0,179505.71250000014,665242.0275000003
2,0,6,177405.6900000004,662240.8399999999,0,0.0,100.53316293981482,2205,0,0,0,0,1,0,0,0,0,0,0,0,0.0,1.0,17,0,10,178661.00999999978,663015.4499999993,0,0.0,71.02643844907408,790,0,0,0,0,0,0,0,0,0,0,1,0,0.0,1.0,2,0,6,179459.23000000045,663508.2300000004,0,772.9880333333333,0.0,2205,0,0,0,0,1,0,0,0,0,0,0,0,0.0,1.0,1,0,6,179882.91999999993,663430.5600000005,0,772.9880333333333,0.0,2205,0,0,0,0,1,0,0,0,0,0,0,0,0.0,1.0,1,0,0,1,0,0,0,0,0,0,0,0,0,0,0,0,0,1,0,0,0,0,1,0,0,0,0,0,0,0,0,0,0,0,0,0,0,0,0,0,1,0,0,0,0,1,0,0,0,0,0,0,0,0,0,0,0,0,0,0,0,0,0,0,1,0,0,0,1,0,0,0,0,0,0,0,0,0,0,0,0,0,0,0,0,0,0,0,1,0,0,0,0,0,0,0,0,0,0,0,0,2.2915664371052364,1.0,0.26843369266502487,1.0,1.0529349189354549,1.0,1.5202061892012142,1.0,178852.21250000014,663048.77
2,0,7,177349.91999999993,661773.3100000005,0,0.0,100.7067872800926,2205,0,0,0,0,1,0,0,0,0,0,0,0,0.0,1.0,2,0,7,177349.91999999993,661773.3100000005,0,0.0,100.7067872800926,2205,0,0,0,0,1,0,0,0,0,0,0,0,0.0,1.0,2,0,6,178254.65000000037,664765.3200000003,0,483.05701666666664,0.0,738,0,0,0,0,0,0,0,0,0,1,0,0,0.0,1.0,2,0,6,178254.65000000037,664765.3200000003,0,483.05701666666664,0.0,738,0,0,0,0,0,0,0,0,0,1,0,0,0.0,1.0,1,0,0,1,0,0,0,0,0,0,0,0,0,0,0,0,0,1,0,0,0,0,1,0,0,0,0,0,0,0,0,0,0,0,0,0,0,0,0,0,1,0,0,0,0,1,0,0,0,0,0,0,0,0,0,0,0,0,0,0,0,0,0,0,1,0,0,0,1,0,0,0,0,0,0,0,0,0,0,0,0,0,0,0,0,0,0,0,1,0,0,2,2,0,0,0,0,0,0,0,0,1.6043182405082692,1.0,1.6043182405082692,1.0,1.6043182405082692,1.0,1.6043182405082692,1.0,177802.28500000015,663269.3150000004
2,0,10,178747.04000000004,666085.1899999995,0,0.0,94.01101988425926,1000,0,0,0,0,0,1,0,0,0,0,0,0,0.0,1.0,2,0,10,178578.91999999993,665596.5600000005,0,0.0,53.82847358796296,1540,0,0,0,0,0,0,0,0,1,0,0,0,0.0,1.0,1,5,5,179117.66000000015,663981.2599999998,0,25.785183333333332,0.0,1000,0,0,0,0,0,1,0,0,0,0,0,0,0.0,1.0,1,1,8,178766.51999999955,665856.6699999999,0,14.751833333333334,0.0,1000,0,0,0,0,0,1,0,0,0,0,0,0,-0.01745240643728445,0.9998476951563913,1,0,0,1,0,0,0,0,0,0,0,0,0,0,0,0,0,1,0,0,0,0,1,0,0,0,0,0,0,0,0,0,0,0,0,0,0,0,0,0,1,0,0,0,0,1,0,0,0,0,0,0,0,0,0,0,0,0,0,0,0,0,0,1,0,0,0,0,0,1,0,0,0,0,1,0,0,0,0,0,0,0,0,0,0,0,0,0,0,0,0,0,0,0,0,0,0,0,0,0,0,1.3846759520318297,1.0,0.609391245529993,1.0,2.8061883200110893,0.0,0.9357908370118464,1.0,238403.3799999999,887173.2266666666
2,0,10,179193.58000000007,662978.9499999993,0,0.0,157.87876815972223,1141,0,0,0,0,0,0,1,0,0,0,0,0,0.0,1.0,2,0,10,179100.08999999985,663100.0700000003,0,0.0,157.8787681712963,1141,0,0,0,0,0,0,1,0,0,0,0,0,0.0,1.0,17,0,10,178733.74000000022,662995.6600000001,0,0.0,70.52644180555555,790,0,0,0,0,0,0,0,0,0,0,1,0,0.0,1.0,1,0,10,179022.34999999963,665899.0600000005,0,0.0,57.70347880787037,1366,0,0,0,0,0,0,0,0,1,0,0,0,0.0,1.0,1,0,0,1,0,0,0,0,0,0,0,0,0,0,0,0,0,1,0,0,0,0,1,0,0,0,0,0,0,0,0,0,0,0,0,0,0,0,0,0,1,0,0,0,0,1,0,0,0,0,0,0,0,0,0,0,0,0,0,0,0,0,0,0,1,0,0,0,1,0,0,0,0,0,0,0,0,0,0,0,0,0,0,0,0,0,0,0,1,0,0,0,0,0,0,0,0,0,0,0,0,1.1086092052608423,1.0,0.9162186281109658,1.0,1.126065968104921,1.0,3.041767944133953,0.0,238683.25333333327,884991.2466666667
1,0,10,183741.01999999955,652595.0,0,0.0,91.31832685185185,738,0,0,0,0,0,0,0,0,0,1,0,0,0.0,1.0,1,0,10,183741.01999999955,652595.0,0,0.0,91.31832685185185,738,0,0,0,0,0,0,0,0,0,1,0,0,0.0,1.0,1,0,10,183741.01999999955,652595.0,0,0.0,91.31832685185185,738,0,0,0,0,0,0,0,0,0,1,0,0,0.0,1.0,1,0,10,183694.99000000025,652624.1099999994,0,0.0,91.31832690972222,738,0,0,0,0,0,0,0,0,0,1,0,0,0.0,1.0,0,0,0,1,0,0,0,0,0,0,0,0,0,0,0,0,0,1,0,0,0,0,1,0,0,0,0,0,0,0,0,0,0,0,0,0,0,0,0,0,1,0,0,0,0,1,0,0,0,0,0,0,0,0,0,0,0,0,0,0,0,0,0,0,1,0,0,0,1,0,0,0,0,0,0,0,0,0,0,0,0,0,0,0,0,0,0,0,1,0,0,4,0,0,0,0,0,0,0,0,0,0.8369412091511839,1.0,0.8369412091511839,1.0,0.8369412091511839,1.0,2.5108236274520395,0.0,244972.68333333297,870136.3699999998
1,0,10,186647.59999999963,695230.3699999992,0,0.0,29.752354548611113,738,0,0,0,0,0,0,0,0,0,1,0,0,0.0,1.0,1,0,10,186810.84999999963,695239.0700000003,0,0.0,29.75235486111111,738,0,0,0,0,0,0,0,0,0,1,0,0,0.0,1.0,2,5,5,188445.9500000002,690878.6899999995,0,29.723833333333335,0.0,1141,0,0,0,0,0,0,1,0,0,0,0,0,0.9205048534524404,-0.3907311284892736,2,5,5,186691.98000000045,693961.4900000002,0,21.7731,0.0,649,0,0,0,0,0,0,1,0,0,0,0,0,-0.017452406437283192,-0.9998476951563913,0,0,0,1,0,0,0,0,0,0,0,0,0,0,0,0,0,1,0,0,0,0,1,0,0,0,0,0,0,0,0,0,0,0,0,0,0,0,0,0,1,0,0,0,1,0,0,0,0,0,0,0,0,0,0,0,0,0,0,0,1,0,0,0,0,0,0,1,0,0,0,0,0,0,0,0,0,0,0,0,0,0,0,0,0,0,1,0,0,0,0,0,0,0,0,0,0,0,0,0,0,1.1772560823023075,1.0,1.1470092279290809,1.0,2.545329287812792,0.0,0.3764107133472245,1.0,249532.12666666662,925103.2066666664
2,0,6,177381.6299999999,661904.2699999996,0,0.0,103.17426677083333,785,0,0,0,0,0,0,0,1,0,0,0,0,0.0,1.0,2,0,6,177395.46999999974,662145.5199999996,0,0.0,100.40817878472222,2205,0,0,0,0,1,0,0,0,0,0,0,0,0.0,1.0,2,0,10,178547.0,665523.4900000002,0,0.0,56.12014638888889,1540,0,0,0,0,0,0,0,0,1,0,0,0,0.0,1.0,2,5,5,184415.58000000007,668243.1199999992,0,4.360816666666667,0.0,738,0,0,0,0,0,0,0,0,0,1,0,0,-0.9271838545667873,-0.3746065934159123,1,0,0,1,0,0,0,0,0,0,0,0,0,0,0,0,0,1,0,0,0,0,1,0,0,0,0,0,0,0,0,0,0,0,0,0,0,0,0,0,1,0,0,0,0,1,0,0,0,0,0,0,0,0,0,0,0,0,0,0,0,0,0,0,1,0,0,1,0,0,0,0,0,0,0,0,0,0,0,0,0,0,0,0,0,0,1,0,0,0,0,2,0,0,0,0,0,0,0,0,0,1.1843936934771637,1.0,1.1144344677959004,1.0,0.502863207147444,1.0,2.2640614490947817,1.0,179434.91999999993,664454.0999999996
2,0,6,183335.50999999975,652308.7599999998,0,893.0060166666667,0.0,1295,0,0,0,0,0,1,0,0,0,0,0,0,0.0,1.0,1,0,6,178155.11000000034,654834.6099999994,0,953.0044,0.0,1295,0,0,0,0,0,1,0,0,0,0,0,0,0.0,1.0,1,0,6,182872.16999999995,651485.9199999999,0,953.0044333333333,0.0,1295,0,0,0,0,0,1,0,0,0,0,0,0,0.0,1.0,1,0,6,178177.33999999985,654886.4199999999,0,953.0044666666666,0.0,1295,0,0,0,0,0,1,0,0,0,0,0,0,0.0,1.0,0,0,0,1,0,0,0,0,0,0,0,0,0,0,0,0,0,1,0,0,0,0,1,0,0,0,0,0,0,0,0,0,0,0,0,0,0,0,0,0,1,0,0,0,0,1,0,0,0,0,0,0,0,0,0,0,0,0,0,0,0,0,0,0,1,0,0,0,1,0,0,0,0,0,0,0,0,0,0,0,0,0,0,0,0,0,0,0,1,0,0,0,0,0,0,0,0,0,0,0,0,1.4581431971772831,1.0,1.4434834662583684,1.0,1.471083204099093,1.0,1.4472978161108732,1.0,180635.03249999997,653378.9274999998
2,0,6,166639.40000000037,634053.9499999993,0,772.9870333333333,0.0,2205,0,0,0,0,1,0,0,0,0,0,0,0,0.0,1.0,2,0,6,166600.8099999996,634100.1199999992,0,772.98705,0.0,2205,0,0,0,0,1,0,0,0,0,0,0,0,0.0,1.0,2,0,6,166706.13999999966,633958.7799999993,0,772.9875333333333,0.0,2205,0,0,0,0,1,0,0,0,0,0,0,0,0.0,1.0,2,5,6,168145.8799999999,633772.4800000004,0,15.0398,0.0,170,0,0,0,0,0,0,0,0,0,0,1,0,-0.9945218953682734,-0.10452846326765336,0,0,0,1,0,0,0,0,0,0,0,0,0,0,0,0,0,1,0,0,0,0,1,0,0,0,0,0,0,0,0,0,0,0,0,0,0,0,0,0,1,0,0,0,0,1,0,0,0,0,0,0,0,0,0,0,0,0,0,0,0,0,0,0,1,0,0,0,0,1,0,0,0,0,1,0,0,0,0,0,0,0,0,0,0,0,0,0,0,0,0,3,0,0,0,0,0,0,0,0,0,1.012823897728823,1.0,1.1392784569346683,1.0,0.8185284676049763,1.0,2.9428246989365445,0.0,222697.40999999983,845295.1099999994
2,5,8,179962.33999999985,653927.1099999994,0,33.03171666666667,0.0,2324,0,0,0,0,1,0,0,0,0,0,0,0,0.9702957262759965,-0.24192189559966779,2,1,5,180359.83999999985,653912.5299999993,0,19.64805,0.0,2324,0,0,0,0,1,0,0,0,0,0,0,0,0.9998476951563913,-0.017452406437283477,1,5,5,184097.2000000002,650626.0899999999,0,5.34795,0.0,2324,0,0,0,0,1,0,0,0,0,0,0,0,0.25881904510252074,0.9659258262890683,2,5,5,181766.1900000004,650712.6300000008,0,3.4149666666666665,0.0,2324,0,0,0,0,1,0,0,0,0,0,0,0,-0.798635510047293,0.6018150231520479,0,0,1,0,0,0,0,0,0,0,0,0,0,0,0,0,1,0,0,0,0,1,0,0,0,0,0,0,0,0,0,0,0,0,0,0,0,0,1,0,0,0,0,0,1,0,0,0,0,0,0,0,0,0,0,0,0,0,0,0,0,1,0,0,0,0,0,0,0,1,0,0,0,0,0,0,0,0,0,0,0,0,0,0,0,0,0,0,0,0,1,2,0,0,0,0,0,0,0,0,0,1.402608545350336,1.0,1.2371607267527966,1.0,1.8794407599572003,1.0,0.9848186563917998,1.0,181546.39250000007,652294.5899999999
2,0,10,179107.7000000002,663112.9000000004,0,0.0,110.10614135416667,2205,0,0,0,0,1,0,0,0,0,0,0,0,0.0,1.0,2,0,10,177386.4299999997,662058.9399999995,0,0.0,107.11650012731481,2205,0,0,0,0,1,0,0,0,0,0,0,0,0.0,1.0,2,0,6,177412.58000000007,662309.3499999996,0,0.0,107.11650017361112,2205,0,0,0,0,1,0,0,0,0,0,0,0,0.0,1.0,1,0,7,180774.2199999997,661479.4800000004,0,0.0,6.968514039351851,1141,0,0,0,0,0,0,1,0,0,0,0,0,0.0,1.0,1,0,0,1,0,0,0,0,0,0,0,0,0,0,0,0,0,1,0,0,0,0,1,0,0,0,0,0,0,0,0,0,0,0,0,0,0,0,0,0,1,0,0,0,0,1,0,0,0,0,0,0,0,0,0,0,0,0,0,0,0,0,0,0,1,0,0,0,1,0,0,0,0,0,0,0,0,0,0,0,0,0,0,0,0,0,0,0,1,0,0,2,0,0,0,0,0,0,0,0,0,0.982308185189065,1.0,1.30459315289921,1.0,1.267386259698553,1.0,2.2511893045464046,1.0,178670.23249999993,662240.1675
1,0,10,179748.33000000007,666135.5099999998,0,0.0,182.62015452546297,395,0,0,0,1,0,0,0,0,0,0,0,0,0.0,1.0,2,0,10,179177.2000000002,662945.9700000007,0,0.0,155.3346684837963,1141,0,0,0,0,0,0,1,0,0,0,0,0,0.0,1.0,17,0,10,178626.95999999996,663024.7799999993,0,0.0,70.98477261574074,790,0,0,0,0,0,0,0,0,0,0,1,0,0.0,1.0,1,0,7,180759.6799999997,661531.8699999992,0,0.0,25.36437912037037,1141,0,0,0,0,0,0,1,0,0,0,0,0,0.0,1.0,1,0,0,1,0,0,0,0,0,0,0,0,0,0,0,0,0,1,0,0,0,0,1,0,0,0,0,0,0,0,0,0,0,0,0,0,0,0,0,0,1,0,0,0,0,1,0,0,0,0,0,0,0,0,0,0,0,0,0,0,0,0,0,0,1,0,0,0,1,0,0,0,0,0,0,0,0,0,0,0,0,0,0,0,0,0,0,0,1,0,0,0,0,0,0,0,0,0,0,0,0,2.2104188006602454,1.0,0.4959627651450068,1.0,0.8303031590305221,1.0,1.795445574891263,1.0,179578.04249999998,663409.5324999997
2,0,10,179211.83999999985,663036.8800000008,0,0.0,158.83710446759258,1141,0,0,0,0,0,0,1,0,0,0,0,0,0.0,1.0,2,0,10,178747.04000000004,666085.1899999995,0,0.0,96.8860280787037,1000,0,0,0,0,0,1,0,0,0,0,0,0,0.0,1.0,2,0,10,180636.83000000007,664833.2699999996,0,0.0,58.99514853009259,2205,0,0,0,0,1,0,0,0,0,0,0,0,0.0,1.0,2,0,10,178578.91999999993,665596.5600000005,0,0.0,56.703481770833335,1540,0,0,0,0,0,0,0,0,1,0,0,0,0.0,1.0,1,0,0,1,0,0,0,0,0,0,0,0,0,0,0,0,0,1,0,0,0,0,1,0,0,0,0,0,0,0,0,0,0,0,0,0,0,0,0,0,1,0,0,0,0,1,0,0,0,0,0,0,0,0,0,0,0,0,0,0,0,0,0,0,1,0,0,0,1,0,0,0,0,0,0,0,0,0,0,0,0,0,0,0,0,0,0,0,1,0,0,0,0,0,0,0,0,0,0,0,0,1.8835006029389223,1.0,1.3378318883754365,1.0,1.366485241185361,1.0,1.0230706500882905,1.0,179293.65749999997,664887.9750000001
2,0,10,178747.04000000004,666085.1899999995,0,0.0,53.74514412037037,1540,0,0,0,0,0,0,0,0,1,0,0,0,0.0,1.0,1,0,6,176766.50999999978,661726.2799999993,0,772.9742166666666,0.0,790,0,0,0,0,0,0,0,0,0,0,1,0,0.0,1.0,1,5,5,179371.23000000045,662358.8300000001,0,28.774283333333333,0.0,2205,0,0,0,0,1,0,0,0,0,0,0,0,-0.01745240643728445,0.9998476951563913,2,5,5,182726.5499999998,669556.4800000004,0,20.39095,0.0,2205,0,0,0,0,1,0,0,0,0,0,0,0,0.9986295347545738,-0.05233595624294362,1,0,0,1,0,0,0,0,0,0,0,0,0,0,0,0,0,1,0,0,0,0,1,0,0,0,0,0,0,0,0,0,0,0,0,0,0,0,0,0,1,0,0,0,0,0,1,0,0,0,0,0,0,0,0,0,0,0,0,0,0,0,0,0,0,1,0,1,0,0,0,0,0,0,0,0,0,0,0,0,0,0,0,0,0,0,1,0,0,0,0,0,0,0,0,0,0,0,0,0,0,0.5013365585589737,1.0,1.5681057934981566,1.0,0.9721806979271753,1.0,2.151835674807941,1.0,179402.83250000002,664931.6949999998
2,4,5,186015.00999999975,664062.1999999993,0,23.040666666666667,0.0,1141,0,0,0,0,0,0,1,0,0,0,0,0,0.20791169081775931,0.9781476007338057,10,0,5,186458.83999999985,664975.5999999996,0,3.27435,0.0,1141,0,0,0,0,0,0,1,0,0,0,0,0,0.10452846326765346,0.9945218953682733,2,5,5,186014.24000000025,664058.8699999992,0,30.57495,0.0,649,0,0,0,0,0,0,1,0,0,0,0,0,0.20791169081775931,0.9781476007338057,2,3,5,185986.29000000004,663914.2699999996,0,9.74055,0.0,649,0,0,0,0,0,0,1,0,0,0,0,0,0.12186934340514748,0.992546151641322,0,0,1,0,0,0,0,0,0,0,0,0,0,0,0,1,0,0,0,0,0,1,0,0,0,0,0,0,0,0,0,0,0,0,0,0,0,0,1,0,0,0,0,0,1,0,0,0,0,0,0,0,0,0,0,0,0,0,0,0,1,0,0,0,0,0,0,1,0,0,0,0,0,0,0,0,0,0,0,0,0,0,0,0,0,0,1,0,0,0,0,3,0,0,0,0,0,0,0,0,0,0.7014207167559052,1.0,2.5839720129018344,0.0,0.7120785118315064,1.0,1.1753469416888747,1.0,248158.12666666662,885670.3133333325
2,0,8,177947.29000000004,658711.3100000005,0,0.0,82.67714018518518,1540,0,0,0,0,0,0,0,0,1,0,0,0,0.0,1.0,2,0,10,177937.33999999985,658564.3000000007,0,0.0,82.67714049768519,1540,0,0,0,0,0,0,0,0,1,0,0,0,0.0,1.0,1,5,6,178003.3799999999,658890.1899999995,0,20.8821,0.0,2324,0,0,0,0,1,0,0,0,0,0,0,0,-0.9986295347545738,0.052335956242943946,2,5,5,177782.9500000002,659022.3200000003,0,15.1655,0.0,2324,0,0,0,0,1,0,0,0,0,0,0,0,-0.0348994967025009,-0.9993908270190958,0,0,0,1,0,0,0,0,0,0,0,0,0,0,0,0,0,1,0,0,0,0,1,0,0,0,0,0,0,0,0,0,0,0,0,0,0,0,0,0,1,0,0,0,1,0,0,0,0,0,0,0,0,0,0,0,0,0,0,0,1,0,0,0,0,0,0,1,0,0,0,0,0,0,0,0,0,0,0,0,0,0,0,0,0,1,0,0,0,0,0,2,0,0,0,0,0,0,0,0,0,0.7092534228521336,1.0,1.8269346030388391,1.0,0.9898564323973691,1.0,2.0536240113751307,1.0,177917.74,658797.0300000003
2,0,6,166776.03000000026,633865.5899999999,0,1023.0081833333334,0.0,2205,0,0,0,0,1,0,0,0,0,0,0,0,0.0,1.0,2,0,6,166776.03000000026,633865.5899999999,0,1023.0081833333334,0.0,2205,0,0,0,0,1,0,0,0,0,0,0,0,0.0,1.0,2,0,6,167042.24000000022,633549.8699999992,0,1023.0084166666667,0.0,2205,0,0,0,0,1,0,0,0,0,0,0,0,0.0,1.0,2,0,6,167042.24000000022,633549.8699999992,0,1023.0084166666667,0.0,2205,0,0,0,0,1,0,0,0,0,0,0,0,0.0,1.0,0,0,0,1,0,0,0,0,0,0,0,0,0,0,0,0,0,1,0,0,0,0,1,0,0,0,0,0,0,0,0,0,0,0,0,0,0,0,0,0,1,0,0,0,0,1,0,0,0,0,0,0,0,0,0,0,0,0,0,0,0,0,0,0,1,0,0,0,1,0,0,0,0,0,0,0,0,0,0,0,0,0,0,0,0,0,0,0,1,0,0,4,0,0,0,0,0,0,0,0,0,1.4193226762585738,1.0,1.4193226762585738,1.0,1.4193226762585738,1.0,1.4193226762585738,1.0,166909.13500000024,633707.7299999995
2,0,10,179100.08999999985,663100.0700000003,0,0.0,158.5037653935185,1141,0,0,0,0,0,0,1,0,0,0,0,0,0.0,1.0,17,0,10,178733.74000000022,662995.6600000001,0,0.0,71.15143901620371,790,0,0,0,0,0,0,0,0,0,0,1,0,0.0,1.0,1,0,6,179062.41999999993,665885.5,0,0.0,58.328476064814815,1366,0,0,0,0,0,0,0,0,1,0,0,0,0.0,1.0,1,0,6,179494.9299999997,663510.6500000004,0,952.98885,0.0,2205,0,0,0,0,1,0,0,0,0,0,0,0,0.0,1.0,1,0,0,1,0,0,0,0,0,0,0,0,0,0,0,0,0,1,0,0,0,0,1,0,0,0,0,0,0,0,0,0,0,0,0,0,0,0,0,0,1,0,0,0,0,1,0,0,0,0,0,0,0,0,0,0,0,0,0,0,0,0,0,0,1,0,0,0,1,0,0,0,0,0,0,0,0,0,0,0,0,0,0,0,0,0,0,0,1,0,0,0,0,0,0,0,0,0,0,0,0,1.0677443900339,1.0,1.3121866799125064,1.0,2.780683243097556,0.0,0.7426513582765197,1.0,238797.0599999999,885163.9600000003
2,0,6,177381.6299999999,661904.2699999996,0,0.0,102.84093195601852,785,0,0,0,0,0,0,0,1,0,0,0,0,0.0,1.0,2,0,6,177395.46999999974,662145.5199999996,0,0.0,100.0748439699074,2205,0,0,0,0,1,0,0,0,0,0,0,0,0.0,1.0,2,0,7,177403.1200000001,662212.1300000008,0,0.0,100.07483243055556,2205,0,0,0,0,1,0,0,0,0,0,0,0,0.0,1.0,2,0,10,178547.0,665523.4900000002,0,0.0,55.78681157407407,1540,0,0,0,0,0,0,0,0,1,0,0,0,0.0,1.0,1,0,0,1,0,0,0,0,0,0,0,0,0,0,0,0,0,1,0,0,0,0,1,0,0,0,0,0,0,0,0,0,0,0,0,0,0,0,0,0,1,0,0,0,0,1,0,0,0,0,0,0,0,0,0,0,0,0,0,0,0,0,0,0,1,0,0,0,1,0,0,0,0,0,0,0,0,0,0,0,0,0,0,0,0,0,0,0,1,0,0,3,0,0,0,0,0,0,0,0,0,1.0888681363856891,1.0,0.8539440726169885,1.0,0.7885294933229724,1.0,2.729556964104535,0.0,236909.07333333325,883928.4700000001
1,0,10,182329.61000000036,665960.5199999996,0,0.0,42.45566335648148,2205,0,0,0,0,1,0,0,0,0,0,0,0,0.0,1.0,2,5,7,183236.11000000036,663118.6999999993,0,25.025016666666666,0.0,787,0,0,0,0,0,0,0,0,0,1,0,0,-0.32556815445715753,0.9455185755993165,2,5,5,181238.8700000001,665696.6199999992,0,17.724466666666668,0.0,787,0,0,0,0,0,0,0,0,0,1,0,0,0.4694715627858908,0.882947592858927,2,5,7,183466.9299999997,663018.0199999996,0,18.905166666666666,0.0,170,0,0,0,0,0,0,0,0,0,0,1,0,-0.9961946980917455,0.08715574274765789,0,0,0,1,0,0,0,0,0,0,0,0,0,0,0,0,0,1,0,0,0,1,0,0,0,0,0,0,0,0,0,0,0,0,0,0,0,0,1,0,0,0,0,0,1,0,0,0,0,0,0,0,0,0,0,0,0,0,0,0,0,0,1,0,0,0,0,1,0,0,0,0,0,0,0,0,0,0,0,0,0,0,0,1,0,0,0,0,0,0,0,0,0,0,0,0,0,0,0,0,0,1.3540711666733123,1.0,1.3164838495178472,1.0,1.6128297370619362,1.0,1.4945482196870004,1.0,182567.88000000012,664448.4649999994
2,0,10,178578.91999999993,665596.5600000005,0,0.0,54.828475671296296,1540,0,0,0,0,0,0,0,0,1,0,0,0,0.0,1.0,2,0,10,178672.3799999999,665806.7899999991,0,0.0,54.828475671296296,1540,0,0,0,0,0,0,0,0,1,0,0,0,0.0,1.0,1,5,5,178600.40000000037,664407.5999999996,0,19.538233333333334,0.0,1000,0,0,0,0,0,1,0,0,0,0,0,0,-0.9205048534524405,0.3907311284892735,1,2,6,177937.5499999998,662137.0299999993,0,10.2383,0.0,1000,0,0,0,0,0,1,0,0,0,0,0,0,-0.9335804264972021,0.35836794954529955,1,0,0,1,0,0,0,0,0,0,0,0,0,0,0,0,0,1,0,0,0,0,1,0,0,0,0,0,0,0,0,0,0,0,0,0,0,0,0,0,1,0,0,0,1,0,0,0,0,0,0,0,0,0,0,0,0,0,0,0,0,0,1,0,0,0,0,1,0,0,0,0,0,0,0,0,0,0,0,0,0,0,0,0,0,0,1,0,0,0,0,2,0,0,0,0,0,0,0,0,0,1.2738928657822528,1.0,1.5264330470162606,1.0,0.19661297800223776,1.0,2.7415284570919205,0.0,237929.75,885982.6599999996
2,0,6,177381.6299999999,661904.2699999996,0,0.0,102.9659314699074,785,0,0,0,0,0,0,0,1,0,0,0,0,0.0,1.0,2,0,6,177395.46999999974,662145.5199999996,0,0.0,100.19984347222223,2205,0,0,0,0,1,0,0,0,0,0,0,0,0.0,1.0,2,5,5,183617.6200000001,668212.4199999999,0,17.207966666666668,0.0,649,0,0,0,0,0,0,1,0,0,0,0,0,-0.9743700647852351,-0.22495105434386525,2,5,10,181255.0,663225.5500000007,0,17.207966666666668,0.0,649,0,0,0,0,0,0,1,0,0,0,0,0,0.3090169943749475,-0.9510565162951535,1,0,0,1,0,0,0,0,0,0,0,0,0,0,0,0,0,1,0,0,0,0,1,0,0,0,0,0,0,0,0,0,0,0,0,0,0,0,0,0,1,0,0,0,1,0,0,0,0,0,0,0,0,0,0,0,0,0,0,1,0,0,0,0,0,0,0,0,0,1,0,0,0,0,1,0,0,0,0,0,0,0,0,0,0,0,0,0,0,0,0,2,0,0,0,0,0,0,0,0,0,1.2297993694948537,1.0,1.1708835737035974,1.0,2.1892978681030515,1.0,0.5716302468856995,1.0,179912.42999999993,663871.94
2,5,6,180614.9400000004,653861.9900000002,0,17.697683333333334,0.0,1353,0,0,0,0,0,0,0,1,0,0,0,0,-0.9396926207859085,0.34202014332566816,1,1,5,177599.98000000045,655050.2799999993,0,15.931516666666667,0.0,1353,0,0,0,0,0,0,0,1,0,0,0,0,0.8829475928589271,-0.46947156278589053,2,5,8,182404.58000000007,653703.1999999993,0,13.964233333333333,0.0,1353,0,0,0,0,0,0,0,1,0,0,0,0,-0.9205048534524405,0.3907311284892735,2,5,10,182405.58999999985,651013.5,0,9.614783333333333,0.0,1353,0,0,0,0,0,0,0,1,0,0,0,0,0.48480962024633706,0.8746197071393957,0,0,1,0,0,0,0,0,0,0,0,0,0,1,0,0,0,0,0,0,0,1,0,0,0,0,0,0,0,0,0,0,0,0,0,0,0,0,1,0,0,0,0,0,0,0,1,0,0,0,0,0,0,1,0,0,0,0,0,0,0,0,0,0,0,0,0,0,0,1,0,0,0,0,0,1,0,0,0,0,0,0,0,0,0,0,0,0,0,0,0,0,0,0,0,0,0,0,0,0,0,0.27684745198915595,1.0,2.068685731524959,1.0,0.9735896543984205,1.0,1.6899832006359126,1.0,180756.2725000002,653407.2424999997
2,5,5,185714.6900000004,665016.9000000004,0,3.4665166666666667,0.0,1353,0,0,0,0,0,0,0,1,0,0,0,0,-0.05233595624294437,0.9986295347545738,2,5,5,185458.75999999975,664828.4600000009,0,16.298266666666667,0.0,1540,0,0,0,0,0,0,0,0,1,0,0,0,-0.9816271834476641,0.19080899537654425,2,5,6,185514.8099999996,664817.0500000007,0,19.29785,0.0,1366,0,0,0,0,0,0,0,0,1,0,0,0,-0.9510565162951536,0.30901699437494723,2,4,6,186009.4500000002,664037.7100000009,0,4.7405,0.0,787,0,0,0,0,0,0,0,0,0,1,0,0,0.20791169081775931,0.9781476007338057,0,0,1,0,0,0,0,0,0,0,0,0,0,0,0,0,1,0,0,0,0,1,0,0,0,0,0,0,0,0,0,0,0,0,0,1,0,0,0,0,0,0,0,0,1,0,0,0,0,0,0,0,0,0,0,0,0,0,0,0,0,0,1,0,0,0,0,1,0,0,0,0,0,0,0,0,0,0,0,0,0,0,0,1,0,0,0,0,0,0,0,2,0,0,0,0,0,0,0,0,0,1.163006331868268,1.0,0.8942192799680672,1.0,0.7218352394404437,1.0,2.4325931973972703,1.0,185674.4275,664675.0300000007
2,5,5,182403.5599999996,674158.1799999997,0,6.107516666666666,0.0,235,1,0,0,0,0,0,0,0,0,0,0,0,0.9335804264972017,-0.35836794954530027,2,5,5,186296.58000000007,674953.9600000009,0,18.728866666666665,0.0,860,0,0,0,1,0,0,0,0,0,0,0,0,0.4694715627858911,-0.8829475928589268,2,5,9,184526.61000000036,676115.0500000007,0,11.028933333333333,0.0,860,0,0,0,1,0,0,0,0,0,0,0,0,-0.9902680687415704,0.13917310096006547,2,5,5,183924.9500000002,674729.5099999998,0,8.8118,0.0,860,0,0,0,1,0,0,0,0,0,0,0,0,-0.20791169081775907,-0.9781476007338057,0,0,0,0,1,0,0,0,1,0,0,0,0,0,0,0,0,0,0,0,0,1,0,0,0,0,0,0,0,0,0,0,0,0,0,0,1,0,0,0,0,0,0,0,1,0,0,0,0,0,0,0,0,0,0,0,0,0,0,0,1,0,0,0,0,0,0,1,0,0,0,0,0,0,0,0,0,0,0,0,0,0,0,0,1,0,0,0,0,0,0,0,0,0,0,0,0,0,0,0,0,1.955852892896302,1.0,1.9078949760877235,1.0,1.092997144856389,1.0,0.4238397818025505,1.0,184287.92500000005,674989.1750000003
2,0,10,177937.33999999985,658564.3000000007,0,0.0,82.30213502314815,1540,0,0,0,0,0,0,0,0,1,0,0,0,0.0,1.0,2,0,6,180618.8200000003,657705.8399999999,0,833.0075666666667,0.0,1295,0,0,0,0,0,1,0,0,0,0,0,0,0.0,1.0,2,0,6,177937.33999999985,658564.3000000007,0,833.0079166666667,0.0,1295,0,0,0,0,0,1,0,0,0,0,0,0,0.0,1.0,2,0,6,180765.86000000036,657536.9499999993,0,833.00795,0.0,1295,0,0,0,0,0,1,0,0,0,0,0,0,0.0,1.0,0,0,0,1,0,0,0,0,0,0,0,0,0,0,0,0,0,1,0,0,0,0,1,0,0,0,0,0,0,0,0,0,0,0,0,0,0,0,0,0,1,0,0,0,0,1,0,0,0,0,0,0,0,0,0,0,0,0,0,0,0,0,0,0,1,0,0,0,1,0,0,0,0,0,0,0,0,0,0,0,0,0,0,0,0,0,0,0,1,0,0,2,0,0,0,0,0,0,0,0,0,1.5708525545114835,1.0,1.4675496703414201,1.0,1.5708525545114835,1.0,1.6764962036032305,1.0,179314.84000000008,658092.8475000001
2,5,5,188464.83000000007,667243.4100000001,0,13.9805,0.0,860,0,0,0,1,0,0,0,0,0,0,0,0,0.13917310096006544,0.9902680687415704,2,5,5,188743.6399999997,664633.4000000004,0,11.2637,0.0,860,0,0,0,1,0,0,0,0,0,0,0,0,0.9986295347545738,0.052335956242943966,2,5,7,186856.53000000023,667632.0700000003,0,9.513766666666667,0.0,860,0,0,0,1,0,0,0,0,0,0,0,0,-0.9743700647852351,-0.22495105434386525,2,1,5,188445.8700000001,665634.7699999996,0,1.3802166666666666,0.0,860,0,0,0,1,0,0,0,0,0,0,0,0,0.12186934340514748,0.992546151641322,0,0,1,0,0,0,0,0,0,0,0,0,0,0,0,0,1,0,0,0,0,1,0,0,0,0,0,0,0,0,0,0,0,0,0,1,0,0,0,0,0,0,0,0,1,0,0,0,0,0,0,0,0,0,0,0,0,0,0,0,0,0,1,0,0,0,0,1,0,0,0,0,0,0,0,0,0,0,0,0,0,0,0,0,0,0,1,0,0,0,0,0,0,0,0,0,0,0,0,0,0,1.0378656315834074,1.0,1.8030994502248716,1.0,1.8930082585437218,1.0,0.7409585889120394,1.0,188127.71750000003,666285.9125000001
17,0,6,178698.5599999996,663005.4399999995,0,0.0,68.69310396990741,790,0,0,0,0,0,0,0,0,0,0,1,0,0.0,1.0,1,0,10,180749.91999999995,661572.5,0,0.0,23.07271042824074,1141,0,0,0,0,0,0,1,0,0,0,0,0,0.0,1.0,1,5,5,179117.66000000015,663981.2599999998,0,31.5697,0.0,649,0,0,0,0,0,0,1,0,0,0,0,0,-0.13917310096006588,0.9902680687415703,1,5,5,177230.79000000004,662310.6999999993,0,6.086383333333333,0.0,649,0,0,0,0,0,0,1,0,0,0,0,0,-0.3420201433256686,0.9396926207859084,1,0,0,1,0,0,0,0,0,0,0,0,0,0,0,0,0,1,0,0,0,0,1,0,0,0,0,0,0,0,0,0,0,0,0,0,0,0,0,0,1,0,0,0,0,1,0,0,0,0,0,0,0,0,0,0,0,0,0,0,0,0,0,1,0,0,0,1,0,0,0,0,0,0,0,0,0,0,0,0,0,0,0,1,0,0,0,0,0,0,0,0,0,0,0,0,0,0,0,0,0,0.3564769195867299,1.0,1.9924222808819658,1.0,1.1904403315127032,1.0,1.6488647515524442,1.0,178949.23249999993,662717.4749999996
1,0,10,186647.59999999963,695230.3699999992,0,0.0,30.127352534722224,738,0,0,0,0,0,0,0,0,0,1,0,0,0.0,1.0,1,0,10,186810.84999999963,695239.0700000003,0,0.0,30.12735275462963,738,0,0,0,0,0,0,0,0,0,1,0,0,0.0,1.0,1,0,10,186647.59999999963,695230.3699999992,0,0.0,30.16902105324074,738,0,0,0,0,0,0,0,0,0,1,0,0,0.0,1.0,1,0,10,186810.84999999963,695239.0700000003,0,0.0,30.16902136574074,738,0,0,0,0,0,0,0,0,0,1,0,0,0.0,1.0,0,0,0,1,0,0,0,0,0,0,0,0,0,0,0,0,0,1,0,0,0,0,1,0,0,0,0,0,0,0,0,0,0,0,0,0,0,0,0,0,1,0,0,0,0,1,0,0,0,0,0,0,0,0,0,0,0,0,0,0,0,0,0,0,1,0,0,0,1,0,0,0,0,0,0,0,0,0,0,0,0,0,0,0,0,0,0,0,1,0,0,0,0,0,0,0,0,0,0,0,0,1.9015022738187621,1.0,1.9015022738187621,1.0,1.9015022738187621,1.0,1.9015022738187621,1.0,186729.22499999963,695234.7199999997
1,0,10,187492.6399999997,659382.8399999999,0,0.0,86.53681650462963,787,0,0,0,0,0,0,0,0,0,1,0,0,0.0,1.0,1,0,10,187663.8200000003,659810.7899999991,0,0.0,84.70347143518518,1353,0,0,0,0,0,0,0,1,0,0,0,0,0.0,1.0,2,5,5,185681.48000000045,659895.9100000001,0,28.265583333333332,0.0,860,0,0,0,1,0,0,0,0,0,0,0,0,0.20791169081775931,0.9781476007338057,2,5,6,186949.3799999999,660193.3000000007,0,16.299316666666666,0.0,860,0,0,0,1,0,0,0,0,0,0,0,0,-0.19080899537654472,-0.981627183447664,0,0,0,1,0,0,0,0,0,0,0,0,0,0,0,0,0,1,0,0,0,0,1,0,0,0,0,0,0,0,0,0,0,0,0,0,0,0,0,0,1,0,0,0,1,0,0,0,0,0,0,0,0,0,0,0,0,0,0,0,0,0,1,0,0,0,0,1,0,0,0,0,0,0,0,0,0,0,0,0,0,0,0,1,0,0,0,0,0,0,0,0,0,0,0,0,0,0,0,0,0,1.3120147281446874,1.0,1.3444835938694328,1.0,2.3767150502557763,1.0,0.6986219246731038,1.0,186946.83000000007,659820.71
17,0,10,178661.00999999978,663015.4499999993,0,0.0,68.85977519675926,790,0,0,0,0,0,0,0,0,0,0,1,0,0.0,1.0,2,5,6,180548.9000000004,663640.4000000004,0,26.376366666666666,0.0,1366,0,0,0,0,0,0,0,0,1,0,0,0,-0.20791169081775907,-0.9781476007338057,2,5,5,180434.41000000012,662963.8399999999,0,10.342883333333333,0.0,1366,0,0,0,0,0,0,0,0,1,0,0,0,-0.9998476951563913,0.01745240643728313,2,5,5,178375.1299999999,665185.3699999992,0,3.342766666666667,0.0,1366,0,0,0,0,0,0,0,0,1,0,0,0,0.49999999999999994,0.8660254037844387,1,0,0,1,0,0,0,0,0,0,0,0,0,0,0,0,0,1,0,0,0,1,0,0,0,0,0,0,0,0,0,0,0,0,0,1,0,0,0,0,0,0,0,0,1,0,0,0,0,0,0,0,0,0,0,0,0,0,0,1,0,0,0,0,0,0,0,1,0,0,0,0,0,0,0,0,0,0,0,0,0,0,0,0,1,0,0,0,0,0,0,0,0,0,0,0,0,0,0,0,0,1.150649163432407,1.0,1.1066446562506882,1.0,1.255550487143492,1.0,1.9736676223408411,1.0,179504.86250000005,663701.2649999997
2,0,6,177356.33999999985,661702.3200000003,0,0.0,103.00759854166667,785,0,0,0,0,0,0,0,1,0,0,0,0,0.0,1.0,16,0,10,178580.53000000026,663032.5,0,0.0,70.73477450231482,790,0,0,0,0,0,0,0,0,0,0,1,0,0.0,1.0,1,0,6,180770.2999999998,661493.5800000001,0,0.0,25.11438097222222,1141,0,0,0,0,0,0,1,0,0,0,0,0,0.0,1.0,2,5,5,181323.5,664471.7200000007,0,6.991966666666666,0.0,785,0,0,0,0,0,0,0,1,0,0,0,0,-0.275637355816999,-0.9612616959383189,1,0,0,1,0,0,0,0,0,0,0,0,0,0,0,0,0,1,0,0,0,0,1,0,0,0,0,0,0,0,0,0,0,0,0,0,0,0,0,0,1,0,0,0,0,1,0,0,0,0,0,0,0,0,0,0,0,0,0,0,0,0,0,0,1,0,0,1,0,0,0,0,0,0,0,0,0,0,0,0,0,0,0,0,0,1,0,0,0,0,0,0,0,0,0,0,0,0,0,0,0,1.6838176921863566,1.0,0.7086579686865747,1.0,1.2332107364564444,1.0,1.8217913985901442,1.0,179507.66749999998,662675.0300000003
1,0,10,180135.2000000002,662368.6999999993,0,0.0,107.38402,1353,0,0,0,0,0,0,0,1,0,0,0,0,0.0,1.0,1,0,10,179022.34999999963,665899.0600000005,0,0.0,58.32847601851852,1366,0,0,0,0,0,0,0,0,1,0,0,0,0.0,1.0,2,0,6,179414.65000000037,663458.7200000007,0,952.9887833333333,0.0,2205,0,0,0,0,1,0,0,0,0,0,0,0,0.0,1.0,1,0,6,179222.96999999974,663009.2200000007,0,893.0054833333334,0.0,1295,0,0,0,0,0,1,0,0,0,0,0,0,0.0,1.0,1,0,0,1,0,0,0,0,0,0,0,0,0,0,0,0,0,1,0,0,0,0,1,0,0,0,0,0,0,0,0,0,0,0,0,0,0,0,0,0,1,0,0,0,0,1,0,0,0,0,0,0,0,0,0,0,0,0,0,0,0,0,0,0,1,0,0,0,1,0,0,0,0,0,0,0,0,0,0,0,0,0,0,0,0,0,0,0,1,0,0,0,0,0,0,0,0,0,0,0,0,1.6895653540109667,1.0,2.5690357189541757,0.0,0.25940615754285334,1.0,0.8102863306366967,1.0,239265.05666666664,884911.9000000004
1,0,10,182134.7000000002,666640.9199999999,0,0.0,47.319275231481484,1353,0,0,0,0,0,0,0,1,0,0,0,0,0.0,1.0,2,0,6,185539.86000000036,663891.3399999999,0,773.00615,0.0,1295,0,0,0,0,0,1,0,0,0,0,0,0,0.0,1.0,2,0,6,185531.2199999997,663934.3900000006,0,773.00625,0.0,1295,0,0,0,0,0,1,0,0,0,0,0,0,0.0,1.0,2,0,6,185535.0700000003,664068.2300000004,0,773.0063666666666,0.0,1295,0,0,0,0,0,1,0,0,0,0,0,0,0.0,1.0,0,0,0,1,0,0,0,0,0,0,0,0,0,0,0,0,0,1,0,0,0,0,1,0,0,0,0,0,0,0,0,0,0,0,0,0,0,0,0,0,1,0,0,0,0,1,0,0,0,0,0,0,0,0,0,0,0,0,0,0,0,0,0,0,1,0,0,0,1,0,0,0,0,0,0,0,0,0,0,0,0,0,0,0,0,0,0,0,1,0,0,3,0,0,0,0,0,0,0,0,0,2.465111083128695,1.0,0.8598216746661231,1.0,0.8336743191906607,1.0,0.7753218989579619,1.0,184685.21250000014,664633.7200000002
2,0,10,177321.38999999966,661428.4299999997,0,0.0,100.7992633449074,785,0,0,0,0,0,0,0,1,0,0,0,0,0.0,1.0,2,0,6,177426.34999999963,662419.4100000001,0,0.0,98.03316380787037,2205,0,0,0,0,1,0,0,0,0,0,0,0,0.0,1.0,2,0,10,178909.51999999955,666038.7699999996,0,0.0,93.92770081018519,1000,0,0,0,0,0,1,0,0,0,0,0,0,0.0,1.0,2,0,10,179045.6900000004,665999.7799999993,0,0.0,93.92770083333333,1000,0,0,0,0,0,1,0,0,0,0,0,0,0.0,1.0,1,0,0,1,0,0,0,0,0,0,0,0,0,0,0,0,0,1,0,0,0,0,1,0,0,0,0,0,0,0,0,0,0,0,0,0,0,0,0,0,1,0,0,0,0,1,0,0,0,0,0,0,0,0,0,0,0,0,0,0,0,0,0,0,1,0,0,0,1,0,0,0,0,0,0,0,0,0,0,0,0,0,0,0,0,0,0,0,1,0,0,2,2,0,0,0,0,0,0,0,0,1.862014396371687,1.0,1.1962735887914147,1.0,1.522423135762205,1.0,1.531681875153023,1.0,178175.7374999998,663971.5974999997
2,5,9,187868.98000000045,667722.8300000001,0,30.7587,0.0,1366,0,0,0,0,0,0,0,0,1,0,0,0,-0.40673664307580015,0.913545457642601,2,5,5,188671.75999999975,665594.7699999996,0,22.791866666666667,0.0,1366,0,0,0,0,0,0,0,0,1,0,0,0,0.0,1.0,1,5,6,190056.75,667452.8599999994,0,21.592083333333335,0.0,1366,0,0,0,0,0,0,0,0,1,0,0,0,0.7071067811865476,-0.7071067811865475,1,5,5,188388.11000000036,665889.8200000003,0,1.9419,0.0,1366,0,0,0,0,0,0,0,0,1,0,0,0,-0.13917310096006552,-0.9902680687415703,0,0,1,0,0,0,0,0,0,0,0,0,0,0,0,0,1,0,0,0,0,1,0,0,0,0,0,0,0,0,0,0,0,0,0,0,0,0,1,0,0,0,0,0,1,0,0,0,0,0,0,0,0,0,0,0,0,0,0,0,0,0,1,0,0,0,0,1,0,0,0,0,0,0,0,0,0,0,0,0,0,0,0,0,0,0,1,0,0,0,0,0,0,0,0,0,0,0,0,0,0,1.5769515754535586,1.0,1.2311000531289433,1.0,1.7543742106897613,1.0,0.97996943591498,1.0,188746.40000000014,666665.0699999998
2,0,10,179055.76999999955,663114.8699999992,0,0.0,156.3637079976852,1141,0,0,0,0,0,0,1,0,0,0,0,0,0.0,1.0,1,0,10,180135.2000000002,662368.6999999993,0,0.0,107.21735384259259,1353,0,0,0,0,0,0,0,1,0,0,0,0,0.0,1.0,2,0,6,178813.41999999993,666065.5299999993,0,0.0,96.38603439814815,1000,0,0,0,0,0,1,0,0,0,0,0,0,0.0,1.0,2,5,5,177102.5700000003,662455.6799999997,0,16.606233333333332,0.0,170,0,0,0,0,0,0,0,0,0,0,1,0,-0.6293203910498376,-0.7771459614569708,1,0,0,1,0,0,0,0,0,0,0,0,0,0,0,0,0,1,0,0,0,0,1,0,0,0,0,0,0,0,0,0,0,0,0,0,0,0,0,0,1,0,0,0,0,1,0,0,0,0,0,0,0,0,0,0,0,0,0,0,0,0,0,0,1,0,0,1,0,0,0,0,0,0,0,0,0,0,0,0,0,0,0,0,1,0,0,0,0,0,0,0,0,0,0,0,0,0,0,0,0,0.3672156473660287,1.0,1.3628202058105323,1.0,1.9761834466062127,1.0,1.5209487566036222,1.0,178776.74,663501.1949999994
6,5,7,190848.33999999985,665839.7100000009,0,39.4778,0.0,1000,0,0,0,0,0,1,0,0,0,0,0,0,0.19080899537654497,-0.981627183447664,2,5,5,187100.49000000025,666487.1899999995,0,18.77745,0.0,1000,0,0,0,0,0,1,0,0,0,0,0,0,-0.10452846326765305,-0.9945218953682734,1,5,5,190774.3899999997,665561.0999999996,0,18.611333333333334,0.0,1000,0,0,0,0,0,1,0,0,0,0,0,0,-0.01745240643728445,0.9998476951563913,1,5,5,190774.3899999997,665559.8800000008,0,16.62773333333333,0.0,1000,0,0,0,0,0,1,0,0,0,0,0,0,-0.01745240643728445,0.9998476951563913,0,0,1,0,0,0,0,0,0,0,0,0,0,0,1,0,0,0,0,0,0,1,0,0,0,0,0,0,0,0,0,0,0,0,0,0,0,0,1,0,0,0,0,0,1,0,0,0,0,0,0,0,0,0,0,0,0,0,0,0,0,1,0,0,0,0,1,0,0,0,0,1,0,0,0,0,0,0,0,0,0,0,0,0,0,0,0,0,0,0,0,2,0,0,0,0,0,0,0,0,0,0.98386033421198,1.0,2.8717203645257676,0.0,0.9583648574548269,1.0,0.958756217702374,1.0,253165.8699999998,887815.9600000003
1,0,10,182329.61000000036,665960.5199999996,0,0.0,40.16399475694445,2205,0,0,0,0,1,0,0,0,0,0,0,0,0.0,1.0,2,4,5,183883.26999999955,667333.2599999998,0,8.1201,0.0,1000,0,0,0,0,0,1,0,0,0,0,0,0,-0.9563047559630353,-0.2923717047227371,2,4,5,183636.11000000036,664723.1300000008,0,23.585766666666668,0.0,649,0,0,0,0,0,0,1,0,0,0,0,0,-0.06975647374412483,-0.9975640502598243,2,5,5,182429.0,662890.3200000003,0,3.8358333333333334,0.0,649,0,0,0,0,0,0,1,0,0,0,0,0,-0.9902680687415704,0.13917310096006547,0,0,0,1,0,0,0,0,0,0,0,0,0,0,0,0,0,1,0,0,0,1,0,0,0,0,0,0,0,0,0,0,0,0,0,0,1,0,0,0,0,0,0,0,1,0,0,0,0,0,0,0,0,0,0,0,0,0,0,1,0,0,0,0,0,0,0,1,0,0,0,0,0,0,0,0,0,0,0,0,0,0,0,0,1,0,0,0,0,0,0,0,0,0,0,0,0,0,0,0,0,0.8939460820122818,1.0,1.9373186826376962,1.0,0.6503975432942518,1.0,2.0784527396317074,1.0,183069.49750000006,665226.8075000001
2,0,10,179211.83999999985,663036.8800000008,0,0.0,164.83710577546296,1141,0,0,0,0,0,0,1,0,0,0,0,0,0.0,1.0,2,0,10,178747.04000000004,666085.1899999995,0,0.0,102.88602938657408,1000,0,0,0,0,0,1,0,0,0,0,0,0,0.0,1.0,2,0,10,178578.91999999993,665596.5600000005,0,0.0,62.703483078703705,1540,0,0,0,0,0,0,0,0,1,0,0,0,0.0,1.0,2,5,5,181510.48000000045,662958.1099999994,0,3.9322833333333334,0.0,2324,0,0,0,0,1,0,0,0,0,0,0,0,-0.9986295347545738,-0.052335956242944306,1,0,0,1,0,0,0,0,0,0,0,0,0,0,0,0,0,1,0,0,0,0,1,0,0,0,0,0,0,0,0,0,0,0,0,0,0,0,0,0,1,0,0,0,0,1,0,0,0,0,0,0,0,0,0,0,0,0,0,0,0,0,0,0,1,0,0,1,0,0,0,0,0,0,0,0,0,0,0,0,0,0,0,0,0,0,1,0,0,0,0,0,0,0,0,0,0,0,0,0,0,1.0842412801686256,1.0,1.4051957711760128,1.0,1.1515336115753712,1.0,1.8975167740001064,1.0,179512.07000000007,664419.185
2,0,10,177937.33999999985,658564.3000000007,0,0.0,81.96880612268518,1540,0,0,0,0,0,0,0,0,1,0,0,0,0.0,1.0,2,0,10,177976.3700000001,658984.2100000009,0,0.0,81.96880631944444,1540,0,0,0,0,0,0,0,0,1,0,0,0,0.0,1.0,2,5,6,181311.8200000003,656835.3800000008,0,20.06435,0.0,1353,0,0,0,0,0,0,0,1,0,0,0,0,0.6427876096865395,-0.7660444431189779,6,4,5,182569.08000000007,657575.1600000001,0,11.731116666666667,0.0,1353,0,0,0,0,0,0,0,1,0,0,0,0,0.5150380749100544,-0.8571673007021122,0,0,0,1,0,0,0,0,0,0,0,0,0,0,0,0,0,1,0,0,0,0,1,0,0,0,0,0,0,0,0,0,0,0,0,0,0,0,0,0,1,0,0,0,1,0,0,0,0,0,0,0,0,0,0,0,0,0,0,0,0,1,0,0,0,0,0,1,0,0,0,0,0,0,0,0,0,0,0,0,0,0,0,0,0,1,0,0,0,0,0,2,0,0,0,0,0,0,0,0,0,1.4521050051419806,1.0,1.5333566527630003,1.0,1.2400439194174053,1.0,1.8417333621035885,1.0,179948.65250000008,657989.7625000007
1,0,10,189613.1399999997,659628.6600000001,0,0.0,13.318558136574074,738,0,0,0,0,0,0,0,0,0,1,0,0,0.0,1.0,1,0,6,190137.86000000036,659584.3200000003,0,0.0,2.1009772222222223,134,0,0,0,0,0,0,0,0,0,0,0,1,0.0,1.0,1,0,6,190137.86000000036,659584.3200000003,0,0.0,2.1009772222222223,134,0,0,0,0,0,0,0,0,0,0,0,1,0.0,1.0,1,0,6,190137.86000000036,659584.3200000003,0,0.0,2.1009772222222223,134,0,0,0,0,0,0,0,0,0,0,0,1,0.0,1.0,0,0,0,1,0,0,0,0,0,0,0,0,0,0,0,0,0,1,0,0,0,0,1,0,0,0,0,0,0,0,0,0,0,0,0,0,0,0,0,0,1,0,0,0,0,1,0,0,0,0,0,0,0,0,0,0,0,0,0,0,0,0,0,0,1,0,0,0,1,0,0,0,0,0,0,0,0,0,0,0,0,0,0,0,0,0,0,0,1,0,0,0,0,0,0,0,0,0,0,0,0,3.2055698029325135,0.0,1.0685232676441714,1.0,1.0685232676441714,1.0,1.0685232676441714,1.0,253342.24000000025,879460.5400000004
1,0,10,188299.2199999997,659292.9600000009,0,0.0,158.88272923611112,738,0,0,0,0,0,0,0,0,0,1,0,0,0.0,1.0,1,0,10,188271.1200000001,659466.2799999993,0,0.0,158.88121280092594,738,0,0,0,0,0,0,0,0,0,1,0,0,0.0,1.0,1,0,10,189613.1399999997,659628.6600000001,0,0.0,12.894939386574075,738,0,0,0,0,0,0,0,0,0,1,0,0,0.0,1.0,1,0,6,190137.86000000036,659584.3200000003,0,0.0,1.6773584375,134,0,0,0,0,0,0,0,0,0,0,0,1,0.0,1.0,0,0,0,1,0,0,0,0,0,0,0,0,0,0,0,0,0,1,0,0,0,0,1,0,0,0,0,0,0,0,0,0,0,0,0,0,0,0,0,0,1,0,0,0,0,1,0,0,0,0,0,0,0,0,0,0,0,0,0,0,0,0,0,0,1,0,0,0,1,0,0,0,0,0,0,0,0,0,0,0,0,0,0,0,0,0,0,0,1,0,0,2,0,0,0,0,0,0,0,0,0,1.7039044448960634,1.0,1.710922777490035,1.0,1.161786491826486,1.0,2.2430078802138183,1.0,189080.33499999996,659493.0550000002
17,0,10,178491.23000000045,663020.3100000005,0,0.0,71.20006303240741,790,0,0,0,0,0,0,0,0,0,0,1,0,0.0,1.0,2,0,6,181445.04000000004,668673.0800000001,0,963.0240833333334,0.0,1295,0,0,0,0,0,1,0,0,0,0,0,0,0.0,1.0,2,0,6,179752.41999999993,662874.1500000004,0,723.0240833333334,0.0,785,0,0,0,0,0,0,0,1,0,0,0,0,0.0,1.0,2,0,6,179752.41999999993,662874.1500000004,0,723.0240833333334,0.0,785,0,0,0,0,0,0,0,1,0,0,0,0,0.0,1.0,1,0,0,1,0,0,0,0,0,0,0,0,0,0,0,0,0,1,0,0,0,0,1,0,0,0,0,0,0,0,0,0,0,0,0,0,0,0,0,0,1,0,0,0,0,1,0,0,0,0,0,0,0,0,0,0,0,0,0,0,0,0,0,0,1,0,0,0,1,0,0,0,0,0,0,0,0,0,0,0,0,0,0,0,0,0,0,0,1,0,0,2,0,0,0,0,0,0,0,0,0,1.0822016410348096,1.0,2.595451317694791,0.0,0.8417880607844089,1.0,0.8417880607844089,1.0,239813.70333333345,885813.8966666671
1,0,10,186810.84999999963,695239.0700000003,0,0.0,28.710686226851852,738,0,0,0,0,0,0,0,0,0,1,0,0,0.0,1.0,2,5,5,188122.4000000004,690980.2799999993,0,7.337766666666667,0.0,1000,0,0,0,0,0,1,0,0,0,0,0,0,1.0,6.123233995736766e-17,2,5,5,187991.61000000036,691110.0700000003,0,13.646233333333333,0.0,2324,0,0,0,0,1,0,0,0,0,0,0,0,-0.34202014332566866,-0.9396926207859084,6,5,5,189043.8899999997,692234.7400000002,0,10.479416666666667,0.0,2324,0,0,0,0,1,0,0,0,0,0,0,0,0.9961946980917455,-0.08715574274765824,0,0,0,1,0,0,0,0,0,0,0,0,0,0,0,0,0,1,0,0,0,0,0,1,0,0,0,0,1,0,0,0,0,0,0,0,0,0,0,0,0,0,0,0,1,0,0,0,0,0,0,0,0,0,0,0,0,0,0,0,0,0,1,0,0,0,0,1,0,0,0,0,0,0,0,0,0,0,0,0,0,0,0,0,0,0,1,0,0,0,0,0,0,0,0,0,0,0,0,0,0,2.458152451309131,1.0,1.1294996513371898,1.0,1.0212448519430994,1.0,0.8476716650304426,1.0,187992.1875,692391.04
2,5,6,186760.26999999955,667608.7100000009,0,20.316433333333332,0.0,2324,0,0,0,0,1,0,0,0,0,0,0,0,-0.9702957262759965,-0.24192189559966779,2,5,5,187851.3200000003,666869.8100000005,0,11.783,0.0,2324,0,0,0,0,1,0,0,0,0,0,0,0,-0.19080899537654472,-0.981627183447664,2,5,5,186935.1799999997,664208.1999999993,0,11.616383333333333,0.0,2324,0,0,0,0,1,0,0,0,0,0,0,0,-0.10452846326765342,0.9945218953682733,2,5,5,186124.91999999995,667639.2799999993,0,4.816416666666667,0.0,2324,0,0,0,0,1,0,0,0,0,0,0,0,0.24192189559966773,-0.9702957262759965,0,0,1,0,0,0,0,0,0,0,0,0,0,0,0,0,1,0,0,0,0,1,0,0,0,0,0,0,0,0,0,0,0,0,0,1,0,0,0,0,0,0,0,0,1,0,0,0,0,0,0,0,0,0,0,0,0,0,0,0,0,1,0,0,0,0,0,1,0,0,0,0,0,0,0,0,0,0,0,0,0,0,0,0,0,0,1,0,0,0,0,0,0,0,0,0,0,0,0,0,0,1.027962969188269,1.0,0.966311803092403,1.0,2.3476143657501414,1.0,1.3076830026359718,1.0,186917.92249999987,666581.5
2,0,10,186214.3899999997,659530.0600000005,0,0.0,139.51102496527778,790,0,0,0,0,0,0,0,0,0,0,1,0,0.0,1.0,1,0,10,187667.66999999995,659861.0099999998,0,0.0,90.78680034722223,1353,0,0,0,0,0,0,0,1,0,0,0,0,0.0,1.0,2,0,6,186290.9000000004,659876.8599999994,0,0.0,4.76658068287037,1353,0,0,0,0,0,0,0,1,0,0,0,0,0.0,1.0,17,0,6,186255.74000000025,659726.9600000009,0,0.0,4.766568726851852,1353,0,0,0,0,0,0,0,1,0,0,0,0,0.0,1.0,0,0,0,1,0,0,0,0,0,0,0,0,0,0,0,0,0,1,0,0,0,0,1,0,0,0,0,0,0,0,0,0,0,0,0,0,0,0,0,0,1,0,0,0,0,1,0,0,0,0,0,0,0,0,0,0,0,0,0,0,0,0,0,0,1,0,0,0,1,0,0,0,0,0,0,0,0,0,0,0,0,0,0,0,0,0,0,0,1,0,0,2,0,0,0,0,0,0,0,0,0,1.195760226736559,1.0,2.836596888823082,0.0,0.9076870837683189,1.0,0.9365785425706608,1.0,248809.56666666677,879664.9633333335
1,5,6,185856.54000000004,665486.2100000009,0,44.2503,0.0,2324,0,0,0,0,1,0,0,0,0,0,0,0,-0.898794046299167,0.4383711467890774,1,5,5,185817.46,665516.5199999996,0,16.650116666666666,0.0,2324,0,0,0,0,1,0,0,0,0,0,0,0,-0.7771459614569708,0.6293203910498375,1,5,5,185720.66000000012,665423.5099999998,0,8.233766666666666,0.0,2324,0,0,0,0,1,0,0,0,0,0,0,0,-0.898794046299167,0.4383711467890774,1,5,6,185712.24000000025,664817.9600000009,0,4.267166666666666,0.0,2324,0,0,0,0,1,0,0,0,0,0,0,0,-0.2923717047227364,-0.9563047559630355,0,0,1,0,0,0,0,0,0,0,0,0,0,1,0,0,0,0,0,0,0,1,0,0,0,0,0,0,0,0,0,0,0,0,0,0,0,0,1,0,0,0,0,0,1,0,0,0,0,0,0,0,0,0,0,0,0,0,0,1,0,0,0,0,0,0,0,1,0,0,0,0,0,0,0,0,0,0,0,0,0,0,0,0,0,1,0,0,0,0,0,0,0,0,0,0,0,0,0,0,0,1.104457859623394,1.0,1.2018942112140905,1.0,0.7210160325767427,1.0,2.8533502821089085,0.0,247702.30000000013,887081.4000000004
17,0,10,178661.00999999978,663015.4499999993,0,0.0,71.15143930555556,790,0,0,0,0,0,0,0,0,0,0,1,0,0.0,1.0,2,0,6,179459.23000000045,663508.2300000004,0,952.9892666666667,0.0,2205,0,0,0,0,1,0,0,0,0,0,0,0,0.0,1.0,1,0,6,179882.91999999993,663430.5600000005,0,952.9892666666667,0.0,2205,0,0,0,0,1,0,0,0,0,0,0,0,0.0,1.0,2,0,6,179864.61000000034,668797.2699999996,0,893.0059333333334,0.0,1295,0,0,0,0,0,1,0,0,0,0,0,0,0.0,1.0,1,0,0,1,0,0,0,0,0,0,0,0,0,0,0,0,0,1,0,0,0,0,1,0,0,0,0,0,0,0,0,0,0,0,0,0,0,0,0,0,1,0,0,0,0,1,0,0,0,0,0,0,0,0,0,0,0,0,0,0,0,0,0,0,1,0,0,0,1,0,0,0,0,0,0,0,0,0,0,0,0,0,0,0,0,0,0,0,1,0,0,0,0,0,0,0,0,0,0,0,0,1.2914185119830655,1.0,0.8206100289401187,1.0,0.9212463736906301,1.0,2.8719503370880513,0.0,239289.25666666683,886250.5033333333
2,0,6,177381.58999999985,662031.7899999991,0,0.0,100.94983675925926,2205,0,0,0,0,1,0,0,0,0,0,0,0,0.0,1.0,17,0,10,178540.1799999997,663026.1099999994,0,0.0,71.44312381944444,790,0,0,0,0,0,0,0,0,0,0,1,0,0.0,1.0,1,0,10,180749.91999999995,661572.5,0,0.0,25.822718726851853,1141,0,0,0,0,0,0,1,0,0,0,0,0,0.0,1.0,2,0,10,180244.75,664183.7100000009,0,0.0,10.536792789351852,787,0,0,0,0,0,0,0,0,0,1,0,0,0.0,1.0,1,0,0,1,0,0,0,0,0,0,0,0,0,0,0,0,0,1,0,0,0,0,1,0,0,0,0,0,0,0,0,0,0,0,0,0,0,0,0,0,1,0,0,0,0,1,0,0,0,0,0,0,0,0,0,0,0,0,0,0,0,0,0,0,1,0,0,0,1,0,0,0,0,0,0,0,0,0,0,0,0,0,0,0,0,0,0,0,1,0,0,0,0,0,0,0,0,0,0,0,0,1.6746109443371286,1.0,0.6480142570380834,1.0,1.6144968312119519,1.0,1.5291775454557879,1.0,179229.10999999987,662703.5274999999
2,0,10,177395.46999999974,662145.5199999996,0,0.0,100.7058970486111,2205,0,0,0,0,1,0,0,0,0,0,0,0,0.0,1.0,17,0,10,178661.00999999978,663015.4499999993,0,0.0,71.20006372685185,790,0,0,0,0,0,0,0,0,0,0,1,0,0.0,1.0,1,0,9,180759.6799999997,661531.8699999992,0,0.0,25.579658622685184,1141,0,0,0,0,0,0,1,0,0,0,0,0,0.0,1.0,2,0,6,179864.61000000034,668797.2699999996,0,963.0250833333333,0.0,1295,0,0,0,0,0,1,0,0,0,0,0,0,0.0,1.0,1,0,0,1,0,0,0,0,0,0,0,0,0,0,0,0,0,1,0,0,0,0,1,0,0,0,0,0,0,0,0,0,0,0,0,0,0,0,0,0,1,0,0,0,0,1,0,0,0,0,0,0,0,0,0,0,0,0,0,0,0,0,0,0,1,0,0,0,1,0,0,0,0,0,0,0,0,0,0,0,0,0,0,0,0,0,0,0,1,0,0,0,0,0,0,0,0,0,0,0,0,1.1909999203119623,1.0,0.47947270296926414,1.0,1.3607816466627616,1.0,2.392006681372969,1.0,179170.1924999999,663872.5274999994
1,0,10,179004.88999999966,658838.9399999995,0,0.0,46.31264888888889,142,1,0,0,0,0,0,0,0,0,0,0,0,0.0,1.0,2,5,5,179251.74000000022,658668.9000000004,0,29.014383333333335,0.0,860,0,0,0,1,0,0,0,0,0,0,0,0,0.01745240643728351,0.9998476951563913,6,5,5,182434.58999999985,657798.5600000005,0,23.94755,0.0,860,0,0,0,1,0,0,0,0,0,0,0,0,0.5299192642332049,-0.848048096156426,2,5,5,178822.33000000007,657859.6699999999,0,2.8809666666666667,0.0,860,0,0,0,1,0,0,0,0,0,0,0,0,-0.9902680687415704,0.13917310096006547,0,0,0,1,0,0,0,0,0,0,0,0,0,0,0,0,0,1,0,0,0,1,0,0,0,0,0,0,0,0,0,0,0,0,0,0,0,0,1,0,0,0,0,0,1,0,0,0,0,0,0,0,0,0,0,0,0,0,0,0,0,0,1,0,0,0,0,1,0,0,0,0,0,0,0,0,0,0,0,0,0,0,0,1,0,0,0,0,0,0,0,0,0,0,0,0,0,0,0,0,0,1.057038690577438,1.0,0.7500862086496778,1.0,2.669416116403566,0.0,1.1699183854112865,1.0,239837.84999999995,877722.0233333334
2,0,10,177401.2000000002,662045.3599999994,0,0.0,103.21594260416667,785,0,0,0,0,0,0,0,1,0,0,0,0,0.0,1.0,2,0,6,177381.58999999985,662031.7899999991,0,0.0,100.44983150462963,2205,0,0,0,0,1,0,0,0,0,0,0,0,0.0,1.0,17,0,10,178540.1799999997,663026.1099999994,0,0.0,70.94311854166666,790,0,0,0,0,0,0,0,0,0,0,1,0,0.0,1.0,2,0,10,180244.75,664183.7100000009,0,0.0,10.036787523148147,787,0,0,0,0,0,0,0,0,0,1,0,0,0.0,1.0,1,0,0,1,0,0,0,0,0,0,0,0,0,0,0,0,0,1,0,0,0,0,1,0,0,0,0,0,0,0,0,0,0,0,0,0,0,0,0,0,1,0,0,0,0,1,0,0,0,0,0,0,0,0,0,0,0,0,0,0,0,0,0,0,1,0,0,0,1,0,0,0,0,0,0,0,0,0,0,0,0,0,0,0,0,0,0,0,1,0,0,2,0,0,0,0,0,0,0,0,0,1.2269715764962534,1.0,1.2501777117777264,1.0,0.24611255064760915,1.0,2.2415846684112757,1.0,178391.92999999993,662821.7424999997
2,0,10,179116.7000000002,665979.1099999994,0,0.0,56.86397953703704,1141,0,0,0,0,0,0,1,0,0,0,0,0,0.0,1.0,1,0,10,179116.38999999966,665972.2300000004,0,0.0,55.954824421296294,2205,0,0,0,0,1,0,0,0,0,0,0,0,0.0,1.0,2,0,6,178693.75,665885.8900000006,0,0.0,55.703481851851855,1540,0,0,0,0,0,0,0,0,1,0,0,0,0.0,1.0,2,5,5,176656.91000000015,660906.9800000004,0,22.0639,0.0,2324,0,0,0,0,1,0,0,0,0,0,0,0,0.224951054343865,0.9743700647852352,1,0,0,1,0,0,0,0,0,0,0,0,0,0,0,0,0,1,0,0,0,0,1,0,0,0,0,0,0,0,0,0,0,0,0,0,0,0,0,0,1,0,0,0,0,1,0,0,0,0,0,0,0,0,0,0,0,0,0,0,0,0,0,0,1,0,0,1,0,0,0,0,0,0,0,0,0,0,0,0,0,0,0,1,0,0,0,0,0,0,0,0,0,0,0,0,0,0,0,0,0,0.9249671886401682,1.0,0.9211200478659746,1.0,0.7724325978827061,1.0,2.599257820871963,0.0,237861.25,886248.0700000003
2,0,10,177366.4400000004,661908.0899999999,0,0.0,100.94983666666667,2205,0,0,0,0,1,0,0,0,0,0,0,0,0.0,1.0,2,0,10,178909.51999999955,666038.7699999996,0,0.0,96.84437363425926,1000,0,0,0,0,0,1,0,0,0,0,0,0,0.0,1.0,1,0,10,180770.2999999998,661493.5800000001,0,0.0,25.822718530092594,1141,0,0,0,0,0,0,1,0,0,0,0,0,0.0,1.0,2,5,5,181109.4500000002,666376.5500000007,0,4.664716666666667,0.0,860,0,0,0,1,0,0,0,0,0,0,0,0,-0.17364817766693047,-0.984807753012208,1,0,0,1,0,0,0,0,0,0,0,0,0,0,0,0,0,1,0,0,0,0,1,0,0,0,0,0,0,0,0,0,0,0,0,0,0,0,0,0,1,0,0,0,0,1,0,0,0,0,0,0,0,0,0,0,0,0,0,0,0,0,0,0,1,0,0,1,0,0,0,0,0,0,0,0,0,0,0,0,0,0,0,0,0,0,1,0,0,0,0,0,0,0,0,0,0,0,0,0,0,1.5834177703232195,1.0,1.1553022931109165,1.0,1.4599036209078868,1.0,1.5316939446713302,1.0,179538.9275,663954.2475
2,5,6,185260.66999999995,664998.2100000009,0,34.36493333333333,0.0,1353,0,0,0,0,0,0,0,1,0,0,0,0,0.3090169943749475,-0.9510565162951535,1,5,5,183637.61000000036,666706.0999999996,0,27.5481,0.0,1353,0,0,0,0,0,0,0,1,0,0,0,0,-0.01745240643728445,0.9998476951563913,2,5,6,184623.1399999997,666450.9800000004,0,22.89825,0.0,1353,0,0,0,0,0,0,0,1,0,0,0,0,-0.20791169081775987,0.9781476007338056,1,5,5,184184.2199999997,665268.5299999993,0,3.1481,0.0,1353,0,0,0,0,0,0,0,1,0,0,0,0,-0.25881904510252035,-0.9659258262890684,0,0,1,0,0,0,0,0,0,0,0,0,0,0,0,0,1,0,0,0,0,1,0,0,0,0,0,0,0,0,0,0,0,0,0,0,1,0,0,0,0,0,0,0,1,0,0,0,0,0,0,0,0,0,0,0,0,0,0,0,0,1,0,0,0,0,0,0,0,1,0,0,0,0,0,0,0,1,0,0,0,0,0,0,0,0,0,0,0,0,0,0,0,0,0,0,0,0,0,0,0,1.8002296591827927,1.0,1.7448288129619116,1.0,0.9428913472301121,1.0,0.955964555055064,1.0,184426.40999999995,665855.9550000001
2,0,10,186260.91999999995,659751.1099999994,0,0.0,133.1776893634259,790,0,0,0,0,0,0,0,0,0,0,1,0,0.0,1.0,1,0,10,187498.5599999996,659374.9499999993,0,0.0,86.28680971064814,787,0,0,0,0,0,0,0,0,0,1,0,0,0.0,1.0,1,0,10,187663.8200000003,659810.7899999991,0,0.0,84.4604215625,1353,0,0,0,0,0,0,0,1,0,0,0,0,0.0,1.0,1,0,10,186004.1399999997,659312.2799999993,0,0.0,41.25109210648148,787,0,0,0,0,0,0,0,0,0,1,0,0,0.0,1.0,0,0,0,1,0,0,0,0,0,0,0,0,0,0,0,0,0,1,0,0,0,0,1,0,0,0,0,0,0,0,0,0,0,0,0,0,0,0,0,0,1,0,0,0,0,1,0,0,0,0,0,0,0,0,0,0,0,0,0,0,0,0,0,0,1,0,0,0,1,0,0,0,0,0,0,0,0,0,0,0,0,0,0,0,0,0,0,0,1,0,0,0,0,0,0,0,0,0,0,0,0,1.311763513832947,1.0,1.40271629697495,1.0,1.7717592822660633,1.0,1.8646213233834956,1.0,186856.85999999987,659562.2824999993
2,0,10,177401.2000000002,662045.3599999994,0,0.0,101.04927486111112,785,0,0,0,0,0,0,0,1,0,0,0,0,0.0,1.0,2,0,6,177413.54000000004,662175.6099999994,0,0.0,101.04926331018518,785,0,0,0,0,0,0,0,1,0,0,0,0,0.0,1.0,2,0,6,177381.58999999985,662031.7899999991,0,0.0,98.28316378472222,2205,0,0,0,0,1,0,0,0,0,0,0,0,0.0,1.0,2,0,10,180244.75,664183.7100000009,0,0.0,7.870119814814815,787,0,0,0,0,0,0,0,0,0,1,0,0,0.0,1.0,1,0,0,1,0,0,0,0,0,0,0,0,0,0,0,0,0,1,0,0,0,0,1,0,0,0,0,0,0,0,0,0,0,0,0,0,0,0,0,0,1,0,0,0,0,1,0,0,0,0,0,0,0,0,0,0,0,0,0,0,0,0,0,0,1,0,0,0,1,0,0,0,0,0,0,0,0,0,0,0,0,0,0,0,0,0,0,0,1,0,0,3,0,0,0,0,0,0,0,0,0,0.8453370965954765,1.0,0.7657509744936947,1.0,0.8675431094557221,1.0,2.4751765289474688,1.0,178110.27000000002,662609.1174999997
2,0,10,177965.59999999963,658892.7699999996,0,0.0,82.3924356712963,1540,0,0,0,0,0,0,0,0,1,0,0,0,0.0,1.0,2,0,8,177956.8700000001,658813.6199999992,0,0.0,82.39242412037036,1540,0,0,0,0,0,0,0,0,1,0,0,0,0.0,1.0,2,0,8,177956.8700000001,658813.6199999992,0,0.0,82.39242412037036,1540,0,0,0,0,0,0,0,0,1,0,0,0,0.0,1.0,2,0,8,177956.8700000001,658813.6199999992,0,0.0,82.39242412037036,1540,0,0,0,0,0,0,0,0,1,0,0,0,0.0,1.0,0,0,0,1,0,0,0,0,0,0,0,0,0,0,0,0,0,1,0,0,0,0,1,0,0,0,0,0,0,0,0,0,0,0,0,0,0,0,0,0,1,0,0,0,0,1,0,0,0,0,0,0,0,0,0,0,0,0,0,0,0,0,0,0,1,0,0,0,1,0,0,0,0,0,0,0,0,0,0,0,0,0,0,0,0,0,0,0,1,0,0,4,0,0,0,0,0,0,0,0,0,3.1388982588531547,0.0,1.0462994196177182,1.0,1.0462994196177182,1.0,1.0462994196177182,1.0,237278.73666666666,878444.5433333324
2,0,10,177321.38999999966,661428.4299999997,0,0.0,103.47288737268518,785,0,0,0,0,0,0,0,1,0,0,0,0,0.0,1.0,2,0,10,179116.7000000002,665979.1099999994,0,0.0,96.60132487268518,1000,0,0,0,0,0,1,0,0,0,0,0,0,0.0,1.0,2,0,10,179116.7000000002,665979.1099999994,0,0.0,96.60132487268518,1000,0,0,0,0,0,1,0,0,0,0,0,0,0.0,1.0,2,0,6,180185.3200000003,662409.4299999997,0,603.0578166666667,0.0,1540,0,0,0,0,0,0,0,0,1,0,0,0,0.0,1.0,1,0,0,1,0,0,0,0,0,0,0,0,0,0,0,0,0,1,0,0,0,0,1,0,0,0,0,0,0,0,0,0,0,0,0,0,0,0,0,0,1,0,0,0,0,1,0,0,0,0,0,0,0,0,0,0,0,0,0,0,0,0,0,0,1,0,0,0,1,0,0,0,0,0,0,0,0,0,0,0,0,0,0,0,0,0,0,0,1,0,0,2,0,0,0,0,0,0,0,0,0,1.9382378639915991,1.0,1.31998293020888,1.0,1.31998293020888,1.0,1.2844414416614174,1.0,178935.02750000008,663949.0199999996
2,0,10,186214.3899999997,659530.0600000005,0,0.0,132.80269537037037,790,0,0,0,0,0,0,0,0,0,0,1,0,0.0,1.0,2,0,10,186255.74000000025,659726.9600000009,0,0.0,132.8026957060185,790,0,0,0,0,0,0,0,0,0,0,1,0,0.0,1.0,1,0,7,187194.46,659282.0600000005,0,0.0,1.9118391203703704,787,0,0,0,0,0,0,0,0,0,1,0,0,0.0,1.0,2,0,8,186370.9000000004,660223.4299999997,0,513.7150166666667,0.0,2324,0,0,0,0,1,0,0,0,0,0,0,0,0.0,1.0,0,0,0,1,0,0,0,0,0,0,0,0,0,0,0,0,0,1,0,0,0,0,1,0,0,0,0,0,0,0,0,0,0,0,0,0,0,0,0,0,1,0,0,0,0,1,0,0,0,0,0,0,0,0,0,0,0,0,0,0,0,0,0,0,1,0,0,0,1,0,0,0,0,0,0,0,0,0,0,0,0,0,0,0,0,0,0,0,1,0,0,3,0,0,0,0,0,0,0,0,0,0.8996990681068978,1.0,0.6859514493582862,1.0,2.140783157930946,1.0,1.476310601971448,1.0,186508.87250000008,659690.6275000004
2,0,7,177349.91999999993,661773.3100000005,0,0.0,100.94983532407407,2205,0,0,0,0,1,0,0,0,0,0,0,0,0.0,1.0,2,0,10,179116.7000000002,665979.1099999994,0,0.0,57.82231219907408,1141,0,0,0,0,0,0,1,0,0,0,0,0,0.0,1.0,1,0,10,179116.38999999966,665972.2300000004,0,0.0,56.913157094907405,2205,0,0,0,0,1,0,0,0,0,0,0,0,0.0,1.0,1,0,6,180789.41999999995,661429.6300000008,0,1154.6795833333333,0.0,1141,0,0,0,0,0,0,1,0,0,0,0,0,0.0,1.0,1,0,0,1,0,0,0,0,0,0,0,0,0,0,0,0,0,1,0,0,0,0,1,0,0,0,0,0,0,0,0,0,0,0,0,0,0,0,0,0,1,0,0,0,0,1,0,0,0,0,0,0,0,0,0,0,0,0,0,0,0,0,0,0,1,0,0,0,1,0,0,0,0,0,0,0,0,0,0,0,0,0,0,0,0,0,0,0,1,0,0,0,0,0,0,0,0,0,0,0,0,1.5642946489659024,1.0,1.286075629531949,1.0,1.2820348673929451,1.0,1.7057473753465038,1.0,179093.10749999993,663788.5700000003
1,0,10,179694.4400000004,665825.2200000007,0,0.0,277.99512050925927,785,0,0,0,0,0,0,0,1,0,0,0,0,0.0,1.0,2,0,10,179084.16000000015,663131.1799999997,0,0.0,156.07204174768518,1141,0,0,0,0,0,0,1,0,0,0,0,0,0.0,1.0,1,0,10,180770.2999999998,661493.5800000001,0,0.0,25.072713090277777,1141,0,0,0,0,0,0,1,0,0,0,0,0,0.0,1.0,2,5,5,180948.49000000025,665427.8100000005,0,27.906766666666666,0.0,649,0,0,0,0,0,0,1,0,0,0,0,0,-0.6560590289905074,0.7547095802227719,1,0,0,1,0,0,0,0,0,0,0,0,0,0,0,0,0,1,0,0,0,0,1,0,0,0,0,0,0,0,0,0,0,0,0,0,0,0,0,0,1,0,0,0,0,1,0,0,0,0,0,0,0,0,0,0,0,0,0,0,0,0,0,0,1,0,0,1,0,0,0,0,0,0,0,0,0,0,0,0,0,0,0,0,0,0,1,0,0,0,0,0,0,0,0,0,0,0,0,0,0,1.5061227293506523,1.0,1.0562448032588596,1.0,2.023070739710665,1.0,1.3244343115446868,1.0,180124.34750000015,663969.4475000002
2,5,6,185272.4400000004,664960.4600000009,0,31.314616666666666,0.0,2324,0,0,0,0,1,0,0,0,0,0,0,0,0.3090169943749475,-0.9510565162951535,1,3,5,184283.0499999998,664988.2599999998,0,28.314666666666668,0.0,2324,0,0,0,0,1,0,0,0,0,0,0,0,-0.984807753012208,-0.17364817766693033,2,5,5,184546.1200000001,667529.4700000007,0,22.213633333333334,0.0,2324,0,0,0,0,1,0,0,0,0,0,0,0,-0.9816271834476639,-0.19080899537654547,1,5,5,184927.24000000025,665038.9499999993,0,10.597566666666667,0.0,2324,0,0,0,0,1,0,0,0,0,0,0,0,-0.9396926207859085,0.34202014332566816,0,0,1,0,0,0,0,0,0,0,0,0,0,0,0,0,1,0,0,0,0,1,0,0,0,0,0,0,0,0,0,0,0,0,0,1,0,0,0,0,0,0,0,0,1,0,0,0,0,0,0,0,0,0,0,0,0,0,0,1,0,0,0,0,0,0,0,1,0,0,0,0,0,0,0,0,0,0,0,0,0,0,0,1,0,0,0,0,0,0,0,0,0,0,0,0,0,0,0,0,0,1.146437488198351,1.0,1.082708526386122,1.0,2.596151544379172,0.0,0.8342081114679172,1.0,246342.9500000002,887505.7133333335
1,0,10,188285.58999999985,659377.2899999991,0,0.0,165.63272688657406,738,0,0,0,0,0,0,0,0,0,1,0,0,0.0,1.0,2,0,10,190399.8799999999,659472.3200000003,0,0.0,47.70349133101852,1366,0,0,0,0,0,0,0,0,1,0,0,0,0.0,1.0,1,0,10,189948.21,659628.6099999994,0,0.0,39.58991431712963,787,0,0,0,0,0,0,0,0,0,1,0,0,0.0,1.0,1,0,10,189608.8799999999,659721.5999999996,0,0.0,19.64492596064815,738,0,0,0,0,0,0,0,0,0,1,0,0,0.0,1.0,0,0,0,1,0,0,0,0,0,0,0,0,0,0,0,0,0,1,0,0,0,0,1,0,0,0,0,0,0,0,0,0,0,0,0,0,0,0,0,0,1,0,0,0,0,1,0,0,0,0,0,0,0,0,0,0,0,0,0,0,0,0,0,0,1,0,0,0,1,0,0,0,0,0,0,0,0,0,0,0,0,0,0,0,0,0,0,0,1,0,0,0,0,0,0,0,0,0,0,0,0,2.792586010108149,0.0,1.8292364071282106,1.0,0.8583170005637165,1.0,0.3869657149612053,1.0,252747.51999999987,879399.9399999995
2,5,6,182421.33000000007,676422.9800000004,0,7.6075,0.0,1353,0,0,0,0,0,0,0,1,0,0,0,0,-0.9848077530122081,0.17364817766692997,2,5,5,186301.2000000002,674925.1099999994,0,10.24035,0.0,1366,0,0,0,0,0,0,0,0,1,0,0,0,0.0348994967025007,-0.9993908270190958,2,5,5,182305.08000000007,674211.3399999999,0,8.209366666666666,0.0,1366,0,0,0,0,0,0,0,0,1,0,0,0,0.788010753606722,-0.6156614753256583,2,5,7,182293.5700000003,674237.8900000006,0,19.090316666666666,0.0,1295,0,0,0,0,0,1,0,0,0,0,0,0,-0.7771459614569708,0.6293203910498375,0,0,1,0,0,0,0,0,0,0,0,0,0,0,0,0,1,0,0,0,0,1,0,0,0,0,0,0,0,0,0,0,0,0,0,0,1,0,0,0,0,0,0,0,1,0,0,0,0,0,0,0,0,0,0,0,0,0,0,0,1,0,0,0,0,0,0,1,0,0,0,0,0,0,0,0,0,0,0,0,0,0,0,0,0,0,1,0,0,0,0,2,0,0,0,0,0,0,0,0,0,1.324932570260074,1.0,2.273480199041525,1.0,0.9666359145415481,1.0,0.9621581056430707,1.0,183330.29500000016,674949.3300000001
1,0,10,188299.2199999997,659292.9600000009,0,0.0,158.71605767361112,738,0,0,0,0,0,0,0,0,0,1,0,0,0.0,1.0,1,0,10,188271.1200000001,659466.2799999993,0,0.0,158.71454125,738,0,0,0,0,0,0,0,0,0,1,0,0,0.0,1.0,1,0,10,189613.1399999997,659628.6600000001,0,0.0,12.728267800925925,738,0,0,0,0,0,0,0,0,0,1,0,0,0.0,1.0,1,0,6,190137.86000000036,659584.3200000003,0,0.0,1.510686898148148,134,0,0,0,0,0,0,0,0,0,0,0,1,0.0,1.0,0,0,0,1,0,0,0,0,0,0,0,0,0,0,0,0,0,1,0,0,0,0,1,0,0,0,0,0,0,0,0,0,0,0,0,0,0,0,0,0,1,0,0,0,0,1,0,0,0,0,0,0,0,0,0,0,0,0,0,0,0,0,0,0,1,0,0,0,1,0,0,0,0,0,0,0,0,0,0,0,0,0,0,0,0,0,0,0,1,0,0,2,0,0,0,0,0,0,0,0,0,1.7039044448960634,1.0,1.710922777490035,1.0,1.161786491826486,1.0,2.2430078802138183,1.0,189080.33499999996,659493.0550000002
2,0,8,177947.29000000004,658711.3100000005,0,0.0,82.39242501157408,1540,0,0,0,0,0,0,0,0,1,0,0,0,0.0,1.0,2,0,8,177947.29000000004,658711.3100000005,0,0.0,82.39242501157408,1540,0,0,0,0,0,0,0,0,1,0,0,0,0.0,1.0,2,0,8,177947.29000000004,658711.3100000005,0,0.0,82.39242501157408,1540,0,0,0,0,0,0,0,0,1,0,0,0,0.0,1.0,2,0,6,181032.9000000004,657216.3499999996,0,963.02515,0.0,1295,0,0,0,0,0,1,0,0,0,0,0,0,0.0,1.0,0,0,0,1,0,0,0,0,0,0,0,0,0,0,0,0,0,1,0,0,0,0,1,0,0,0,0,0,0,0,0,0,0,0,0,0,0,0,0,0,1,0,0,0,0,1,0,0,0,0,0,0,0,0,0,0,0,0,0,0,0,0,0,0,1,0,0,0,1,0,0,0,0,0,0,0,0,0,0,0,0,0,0,0,0,0,0,0,1,0,0,3,0,0,0,0,0,0,0,0,0,0.8643262111486529,1.0,0.8643262111486529,1.0,0.8643262111486529,1.0,2.5929786334459846,0.0,238291.59000000017,877783.4266666671
2,0,10,179100.08999999985,663100.0700000003,0,0.0,158.5523895486111,1141,0,0,0,0,0,0,1,0,0,0,0,0,0.0,1.0,1,0,6,179494.9299999997,663510.6500000004,0,1023.0076333333334,0.0,2205,0,0,0,0,1,0,0,0,0,0,0,0,0.0,1.0,1,0,6,179494.9299999997,663510.6500000004,0,1023.0076333333334,0.0,2205,0,0,0,0,1,0,0,0,0,0,0,0,0.0,1.0,1,0,6,179494.9299999997,663510.6500000004,0,1023.0076333333334,0.0,2205,0,0,0,0,1,0,0,0,0,0,0,0,0.0,1.0,1,0,0,1,0,0,0,0,0,0,0,0,0,0,0,0,0,1,0,0,0,0,1,0,0,0,0,0,0,0,0,0,0,0,0,0,0,0,0,0,1,0,0,0,0,1,0,0,0,0,0,0,0,0,0,0,0,0,0,0,0,0,0,0,1,0,0,0,1,0,0,0,0,0,0,0,0,0,0,0,0,0,0,0,0,0,0,0,1,0,0,3,0,0,0,0,0,0,0,0,0,2.4499574443301877,1.0,0.816652481443396,1.0,0.816652481443396,1.0,0.816652481443396,1.0,179396.21999999974,663408.0050000004
1,0,10,183741.01999999955,652595.0,0,0.0,91.01970631944444,738,0,0,0,0,0,0,0,0,0,1,0,0,0.0,1.0,1,1,5,178156.73000000045,654838.4800000004,0,26.7107,0.0,738,0,0,0,0,0,0,0,0,0,1,0,0,-0.39073112848927355,-0.9205048534524404,20,5,5,181389.26999999955,654347.5500000007,0,25.242816666666666,0.0,738,0,0,0,0,0,0,0,0,0,1,0,0,-0.4226182617406993,-0.90630778703665,1,5,6,178179.98000000045,654884.6400000006,0,16.010983333333332,0.0,738,0,0,0,0,0,0,0,0,0,1,0,0,-0.6946583704589976,0.7193398003386509,0,0,0,1,0,0,0,0,0,0,0,0,0,0,0,0,0,1,0,0,0,1,0,0,0,0,0,0,0,0,0,0,0,0,0,0,0,0,1,0,0,0,0,0,1,0,0,0,0,0,0,0,0,0,0,0,0,0,0,0,0,1,0,0,0,0,0,1,0,0,0,0,0,0,0,0,0,0,0,0,0,0,0,0,0,0,1,0,0,0,0,0,0,0,0,0,0,0,0,0,0,2.268449128163497,1.0,1.4077548972778762,1.0,0.6328577259792928,1.0,1.4027265907429285,1.0,180366.75,654166.4175000004
2,0,10,179182.24000000022,665961.1099999994,0,0.0,57.11397627314815,1141,0,0,0,0,0,0,1,0,0,0,0,0,0.0,1.0,2,0,10,178678.98000000045,665826.8399999999,0,0.0,55.953478564814816,1540,0,0,0,0,0,0,0,0,1,0,0,0,0.0,1.0,2,5,5,177949.59999999963,662870.8800000008,0,20.3925,0.0,785,0,0,0,0,0,0,0,1,0,0,0,0,-0.848048096156426,-0.529919264233205,2,5,5,178380.95999999996,661949.7200000007,0,18.7591,0.0,785,0,0,0,0,0,0,0,1,0,0,0,0,0.32556815445715664,0.9455185755993168,1,0,0,1,0,0,0,0,0,0,0,0,0,0,0,0,0,1,0,0,0,0,1,0,0,0,0,0,0,0,0,0,0,0,0,0,0,0,0,0,1,0,0,0,1,0,0,0,0,0,0,0,0,0,0,0,0,0,0,1,0,0,0,0,0,0,0,1,0,0,0,0,0,0,0,0,0,0,0,0,0,0,0,0,0,0,1,0,0,0,0,0,0,0,0,0,0,0,0,0,0,1.7259130623543804,1.0,1.5124126175936565,1.0,1.273159810551216,1.0,1.9886192150890274,1.0,178547.94500000007,664152.1375000002
2,0,10,179107.7000000002,663112.9000000004,0,0.0,103.48113840277777,2205,0,0,0,0,1,0,0,0,0,0,0,0,0.0,1.0,2,0,10,177386.4299999997,662058.9399999995,0,0.0,100.49149719907408,2205,0,0,0,0,1,0,0,0,0,0,0,0,0.0,1.0,2,0,10,177419.7000000002,662364.0999999996,0,0.0,100.49149721064815,2205,0,0,0,0,1,0,0,0,0,0,0,0,0.0,1.0,1,0,6,180774.2199999997,661479.4800000004,0,494.65596666666664,0.0,1141,0,0,0,0,0,0,1,0,0,0,0,0,0.0,1.0,1,0,0,1,0,0,0,0,0,0,0,0,0,0,0,0,0,1,0,0,0,0,1,0,0,0,0,0,0,0,0,0,0,0,0,0,0,0,0,0,1,0,0,0,0,1,0,0,0,0,0,0,0,0,0,0,0,0,0,0,0,0,0,0,1,0,0,0,1,0,0,0,0,0,0,0,0,0,0,0,0,0,0,0,0,0,0,0,1,0,0,2,0,0,0,0,0,0,0,0,0,0.9689637667597186,1.0,1.3080359799269576,1.0,1.2646596737120994,1.0,2.253669810194451,1.0,178672.01249999995,662253.855
2,0,10,177321.38999999966,661428.4299999997,0,0.0,103.29926186342593,785,0,0,0,0,0,0,0,1,0,0,0,0,0.0,1.0,2,0,10,177366.4400000004,661908.0899999999,0,0.0,100.53316232638889,2205,0,0,0,0,1,0,0,0,0,0,0,0,0.0,1.0,2,0,6,177426.34999999963,662419.4100000001,0,0.0,100.53316232638889,2205,0,0,0,0,1,0,0,0,0,0,0,0,0.0,1.0,2,5,5,182315.91000000012,668001.6600000001,0,2.3538,0.0,790,0,0,0,0,0,0,0,0,0,0,1,0,-0.8571673007021121,-0.5150380749100544,1,0,0,1,0,0,0,0,0,0,0,0,0,0,0,0,0,1,0,0,0,0,1,0,0,0,0,0,0,0,0,0,0,0,0,0,0,0,0,0,1,0,0,0,0,1,0,0,0,0,0,0,0,0,0,0,0,0,0,0,0,0,0,0,1,0,0,1,0,0,0,0,0,0,0,0,0,0,0,0,0,0,0,0,0,0,1,0,0,0,0,3,0,0,0,0,0,0,0,0,0,0.9949061674897601,1.0,0.8215274905419286,1.0,0.6504500565271271,1.0,2.4504338785359727,1.0,178607.52249999996,663439.3975
2,0,10,177363.59999999963,661768.3800000008,0,0.0,109.88259951388889,785,0,0,0,0,0,0,0,1,0,0,0,0,0.0,1.0,16,0,10,178580.53000000026,663032.5,0,0.0,77.60977542824074,790,0,0,0,0,0,0,0,0,0,0,1,0,0.0,1.0,1,0,6,180770.2999999998,661493.5800000001,0,0.0,31.989381886574073,1141,0,0,0,0,0,0,1,0,0,0,0,0,0.0,1.0,2,5,5,178061.38999999966,664862.3000000007,0,4.759966666666666,0.0,1000,0,0,0,0,0,1,0,0,0,0,0,0,-0.275637355816999,-0.9612616959383189,1,0,0,1,0,0,0,0,0,0,0,0,0,0,0,0,0,1,0,0,0,0,1,0,0,0,0,0,0,0,0,0,0,0,0,0,0,0,0,0,1,0,0,0,0,1,0,0,0,0,0,0,0,0,0,0,0,0,0,0,0,0,0,0,1,0,0,1,0,0,0,0,0,0,0,0,0,0,0,0,0,0,0,1,0,0,0,0,0,0,0,0,0,0,0,0,0,0,0,0,0,1.2877396230634879,1.0,0.20615338629663982,1.0,1.8794681898544792,1.0,1.664490382475908,1.0,178693.95499999984,662789.1900000004
2,0,10,179177.2000000002,662945.9700000007,0,0.0,153.95966721064815,1141,0,0,0,0,0,0,1,0,0,0,0,0,0.0,1.0,2,0,10,179075.4500000002,663147.9499999993,0,0.0,102.10613712962963,2205,0,0,0,0,1,0,0,0,0,0,0,0,0.0,1.0,17,0,10,178626.95999999996,663024.7799999993,0,0.0,69.60977130787037,790,0,0,0,0,0,0,0,0,0,0,1,0,0.0,1.0,1,0,7,180759.6799999997,661531.8699999992,0,0.0,23.9893778125,1141,0,0,0,0,0,0,1,0,0,0,0,0,0.0,1.0,1,0,0,1,0,0,0,0,0,0,0,0,0,0,0,0,0,1,0,0,0,0,1,0,0,0,0,0,0,0,0,0,0,0,0,0,0,0,0,0,1,0,0,0,0,1,0,0,0,0,0,0,0,0,0,0,0,0,0,0,0,0,0,0,1,0,0,0,1,0,0,0,0,0,0,0,0,0,0,0,0,0,0,0,0,0,0,0,1,0,0,0,0,0,0,0,0,0,0,0,0,0.5010875468073722,1.0,0.8055712507773807,1.0,1.1790313569855866,1.0,2.406955417376197,1.0,179409.8225,662662.6424999996
2,0,10,179116.7000000002,665979.1099999994,0,0.0,56.9056428587963,1141,0,0,0,0,0,0,1,0,0,0,0,0,0.0,1.0,2,0,6,178693.75,665885.8900000006,0,0.0,55.745145173611114,1540,0,0,0,0,0,0,0,0,1,0,0,0,0.0,1.0,2,5,5,181989.5599999996,668809.9700000007,0,8.009083333333333,0.0,2205,0,0,0,0,1,0,0,0,0,0,0,0,-0.052335956242943564,-0.9986295347545738,2,5,5,180016.7999999998,661596.1199999992,0,3.42575,0.0,2205,0,0,0,0,1,0,0,0,0,0,0,0,0.9998476951563913,-0.017452406437283477,1,0,0,1,0,0,0,0,0,0,0,0,0,0,0,0,0,1,0,0,0,0,1,0,0,0,0,0,0,0,0,0,0,0,0,0,0,0,0,0,1,0,0,0,1,0,0,0,0,0,0,0,0,0,0,0,0,0,0,1,0,0,0,0,0,0,0,1,0,0,0,0,0,0,0,0,0,0,0,0,0,0,0,1,0,0,0,0,0,0,0,0,0,0,0,0,0,0,0,0,0,0.4853168097799264,1.0,0.6761597425867775,1.0,1.9911300814953783,1.0,2.0660410289231663,1.0,179954.2024999999,665567.7725
1,0,10,179694.4400000004,665825.2200000007,0,0.0,284.9534549421296,785,0,0,0,0,0,0,0,1,0,0,0,0,0.0,1.0,2,0,6,177426.34999999963,662419.4100000001,0,0.0,107.15816563657407,2205,0,0,0,0,1,0,0,0,0,0,0,0,0.0,1.0,2,0,10,178909.51999999955,666038.7699999996,0,0.0,103.05270262731482,1000,0,0,0,0,0,1,0,0,0,0,0,0,0.0,1.0,2,0,10,179045.6900000004,665999.7799999993,0,0.0,103.05270265046296,1000,0,0,0,0,0,1,0,0,0,0,0,0,0.0,1.0,1,0,0,1,0,0,0,0,0,0,0,0,0,0,0,0,0,1,0,0,0,0,1,0,0,0,0,0,0,0,0,0,0,0,0,0,0,0,0,0,1,0,0,0,0,1,0,0,0,0,0,0,0,0,0,0,0,0,0,0,0,0,0,0,1,0,0,0,1,0,0,0,0,0,0,0,0,0,0,0,0,0,0,0,0,0,0,0,1,0,0,2,0,0,0,0,0,0,0,0,0,1.0106229605525336,1.0,2.5155559010579682,0.0,0.827910985623072,1.0,0.8204565153693348,1.0,238358.66666666666,886761.0599999999
2,5,6,181564.3799999999,666224.1300000008,0,15.698,0.0,1353,0,0,0,0,0,0,0,1,0,0,0,0,-0.8191520442889918,0.573576436351046,2,5,5,183764.1399999997,662565.3399999999,0,10.08155,0.0,1353,0,0,0,0,0,0,0,1,0,0,0,0,0.573576436351046,0.8191520442889918,2,5,5,181425.00999999975,666141.3699999992,0,6.248183333333333,0.0,1353,0,0,0,0,0,0,0,1,0,0,0,0,0.49999999999999994,0.8660254037844387,2,5,5,183676.48000000045,665060.1999999993,0,4.03135,0.0,1353,0,0,0,0,0,0,0,1,0,0,0,0,0.9876883405951378,0.15643446504023092,0,0,1,0,0,0,0,0,0,0,0,0,0,0,0,0,1,0,0,0,0,1,0,0,0,0,0,0,0,0,0,0,0,0,0,0,1,0,0,0,0,0,0,0,1,0,0,0,0,0,0,0,0,0,0,0,0,0,0,0,0,0,1,0,0,0,0,1,0,0,0,0,0,0,0,0,0,0,0,0,0,0,0,0,0,0,1,0,0,0,0,0,0,0,0,0,0,0,0,0,0,1.2423481066455913,1.0,2.078363480773739,1.0,1.2693838069895975,1.0,0.8262788048668477,1.0,182607.50249999994,664997.7599999998
2,0,10,177937.33999999985,658564.3000000007,0,0.0,82.0104740162037,1540,0,0,0,0,0,0,0,0,1,0,0,0,0.0,1.0,2,0,10,177976.3700000001,658984.2100000009,0,0.0,82.01047417824074,1540,0,0,0,0,0,0,0,0,1,0,0,0,0.0,1.0,6,5,7,182513.29000000004,657668.5199999996,0,14.482216666666666,0.0,1540,0,0,0,0,0,0,0,0,1,0,0,0,0.5150380749100544,-0.8571673007021122,2,5,5,180907.7000000002,657367.6400000006,0,8.9328,0.0,1540,0,0,0,0,0,0,0,0,1,0,0,0,-0.6427876096865396,0.7660444431189778,0,0,0,1,0,0,0,0,0,0,0,0,0,0,0,0,0,1,0,0,0,0,1,0,0,0,0,0,0,0,0,0,0,0,0,0,0,0,0,0,1,0,0,0,1,0,0,0,0,0,0,0,0,0,0,0,0,0,0,0,0,0,1,0,0,0,0,1,0,0,0,0,0,0,0,0,0,0,0,0,0,0,0,0,0,0,1,0,0,0,0,2,0,0,0,0,0,0,0,0,0,1.485223935028995,1.0,1.5584450727298946,1.0,2.0817706152943893,1.0,1.014564067721791,1.0,179833.67500000005,658146.1675000004
2,0,6,177426.34999999963,662419.4100000001,0,0.0,100.70678782407407,2205,0,0,0,0,1,0,0,0,0,0,0,0,0.0,1.0,2,0,6,177426.34999999963,662419.4100000001,0,0.0,100.70678782407407,2205,0,0,0,0,1,0,0,0,0,0,0,0,0.0,1.0,2,0,6,177426.34999999963,662419.4100000001,0,0.0,100.70678782407407,2205,0,0,0,0,1,0,0,0,0,0,0,0,0.0,1.0,2,0,6,183119.1500000004,668130.25,0,963.0244666666666,0.0,1295,0,0,0,0,0,1,0,0,0,0,0,0,0.0,1.0,1,0,0,1,0,0,0,0,0,0,0,0,0,0,0,0,0,1,0,0,0,0,1,0,0,0,0,0,0,0,0,0,0,0,0,0,0,0,0,0,1,0,0,0,0,1,0,0,0,0,0,0,0,0,0,0,0,0,0,0,0,0,0,0,1,0,0,0,1,0,0,0,0,0,0,0,0,0,0,0,0,0,0,0,0,0,0,0,1,0,0,3,0,0,0,0,0,0,0,0,0,0.8164976025966209,1.0,0.8164976025966209,1.0,0.8164976025966209,1.0,2.4494928077898708,1.0,178849.5499999998,663847.1200000001
2,0,10,179225.83999999985,663041.8200000003,0,0.0,127.50208855324074,785,0,0,0,0,0,0,0,1,0,0,0,0,0.0,1.0,2,0,10,179225.83999999985,663041.8200000003,0,0.0,127.50208855324074,785,0,0,0,0,0,0,0,1,0,0,0,0,0.0,1.0,2,0,10,179225.83999999985,663041.8200000003,0,0.0,127.50208855324074,785,0,0,0,0,0,0,0,1,0,0,0,0,0.0,1.0,2,0,10,179225.83999999985,663041.8200000003,0,0.0,127.50208855324074,785,0,0,0,0,0,0,0,1,0,0,0,0,0.0,1.0,1,0,0,1,0,0,0,0,0,0,0,0,0,0,0,0,0,1,0,0,0,0,1,0,0,0,0,0,0,0,0,0,0,0,0,0,0,0,0,0,1,0,0,0,0,1,0,0,0,0,0,0,0,0,0,0,0,0,0,0,0,0,0,0,1,0,0,0,1,0,0,0,0,0,0,0,0,0,0,0,0,0,0,0,0,0,0,0,1,0,0,4,0,0,0,0,0,0,0,0,0,0.0,1.0,0.0,1.0,0.0,1.0,0.0,1.0,179225.83999999985,663041.8200000003
2,0,10,177408.16000000015,662268.3399999999,0,0.0,100.53316288194445,2205,0,0,0,0,1,0,0,0,0,0,0,0,0.0,1.0,2,0,10,178747.04000000004,666085.1899999995,0,0.0,56.245142048611115,1540,0,0,0,0,0,0,0,0,1,0,0,0,0.0,1.0,1,0,6,179674.59999999963,663477.4800000004,0,772.9878833333333,0.0,2205,0,0,0,0,1,0,0,0,0,0,0,0,0.0,1.0,1,0,6,180789.41999999995,661429.6300000008,0,554.6712166666666,0.0,1141,0,0,0,0,0,0,1,0,0,0,0,0,0.0,1.0,1,0,0,1,0,0,0,0,0,0,0,0,0,0,0,0,0,1,0,0,0,0,1,0,0,0,0,0,0,0,0,0,0,0,0,0,0,0,0,0,1,0,0,0,0,1,0,0,0,0,0,0,0,0,0,0,0,0,0,0,0,0,0,0,1,0,0,0,1,0,0,0,0,0,0,0,0,0,0,0,0,0,0,0,0,0,0,0,1,0,0,0,0,0,0,0,0,0,0,0,0,1.3584308705467885,1.0,1.8678032809014404,1.0,0.36326966253635895,1.0,1.6647057093331712,1.0,179154.80499999993,663315.1600000001
2,5,5,190966.8099999996,676897.7400000002,0,18.94945,0.0,1353,0,0,0,0,0,0,0,1,0,0,0,0,0.6691306063588582,0.7431448254773942,2,5,5,190939.83999999985,677134.3800000008,0,9.815116666666666,0.0,1353,0,0,0,0,0,0,0,1,0,0,0,0,0.9612616959383189,-0.27563735581699905,2,5,7,190871.79000000004,676813.4900000002,0,5.4322,0.0,1353,0,0,0,0,0,0,0,1,0,0,0,0,-0.6691306063588582,-0.7431448254773942,2,5,5,190128.3700000001,675536.0600000005,0,2.0001166666666665,0.0,1353,0,0,0,0,0,0,0,1,0,0,0,0,-0.1564344650402311,0.9876883405951377,0,0,1,0,0,0,0,0,0,0,0,0,0,1,0,0,0,0,0,0,0,1,0,0,0,0,0,0,0,0,0,0,0,0,0,1,0,0,0,0,0,0,0,0,0,0,1,0,0,0,0,1,0,0,0,0,0,0,0,0,0,0,0,0,0,0,0,1,0,0,0,0,0,0,0,0,0,0,0,0,0,0,0,0,0,1,0,0,0,0,0,2,0,0,0,0,0,0,0,0,0,0.7960142029742543,1.0,1.1949902825731733,1.0,0.5400514455880763,1.0,2.5085350392453187,0.0,254302.26999999987,902127.223333334
2,0,6,191566.1299999999,675454.4299999997,0,1012.96915,0.0,790,0,0,0,0,0,0,0,0,0,0,1,0,0.0,1.0,2,0,6,191484.1399999997,675480.1400000006,0,1012.9693,0.0,790,0,0,0,0,0,0,0,0,0,0,1,0,0.0,1.0,2,0,6,191556.61000000036,675457.2400000002,0,1012.9708333333333,0.0,790,0,0,0,0,0,0,0,0,0,0,1,0,0.0,1.0,2,5,8,193117.5499999998,675480.5,0,9.586816666666667,0.0,649,0,0,0,0,0,0,1,0,0,0,0,0,-0.5735764363510458,-0.819152044288992,0,0,0,1,0,0,0,0,0,0,0,0,0,0,0,0,0,1,0,0,0,0,1,0,0,0,0,0,0,0,0,0,0,0,0,0,0,0,0,0,1,0,0,0,0,1,0,0,0,0,0,0,0,0,0,0,0,0,0,0,0,0,0,0,1,0,0,0,0,1,0,0,0,0,1,0,0,0,0,0,0,0,0,0,0,0,0,0,0,0,0,3,0,0,0,0,0,0,0,0,0,1.0464969822337022,1.0,1.2811574984886775,1.0,1.0734929066573589,1.0,3.399687366274204,0.0,255908.14333333322,900624.1033333335
2,5,6,182571.41000000012,674169.4100000001,0,25.372416666666666,0.0,2205,0,0,0,0,1,0,0,0,0,0,0,0,-0.9961946980917455,-0.08715574274765825,1,5,5,180944.1900000004,674344.4600000009,0,6.9557166666666665,0.0,2205,0,0,0,0,1,0,0,0,0,0,0,0,-0.6293203910498376,-0.7771459614569708,2,5,5,182880.54000000004,676347.1699999999,0,2.4227666666666665,0.0,2205,0,0,0,0,1,0,0,0,0,0,0,0,-0.9876883405951378,0.15643446504023067,2,5,5,182967.50999999975,674247.5299999993,0,2.3725833333333335,0.0,2205,0,0,0,0,1,0,0,0,0,0,0,0,-0.9563047559630353,-0.2923717047227371,0,0,1,0,0,0,0,0,0,0,0,0,0,1,0,0,0,0,0,0,0,0,0,1,0,0,0,0,1,0,0,0,0,0,0,0,0,0,0,0,0,0,0,0,1,0,0,0,0,0,0,0,0,0,0,0,0,0,0,1,0,0,0,0,0,0,0,1,0,0,0,0,0,0,0,0,0,0,0,0,0,0,0,1,0,0,0,0,0,0,0,2,0,0,0,0,0,0,0,0,0,0.7521567113569786,1.0,1.6920772904039023,1.0,1.9211691369575579,1.0,0.9494142341725539,1.0,182340.9125000001,674777.1425000001
1,0,6,180794.6399999997,661410.1999999993,0,374.67808333333335,0.0,1141,0,0,0,0,0,0,1,0,0,0,0,0,0.0,1.0,2,5,5,183690.28000000023,669067.7899999991,0,10.461416666666667,0.0,738,0,0,0,0,0,0,0,0,0,1,0,0,0.0,1.0,2,5,6,180545.25,664909.6899999995,0,23.2568,0.0,787,0,0,0,0,0,0,0,0,0,1,0,0,0.45399049973954675,0.8910065241883679,2,5,8,179171.3700000001,661710.4299999997,0,4.4901,0.0,787,0,0,0,0,0,0,0,0,0,1,0,0,0.9510565162951536,-0.30901699437494734,1,0,0,1,0,0,0,0,0,0,0,0,0,0,0,0,0,1,0,0,0,1,0,0,0,0,0,0,0,0,0,0,0,0,0,0,0,0,1,0,0,0,0,0,1,0,0,0,0,0,0,0,0,0,0,0,0,0,0,0,0,0,1,0,0,0,0,0,0,1,0,0,0,0,1,0,0,0,0,0,0,0,0,0,0,0,0,0,0,0,0,0,0,0,0,0,0,0,0,0,0,1.2150996885359748,1.0,2.3121866203561345,1.0,0.3429047297621545,1.0,1.3431962142790097,1.0,181050.385,664274.5274999994
1,0,6,185909.0499999998,672709.9700000007,0,0.0,42.04720583333334,2324,0,0,0,0,1,0,0,0,0,0,0,0,0.0,1.0,1,0,10,185861.98000000045,672598.8100000005,0,0.0,42.047206145833336,2324,0,0,0,0,1,0,0,0,0,0,0,0,0.0,1.0,1,0,6,184403.83999999985,672179.5,0,772.9936833333334,0.0,790,0,0,0,0,0,0,0,0,0,0,1,0,0.0,1.0,2,5,5,184435.1200000001,671316.75,0,4.444116666666667,0.0,2205,0,0,0,0,1,0,0,0,0,0,0,0,-0.4226182617406993,-0.90630778703665,0,0,0,1,0,0,0,0,0,0,0,0,0,0,0,0,0,1,0,0,0,0,1,0,0,0,0,0,0,0,0,0,0,0,0,0,0,0,0,0,1,0,0,0,0,1,0,0,0,0,0,0,0,0,0,0,0,0,0,0,0,0,0,0,1,0,0,1,0,0,0,0,0,0,0,0,0,0,0,0,0,0,0,0,0,0,1,0,0,0,0,2,0,0,0,0,0,0,0,0,0,1.42345937258914,1.0,1.2698114304772066,1.0,1.169416560954685,1.0,1.778156752292394,1.0,185152.49750000006,672201.2575000003
2,0,10,178578.91999999993,665596.5600000005,0,0.0,62.703484537037035,1540,0,0,0,0,0,0,0,0,1,0,0,0,0.0,1.0,2,0,10,178672.3799999999,665806.7899999991,0,0.0,62.703484537037035,1540,0,0,0,0,0,0,0,0,1,0,0,0,0.0,1.0,1,0,8,180794.6399999997,661410.1999999993,0,0.0,6.8435308449074075,1141,0,0,0,0,0,0,1,0,0,0,0,0,0.0,1.0,1,5,5,180747.3700000001,662764.5999999996,0,8.417883333333334,0.0,2324,0,0,0,0,1,0,0,0,0,0,0,0,0.01745240643728351,0.9998476951563913,1,0,0,1,0,0,0,0,0,0,0,0,0,0,0,0,0,1,0,0,0,0,1,0,0,0,0,0,0,0,0,0,0,0,0,0,0,0,0,0,1,0,0,0,0,1,0,0,0,0,0,0,0,0,0,0,0,0,0,0,0,0,0,0,1,0,0,0,0,1,0,0,0,0,0,1,0,0,0,0,0,0,0,0,0,0,0,0,0,0,0,2,0,0,0,0,0,0,0,0,0,1.3837891509185654,1.0,1.474094931827677,1.0,1.8445692699615501,1.0,1.0473350140453612,1.0,179698.3274999999,663894.5374999996
1,0,10,183694.99000000025,652624.1099999994,0,0.0,91.31832690972222,738,0,0,0,0,0,0,0,0,0,1,0,0,0.0,1.0,1,0,10,183694.99000000025,652624.1099999994,0,0.0,91.31832690972222,738,0,0,0,0,0,0,0,0,0,1,0,0,0.0,1.0,1,0,6,178218.38999999966,654988.6199999992,0,963.0246833333333,0.0,1295,0,0,0,0,0,1,0,0,0,0,0,0,0.0,1.0,1,0,6,178218.38999999966,654988.6199999992,0,963.0246833333333,0.0,1295,0,0,0,0,0,1,0,0,0,0,0,0,0.0,1.0,0,0,0,1,0,0,0,0,0,0,0,0,0,0,0,0,0,1,0,0,0,0,1,0,0,0,0,0,0,0,0,0,0,0,0,0,0,0,0,0,1,0,0,0,0,1,0,0,0,0,0,0,0,0,0,0,0,0,0,0,0,0,0,0,1,0,0,0,1,0,0,0,0,0,0,0,0,0,0,0,0,0,0,0,0,0,0,0,1,0,0,2,2,0,0,0,0,0,0,0,0,1.5215287684456846,1.0,1.5215287684456846,1.0,1.5215287684456709,1.0,1.5215287684456709,1.0,180956.68999999994,653806.3649999993
1,0,10,187492.6399999997,659382.8399999999,0,0.0,129.2451543865741,787,0,0,0,0,0,0,0,0,0,1,0,0,0.0,1.0,1,0,10,187422.34999999963,659473.8200000003,0,0.0,129.24515462962964,787,0,0,0,0,0,0,0,0,0,1,0,0,0.0,1.0,1,0,6,187667.66999999995,659861.0099999998,0,0.0,84.41179789351852,1353,0,0,0,0,0,0,0,1,0,0,0,0,0.0,1.0,2,0,6,186297.3899999997,659897.9100000001,0,533.0392166666667,0.0,1540,0,0,0,0,0,0,0,0,1,0,0,0,0.0,1.0,0,0,0,1,0,0,0,0,0,0,0,0,0,0,0,0,0,1,0,0,0,0,1,0,0,0,0,0,0,0,0,0,0,0,0,0,0,0,0,0,1,0,0,0,0,1,0,0,0,0,0,0,0,0,0,0,0,0,0,0,0,0,0,0,1,0,0,0,1,0,0,0,0,0,0,0,0,0,0,0,0,0,0,0,0,0,0,0,1,0,0,2,0,0,0,0,0,0,0,0,0,1.0007177631028272,1.0,0.7050683273844691,1.0,1.2839408324755004,1.0,2.484191828592873,1.0,187220.01249999972,659653.895
2,0,10,186260.91999999995,659751.1099999994,0,0.0,132.71938141203702,790,0,0,0,0,0,0,0,0,0,0,1,0,0.0,1.0,2,0,10,186205.24000000025,659506.6899999995,0,0.0,132.7193582638889,790,0,0,0,0,0,0,0,0,0,0,1,0,0.0,1.0,1,0,10,187492.6399999997,659382.8399999999,0,0.0,85.82847859953704,787,0,0,0,0,0,0,0,0,0,1,0,0,0.0,1.0,1,0,10,187663.8200000003,659810.7899999991,0,0.0,83.9951335763889,1353,0,0,0,0,0,0,0,1,0,0,0,0,0.0,1.0,0,0,0,1,0,0,0,0,0,0,0,0,0,0,0,0,0,1,0,0,0,0,1,0,0,0,0,0,0,0,0,0,0,0,0,0,0,0,0,0,1,0,0,0,0,1,0,0,0,0,0,0,0,0,0,0,0,0,0,0,0,0,0,0,1,0,0,0,1,0,0,0,0,0,0,0,0,0,0,0,0,0,0,0,0,0,0,0,1,0,0,2,0,0,0,0,0,0,0,0,0,1.550490548326732,1.0,1.6657660392096787,1.0,1.4824234459394343,1.0,1.8424980018717763,1.0,186905.65500000006,659612.8574999995
2,0,6,175881.0700000003,659144.1699999999,0,1133.0401166666666,0.0,1540,0,0,0,0,0,0,0,0,1,0,0,0,0.0,1.0,2,0,7,175873.61000000034,659035.5199999996,0,1133.04015,0.0,1540,0,0,0,0,0,0,0,0,1,0,0,0,0.0,1.0,2,0,6,175876.00999999978,658912.0899999999,0,1133.0404,0.0,1540,0,0,0,0,0,0,0,0,1,0,0,0,0.0,1.0,1,5,5,176630.03000000026,657859.8599999994,0,2.5067166666666667,0.0,1295,0,0,0,0,0,1,0,0,0,0,0,0,0.35836794954530027,0.9335804264972017,0,0,0,1,0,0,0,0,0,0,0,0,0,0,0,0,0,1,0,0,0,0,1,0,0,0,0,0,0,0,0,0,0,0,0,0,0,0,0,0,1,0,0,0,0,1,0,0,0,0,0,0,0,0,0,0,0,0,0,0,0,0,0,0,1,0,0,1,0,0,0,0,0,0,0,0,0,0,0,0,0,0,0,1,0,0,0,0,0,0,0,3,0,0,0,0,0,0,0,0,0,1.0623881791046634,1.0,0.8430300241810659,1.0,0.6124880052651481,1.0,2.4867770406876013,1.0,176065.18000000017,658737.9099999997
2,0,7,177403.1200000001,662212.1300000008,0,0.0,100.24149971064814,2205,0,0,0,0,1,0,0,0,0,0,0,0,0.0,1.0,2,0,10,177437.83000000007,662499.7699999996,0,0.0,100.2414997337963,2205,0,0,0,0,1,0,0,0,0,0,0,0,0.0,1.0,2,0,10,179116.7000000002,665979.1099999994,0,0.0,96.13603675925926,1000,0,0,0,0,0,1,0,0,0,0,0,0,0.0,1.0,2,5,5,180382.8799999999,665900.9100000001,0,31.026266666666668,0.0,785,0,0,0,0,0,0,0,1,0,0,0,0,0.9335804264972017,0.3583679495453004,1,0,0,1,0,0,0,0,0,0,0,0,0,0,0,0,0,1,0,0,0,0,1,0,0,0,0,0,0,0,0,0,0,0,0,0,0,0,0,0,1,0,0,0,0,1,0,0,0,0,0,0,0,0,0,0,0,0,0,0,0,0,0,0,1,0,0,1,0,0,0,0,0,0,0,0,0,0,0,0,0,0,0,0,0,0,1,0,0,0,0,2,0,0,0,0,0,0,0,0,0,1.490797844151383,1.0,1.3199234108656341,1.0,1.2532224284330682,1.0,1.650330287862719,1.0,178585.13250000007,664147.98
2,0,10,179182.24000000022,665961.1099999994,0,0.0,57.86398063657408,1141,0,0,0,0,0,0,1,0,0,0,0,0,0.0,1.0,1,0,6,180789.41999999995,661429.6300000008,0,1214.6820166666666,0.0,1141,0,0,0,0,0,0,1,0,0,0,0,0,0.0,1.0,2,5,5,180521.8799999999,664525.9800000004,0,3.4321,0.0,2324,0,0,0,0,1,0,0,0,0,0,0,0,-0.9702957262759966,0.24192189559966742,2,5,6,181356.51999999955,664211.6600000001,0,2.8154,0.0,2324,0,0,0,0,1,0,0,0,0,0,0,0,-0.9396926207859085,0.34202014332566816,1,0,0,1,0,0,0,0,0,0,0,0,0,0,0,0,0,1,0,0,0,0,1,0,0,0,0,0,0,0,0,0,0,0,0,0,0,0,0,0,1,0,0,0,1,0,0,0,0,0,0,0,0,0,0,0,0,0,0,0,0,0,1,0,0,0,0,1,0,0,0,0,0,0,0,0,0,0,0,0,0,0,0,1,0,0,0,0,0,0,0,0,0,0,0,0,0,0,0,0,0,1.8983914710932748,1.0,2.1506989462108113,1.0,0.40788327698166604,1.0,0.7476929551127477,1.0,180462.5149999999,664032.0950000002
2,0,6,177381.58999999985,662031.7899999991,0,0.0,100.61649804398148,2205,0,0,0,0,1,0,0,0,0,0,0,0,0.0,1.0,17,0,10,178540.1799999997,663026.1099999994,0,0.0,71.10978509259259,790,0,0,0,0,0,0,0,0,0,0,1,0,0.0,1.0,1,0,10,180749.91999999995,661572.5,0,0.0,25.489380011574074,1141,0,0,0,0,0,0,1,0,0,0,0,0,0.0,1.0,2,0,10,180244.75,664183.7100000009,0,0.0,10.203454074074074,787,0,0,0,0,0,0,0,0,0,1,0,0,0.0,1.0,1,0,0,1,0,0,0,0,0,0,0,0,0,0,0,0,0,1,0,0,0,0,1,0,0,0,0,0,0,0,0,0,0,0,0,0,0,0,0,0,1,0,0,0,0,1,0,0,0,0,0,0,0,0,0,0,0,0,0,0,0,0,0,0,1,0,0,0,1,0,0,0,0,0,0,0,0,0,0,0,0,0,0,0,0,0,0,0,1,0,0,0,0,0,0,0,0,0,0,0,0,1.6746109443371286,1.0,0.6480142570380834,1.0,1.6144968312119519,1.0,1.5291775454557879,1.0,179229.10999999987,662703.5274999999
1,0,7,176901.25999999978,661672.7599999998,0,1193.0500833333333,0.0,790,0,0,0,0,0,0,0,0,0,0,1,0,0.0,1.0,2,5,5,180329.1900000004,669003.8800000008,0,19.6001,0.0,1540,0,0,0,0,0,0,0,0,1,0,0,0,0.13917310096006544,0.9902680687415704,2,5,6,178971.7999999998,663418.9199999999,0,16.466666666666665,0.0,1540,0,0,0,0,0,0,0,0,1,0,0,0,0.7771459614569708,0.6293203910498375,1,5,5,180332.7199999997,663068.2400000002,0,1.5501,0.0,1540,0,0,0,0,0,0,0,0,1,0,0,0,-0.06975647374412483,-0.9975640502598243,1,0,0,1,0,0,0,0,0,0,0,0,0,0,0,0,0,1,0,0,0,1,0,0,0,0,0,0,0,0,0,0,0,0,0,0,0,0,1,0,0,0,0,0,1,0,0,0,0,0,0,0,0,0,0,0,0,0,0,0,0,0,1,0,0,0,0,1,0,0,0,0,0,0,0,0,0,0,0,0,0,0,0,0,0,0,1,0,0,0,0,0,0,0,0,0,0,0,0,0,0,1.6378407233604124,1.0,2.3144465985881792,1.0,0.4221920448981762,1.0,0.8151546313579308,1.0,179133.74249999993,664290.9500000002
6,5,7,190875.61000000036,665768.1899999995,0,24.866766666666667,0.0,860,0,0,0,1,0,0,0,0,0,0,0,0,-0.24192189559966787,0.9702957262759965,2,5,5,188910.33000000007,667228.4199999999,0,4.699533333333333,0.0,860,0,0,0,1,0,0,0,0,0,0,0,0,-0.9961946980917455,-0.08715574274765825,1,5,5,189733.25999999975,666543.9900000002,0,2.7830166666666667,0.0,860,0,0,0,1,0,0,0,0,0,0,0,0,-0.6560590289905074,0.7547095802227719,2,5,5,189619.01999999955,665572.6699999999,0,2.6493333333333333,0.0,860,0,0,0,1,0,0,0,0,0,0,0,0,-0.3090169943749477,0.9510565162951535,0,0,1,0,0,0,0,0,0,0,0,0,0,0,0,1,0,0,0,0,0,1,0,0,0,0,0,0,0,0,0,0,0,0,0,0,1,0,0,0,0,0,0,0,1,0,0,0,0,0,0,0,0,0,0,0,0,0,0,0,0,0,1,0,0,0,0,1,0,0,0,0,0,0,0,0,0,0,0,0,0,0,0,0,0,0,1,0,0,0,0,0,0,0,0,0,0,0,0,0,0,1.7681924438321988,1.0,1.8954580027809504,1.0,0.3972329851101317,1.0,1.0640728728324518,1.0,189784.55499999993,666278.3174999999
2,0,10,186205.24000000025,659506.6899999995,0,0.0,133.1846462962963,790,0,0,0,0,0,0,0,0,0,0,1,0,0.0,1.0,2,0,10,186205.24000000025,659506.6899999995,0,0.0,133.1846462962963,790,0,0,0,0,0,0,0,0,0,0,1,0,0.0,1.0,1,0,10,187492.6399999997,659382.8399999999,0,0.0,86.29376666666667,787,0,0,0,0,0,0,0,0,0,1,0,0,0.0,1.0,1,0,10,187667.66999999995,659861.0099999998,0,0.0,84.46042174768519,1353,0,0,0,0,0,0,0,1,0,0,0,0,0.0,1.0,0,0,0,1,0,0,0,0,0,0,0,0,0,0,0,0,0,1,0,0,0,0,1,0,0,0,0,0,0,0,0,0,0,0,0,0,0,0,0,0,1,0,0,0,0,1,0,0,0,0,0,0,0,0,0,0,0,0,0,0,0,0,0,0,1,0,0,0,1,0,0,0,0,0,0,0,0,0,0,0,0,0,0,0,0,0,0,0,1,0,0,2,0,0,0,0,0,0,0,0,0,1.5880121854938263,1.0,1.5880121854938263,1.0,1.4428050821546696,1.0,1.910187999133197,1.0,186892.69750000004,659564.3074999996
1,0,6,179273.79000000004,663060.5999999996,0,773.0068333333334,0.0,1295,0,0,0,0,0,1,0,0,0,0,0,0,0.0,1.0,2,0,6,178180.0499999998,664506.8900000006,0,293.04018333333335,0.0,738,0,0,0,0,0,0,0,0,0,1,0,0,0.0,1.0,2,0,6,178284.33999999985,664471.3399999999,0,293.04018333333335,0.0,738,0,0,0,0,0,0,0,0,0,1,0,0,0.0,1.0,2,5,8,179731.91999999993,661806.3399999999,0,5.473533333333333,0.0,101,0,0,0,0,0,0,0,0,0,0,0,1,-0.0348994967025009,-0.9993908270190958,1,0,0,1,0,0,0,0,0,0,0,0,0,0,0,0,0,1,0,0,0,0,1,0,0,0,0,0,0,0,0,0,0,0,0,0,0,0,0,0,1,0,0,0,0,1,0,0,0,0,0,0,0,0,0,0,0,0,0,0,0,0,0,0,1,0,0,1,0,0,0,0,0,0,0,0,0,0,0,0,0,0,0,0,0,0,1,0,0,0,0,0,0,0,0,0,0,0,0,0,0,0.6425298714188145,1.0,1.4090576496669398,1.0,1.3133024783426221,1.0,2.1023929478362087,1.0,178867.5249999999,663461.2925
2,0,6,179318.16999999993,663393.6600000001,0,1023.0071166666667,0.0,2205,0,0,0,0,1,0,0,0,0,0,0,0,0.0,1.0,2,0,6,179318.16999999993,663393.6600000001,0,1023.0071166666667,0.0,2205,0,0,0,0,1,0,0,0,0,0,0,0,0.0,1.0,2,0,6,178180.0499999998,664506.8900000006,0,483.0571166666667,0.0,738,0,0,0,0,0,0,0,0,0,1,0,0,0.0,1.0,2,0,6,178180.0499999998,664506.8900000006,0,483.0571166666667,0.0,738,0,0,0,0,0,0,0,0,0,1,0,0,0.0,1.0,1,0,0,1,0,0,0,0,0,0,0,0,0,0,0,0,0,1,0,0,0,0,1,0,0,0,0,0,0,0,0,0,0,0,0,0,0,0,0,0,1,0,0,0,0,1,0,0,0,0,0,0,0,0,0,0,0,0,0,0,0,0,0,0,1,0,0,0,1,0,0,0,0,0,0,0,0,0,0,0,0,0,0,0,0,0,0,0,1,0,0,2,2,0,0,0,0,0,0,0,0,1.4142999865977761,1.0,1.4142999865977761,1.0,1.4142999865977761,1.0,1.4142999865977761,1.0,178749.10999999987,663950.2750000004
2,0,10,186214.3899999997,659530.0600000005,0,0.0,132.51102407407407,790,0,0,0,0,0,0,0,0,0,0,1,0,0.0,1.0,1,0,7,187286.83999999985,659459.1400000006,0,0.0,1.6201677662037037,787,0,0,0,0,0,0,0,0,0,1,0,0,0.0,1.0,20,0,6,187270.0,659512.6500000004,0,0.0,1.6201677893518518,787,0,0,0,0,0,0,0,0,0,1,0,0,0.0,1.0,2,4,5,185697.66999999995,660135.0399999991,0,13.09155,0.0,2205,0,0,0,0,1,0,0,0,0,0,0,0,0.13917310096006544,0.9902680687415704,0,0,0,1,0,0,0,0,0,0,0,0,0,0,0,0,0,1,0,0,0,0,1,0,0,0,0,0,0,0,0,0,0,0,0,0,0,0,0,0,1,0,0,0,0,1,0,0,0,0,0,0,0,0,0,0,0,0,0,0,0,0,0,0,1,0,0,1,0,0,0,0,0,0,0,0,0,0,0,0,0,0,0,1,0,0,0,0,0,0,0,0,0,0,0,0,0,0,0,0,0,0.8795384324830423,1.0,1.453026590898798,1.0,1.3909850756571949,1.0,2.1526436975774295,1.0,186617.22499999986,659659.2225000001
1,0,10,188271.1200000001,659466.2799999993,0,0.0,165.71454358796296,738,0,0,0,0,0,0,0,0,0,1,0,0,0.0,1.0,1,0,10,190015.04000000004,659611.7300000004,0,0.0,39.631581770833336,787,0,0,0,0,0,0,0,0,0,1,0,0,0.0,1.0,1,0,10,189613.1399999997,659628.6600000001,0,0.0,19.728270185185185,738,0,0,0,0,0,0,0,0,0,1,0,0,0.0,1.0,1,0,10,190137.86000000036,659584.3200000003,0,0.0,8.51068923611111,134,0,0,0,0,0,0,0,0,0,0,0,1,0.0,1.0,0,0,0,1,0,0,0,0,0,0,0,0,0,0,0,0,0,1,0,0,0,0,1,0,0,0,0,0,0,0,0,0,0,0,0,0,0,0,0,0,1,0,0,0,0,1,0,0,0,0,0,0,0,0,0,0,0,0,0,0,0,0,0,0,1,0,0,0,1,0,0,0,0,0,0,0,0,0,0,0,0,0,0,0,0,0,0,0,1,0,0,0,0,0,0,0,0,0,0,0,0,3.09060565806,0.0,1.2614958604880946,1.0,0.2933211006024806,1.0,1.5634748544147967,1.0,252679.05333333337,879430.3300000001
17,0,10,178540.1799999997,663026.1099999994,0,0.0,70.6514513425926,790,0,0,0,0,0,0,0,0,0,0,1,0,0.0,1.0,17,0,6,178698.5599999996,663005.4399999995,0,0.0,70.65143978009259,790,0,0,0,0,0,0,0,0,0,0,1,0,0.0,1.0,1,0,10,180749.91999999995,661572.5,0,0.0,25.03104625,1141,0,0,0,0,0,0,1,0,0,0,0,0,0.0,1.0,1,5,5,179117.66000000015,663981.2599999998,0,12.889916666666666,0.0,1141,0,0,0,0,0,0,1,0,0,0,0,0,0.8090169943749475,0.5877852522924731,1,0,0,1,0,0,0,0,0,0,0,0,0,0,0,0,0,1,0,0,0,0,1,0,0,0,0,0,0,0,0,0,0,0,0,0,0,0,0,0,1,0,0,0,0,1,0,0,0,0,0,0,0,0,0,0,0,0,0,0,0,0,0,0,1,0,0,0,1,0,0,0,0,0,0,0,0,0,0,0,0,0,0,0,0,0,0,1,0,0,0,2,0,0,0,0,0,0,0,0,0,0.8612622917548913,1.0,0.677525473172121,1.0,2.2814062491962113,1.0,1.2629676203178746,1.0,179276.57999999984,662896.3274999997
17,0,10,178661.00999999978,663015.4499999993,0,0.0,68.69310473379629,790,0,0,0,0,0,0,0,0,0,0,1,0,0.0,1.0,2,0,10,178578.91999999993,665596.5600000005,0,0.0,53.9118084837963,1540,0,0,0,0,0,0,0,0,1,0,0,0,0.0,1.0,2,0,10,178672.3799999999,665806.7899999991,0,0.0,53.91180849537037,1540,0,0,0,0,0,0,0,0,1,0,0,0,0.0,1.0,2,5,5,179036.53000000026,664001.9700000007,0,15.737483333333333,0.0,649,0,0,0,0,0,0,1,0,0,0,0,0,0.9743700647852352,-0.2249510543438648,1,0,0,1,0,0,0,0,0,0,0,0,0,0,0,0,0,1,0,0,0,0,1,0,0,0,0,0,0,0,0,0,0,0,0,0,0,0,0,0,1,0,0,0,0,1,0,0,0,0,0,0,0,0,0,0,0,0,0,0,0,0,0,0,1,0,0,1,0,0,0,0,0,0,0,0,0,0,0,0,0,0,0,1,0,0,0,0,0,0,0,2,0,0,0,0,0,0,0,0,0,2.3941400861791506,1.0,1.510169460550355,1.0,1.8101503580702434,1.0,1.012974834279912,1.0,178737.20999999996,664605.1924999999
1,0,10,182281.0499999998,666002.6300000008,0,0.0,42.87233135416667,2205,0,0,0,0,1,0,0,0,0,0,0,0,0.0,1.0,2,5,5,182564.1900000004,662876.2799999993,0,10.7251,0.0,395,0,0,0,1,0,0,0,0,0,0,0,0,-0.9998476951563913,0.01745240643728313,2,5,5,185574.50999999975,662241.6799999997,0,5.107733333333333,0.0,395,0,0,0,1,0,0,0,0,0,0,0,0,-0.8290375725550414,-0.5591929034707472,2,4,5,185675.6900000004,662308.3900000006,0,2.3737666666666666,0.0,395,0,0,0,1,0,0,0,0,0,0,0,0,-0.8191520442889916,-0.5735764363510464,0,0,0,1,0,0,0,0,0,0,0,0,0,0,0,0,0,1,0,0,0,1,0,0,0,0,0,0,0,0,0,0,0,0,0,1,0,0,0,0,0,0,0,0,1,0,0,0,0,0,0,0,0,0,0,0,0,0,0,0,0,0,1,0,0,0,0,1,0,0,0,0,0,0,0,0,0,0,0,0,0,0,0,0,0,0,1,0,0,0,0,2,0,0,0,0,0,0,0,0,0,2.010166084773623,1.0,0.9752145461038192,1.0,1.2121336868907908,1.0,1.241611615207113,1.0,184023.8600000001,663357.2450000001
2,1,10,181691.8700000001,667737.8800000008,0,55.31625,0.0,785,0,0,0,0,0,0,0,1,0,0,0,0,-0.9563047559630353,-0.2923717047227371,2,5,5,177584.6299999999,663244.7400000002,0,29.0329,0.0,1353,0,0,0,0,0,0,0,1,0,0,0,0,-0.34202014332566866,-0.9396926207859084,2,5,5,179118.6200000001,663556.3200000003,0,24.8996,0.0,1353,0,0,0,0,0,0,0,1,0,0,0,0,-0.7313537016191701,-0.6819983600624989,2,5,5,180818.8899999997,665885.7300000004,0,22.199583333333333,0.0,1353,0,0,0,0,0,0,0,1,0,0,0,0,-0.17364817766693047,-0.984807753012208,1,0,1,0,0,0,0,0,0,0,0,0,0,1,0,0,0,0,0,0,0,1,0,0,0,0,0,0,0,0,0,0,0,0,0,0,0,0,1,0,0,0,0,0,1,0,0,0,0,0,0,0,0,0,0,0,0,0,0,0,0,0,1,0,0,0,0,1,0,0,0,0,0,0,0,0,0,0,0,0,0,0,0,0,0,0,1,0,0,0,0,0,0,0,0,0,0,0,0,0,0,1.899415502087973,1.0,1.69836592757936,1.0,0.9936137652801214,1.0,0.7506676985905496,1.0,179803.50249999994,665106.1675000004
2,0,9,192609.91000000012,673792.8699999992,0,0.0,9.953471585648147,787,0,0,0,0,0,0,0,0,0,1,0,0,0.0,1.0,2,0,9,192534.98000000045,673815.4399999995,0,0.0,9.995123171296296,787,0,0,0,0,0,0,0,0,0,1,0,0,0.0,1.0,2,5,5,190868.4500000002,674885.0899999999,0,15.3756,0.0,738,0,0,0,0,0,0,0,0,0,1,0,0,0.258819045102521,-0.9659258262890682,2,5,5,190839.5499999998,673964.3599999994,0,13.127166666666668,0.0,738,0,0,0,0,0,0,0,0,0,1,0,0,0.6560590289905072,0.754709580222772,0,0,0,1,0,0,0,0,0,0,0,0,0,0,0,0,0,1,0,0,0,0,1,0,0,0,0,0,0,0,0,0,0,0,0,0,0,0,0,0,1,0,0,0,1,0,0,0,0,0,0,0,0,0,0,0,0,0,0,0,0,0,1,0,0,0,0,1,0,0,0,0,0,0,0,0,0,0,0,0,0,0,0,0,1,0,0,0,0,0,0,2,0,0,0,0,0,0,0,0,0,1.454937412856836,1.0,1.3355903305445285,1.0,1.7464630835267245,1.0,1.3539269635378366,1.0,191713.22250000015,674114.4399999995
2,0,6,177434.91000000015,662363.7100000009,0,0.0,103.71593447916666,785,0,0,0,0,0,0,0,1,0,0,0,0,0.0,1.0,2,0,6,177426.34999999963,662419.4100000001,0,0.0,100.94983488425926,2205,0,0,0,0,1,0,0,0,0,0,0,0,0.0,1.0,1,5,5,182179.8700000001,662423.7400000002,0,11.195533333333334,0.0,860,0,0,0,1,0,0,0,0,0,0,0,0,0.7771459614569708,0.6293203910498375,1,5,5,182853.3799999999,670026.3000000007,0,10.028983333333333,0.0,860,0,0,0,1,0,0,0,0,0,0,0,0,0.788010753606722,-0.6156614753256583,1,0,0,1,0,0,0,0,0,0,0,0,0,0,0,0,0,1,0,0,0,0,1,0,0,0,0,0,0,0,0,0,0,0,0,0,0,0,0,0,1,0,0,0,1,0,0,0,0,0,0,0,0,0,0,0,0,0,0,0,0,0,1,0,0,0,0,1,0,0,0,0,0,0,0,0,0,0,0,0,0,0,0,0,1,0,0,0,0,0,0,2,0,0,0,0,0,0,0,0,0,1.0922670262051897,1.0,1.0831509888704387,1.0,0.991053112216214,1.0,2.1867412178304226,1.0,179973.62749999994,664308.2900000005
2,0,10,177395.46999999974,662145.5199999996,0,0.0,106.9906149074074,2205,0,0,0,0,1,0,0,0,0,0,0,0,0.0,1.0,2,5,5,181037.16000000012,667909.1300000008,0,12.33545,0.0,2324,0,0,0,0,1,0,0,0,0,0,0,0,0.8829475928589269,0.46947156278589086,2,5,5,178333.13999999966,661637.3000000007,0,4.868766666666667,0.0,2324,0,0,0,0,1,0,0,0,0,0,0,0,0.10452846326765346,0.9945218953682733,2,5,5,178130.8799999999,665071.1899999995,0,3.5854,0.0,2324,0,0,0,0,1,0,0,0,0,0,0,0,-0.2923717047227364,-0.9563047559630355,1,0,0,1,0,0,0,0,0,0,0,0,0,0,0,0,0,1,0,0,0,1,0,0,0,0,0,0,0,0,0,0,0,0,0,1,0,0,0,0,0,0,0,0,1,0,0,0,0,0,0,0,0,0,0,0,0,0,0,0,1,0,0,0,0,0,0,1,0,0,0,0,0,0,0,0,0,0,0,0,0,0,0,1,0,0,0,0,0,0,0,0,0,0,0,0,0,0,0,0,0,1.2522183747840785,1.0,2.2483022171911133,1.0,1.3262997998107469,1.0,0.5450744313053466,1.0,178724.16249999986,664190.7850000001
2,0,10,177321.38999999966,661428.4299999997,0,0.0,109.84093251157407,785,0,0,0,0,0,0,0,1,0,0,0,0,0.0,1.0,2,0,6,177434.91000000015,662363.7100000009,0,0.0,109.84093255787037,785,0,0,0,0,0,0,0,1,0,0,0,0,0.0,1.0,2,0,10,177366.4400000004,661908.0899999999,0,0.0,107.0748329861111,2205,0,0,0,0,1,0,0,0,0,0,0,0,0.0,1.0,2,0,10,179045.6900000004,665999.7799999993,0,0.0,102.96937,1000,0,0,0,0,0,1,0,0,0,0,0,0,0.0,1.0,1,0,0,1,0,0,0,0,0,0,0,0,0,0,0,0,0,1,0,0,0,0,1,0,0,0,0,0,0,0,0,0,0,0,0,0,0,0,0,0,1,0,0,0,0,1,0,0,0,0,0,0,0,0,0,0,0,0,0,0,0,0,0,0,1,0,0,0,1,0,0,0,0,0,0,0,0,0,0,0,0,0,0,0,0,0,0,0,1,0,0,3,0,0,0,0,0,0,0,0,0,1.2398831909502988,1.0,0.52580307555775,1.0,0.8712455286660624,1.0,2.6242289237682517,0.0,237056.14333333354,883900.0033333333
1,0,6,185909.0499999998,672709.9700000007,0,0.0,33.04720331018518,2324,0,0,0,0,1,0,0,0,0,0,0,0,0.0,1.0,1,0,10,185861.98000000045,672598.8100000005,0,0.0,33.047203726851855,2324,0,0,0,0,1,0,0,0,0,0,0,0,0.0,1.0,2,5,5,184290.0599999996,671063.5800000001,0,17.389166666666668,0.0,2205,0,0,0,0,1,0,0,0,0,0,0,0,-0.5150380749100542,-0.8571673007021123,2,5,5,184565.6500000004,671546.1400000006,0,10.6571,0.0,2205,0,0,0,0,1,0,0,0,0,0,0,0,0.10452846326765346,0.9945218953682733,0,0,0,1,0,0,0,0,0,0,0,0,0,0,0,0,0,1,0,0,0,0,1,0,0,0,0,0,0,0,0,0,0,0,0,0,0,0,0,0,1,0,0,0,1,0,0,0,0,0,0,0,0,0,0,0,0,0,0,0,0,0,1,0,0,0,0,1,0,0,0,0,0,0,0,0,0,0,0,0,0,0,0,1,0,0,0,0,0,0,0,2,2,0,0,0,0,0,0,0,0,1.4638305577829003,1.0,1.3102314575555714,1.0,1.7604531873867175,1.0,1.0232517204927472,1.0,185156.68500000006,671979.6250000005
2,0,10,179116.7000000002,665979.1099999994,0,0.0,57.57926416666667,1141,0,0,0,0,0,0,1,0,0,0,0,0,0.0,1.0,2,0,10,179116.7000000002,665979.1099999994,0,0.0,57.57926416666667,1141,0,0,0,0,0,0,1,0,0,0,0,0,0.0,1.0,2,0,6,178693.75,665885.8900000006,0,0.0,56.418766481481484,1540,0,0,0,0,0,0,0,0,1,0,0,0,0.0,1.0,2,0,6,178693.75,665885.8900000006,0,0.0,56.418766481481484,1540,0,0,0,0,0,0,0,0,1,0,0,0,0.0,1.0,1,0,0,1,0,0,0,0,0,0,0,0,0,0,0,0,0,1,0,0,0,0,1,0,0,0,0,0,0,0,0,0,0,0,0,0,0,0,0,0,1,0,0,0,0,1,0,0,0,0,0,0,0,0,0,0,0,0,0,0,0,0,0,0,1,0,0,0,1,0,0,0,0,0,0,0,0,0,0,0,0,0,0,0,0,0,0,0,1,0,0,2,2,0,0,0,0,0,0,0,0,1.6781340441091743,1.0,1.6781340441091743,1.0,1.6781340441091743,1.0,1.6781340441091743,1.0,178905.2250000001,665932.5
2,0,10,179182.24000000022,665961.1099999994,0,0.0,57.15564628472222,1141,0,0,0,0,0,0,1,0,0,0,0,0,0.0,1.0,2,5,5,180272.23000000045,664525.6999999993,0,17.414016666666665,0.0,1353,0,0,0,0,0,0,0,1,0,0,0,0,0.9998476951563913,0.017452406437283376,2,5,5,178950.61000000034,666233.9000000004,0,15.23065,0.0,1353,0,0,0,0,0,0,0,1,0,0,0,0,-0.20791169081775907,-0.9781476007338057,1,4,5,179372.6799999997,663760.0700000003,0,5.580733333333334,0.0,1353,0,0,0,0,0,0,0,1,0,0,0,0,0.35836794954530027,0.9335804264972017,1,0,0,1,0,0,0,0,0,0,0,0,0,0,0,0,0,1,0,0,0,1,0,0,0,0,0,0,0,0,0,0,0,0,0,0,0,0,1,0,0,0,0,0,1,0,0,0,0,0,0,0,0,0,0,0,0,0,0,0,1,0,0,0,0,0,0,1,0,0,0,0,0,0,0,0,0,0,0,0,0,0,0,0,0,0,1,0,0,0,0,0,0,0,0,0,0,0,0,0,0,1.1594400038033041,1.0,1.3414852562505826,1.0,1.6036009315459598,1.0,1.7927986335429331,1.0,179444.44000000018,665120.1949999998
2,0,10,178578.91999999993,665596.5600000005,0,0.0,62.82847858796296,1540,0,0,0,0,0,0,0,0,1,0,0,0,0.0,1.0,1,0,10,180774.2199999997,661479.4800000004,0,0.0,31.989381342592594,1141,0,0,0,0,0,0,1,0,0,0,0,0,0.0,1.0,1,1,5,177162.41999999993,662403.3300000001,0,23.825766666666667,0.0,1000,0,0,0,0,0,1,0,0,0,0,0,0,-0.5877852522924734,0.8090169943749473,2,5,5,179929.0,664085.9800000004,0,3.10915,0.0,1000,0,0,0,0,0,1,0,0,0,0,0,0,0.9975640502598242,-0.06975647374412533,1,0,0,1,0,0,0,0,0,0,0,0,0,0,0,0,0,1,0,0,0,0,1,0,0,0,0,0,0,0,0,0,0,0,0,0,0,0,0,0,1,0,0,0,1,0,0,0,0,0,0,0,0,0,0,0,0,0,0,1,0,0,0,0,0,0,0,1,0,0,0,0,0,0,0,0,0,0,0,0,0,0,0,0,0,0,1,0,0,0,0,0,0,0,0,0,0,0,0,0,0,1.5379754701689876,1.0,1.7179315361625709,1.0,1.481253834309739,1.0,0.7274796440268826,1.0,179111.1399999999,663391.3375000004
2,0,10,178672.3799999999,665806.7899999991,0,0.0,56.66181533564815,1540,0,0,0,0,0,0,0,0,1,0,0,0,0.0,1.0,2,5,7,180780.9299999997,670155.4499999993,0,41.5141,0.0,860,0,0,0,1,0,0,0,0,0,0,0,0,-0.13917310096006552,-0.9902680687415703,2,5,5,180454.26999999955,666498.2400000002,0,30.214133333333333,0.0,860,0,0,0,1,0,0,0,0,0,0,0,0,-0.9961946980917455,-0.08715574274765825,1,5,5,179984.2999999998,663395.4700000007,0,9.7474,0.0,860,0,0,0,1,0,0,0,0,0,0,0,0,-0.39073112848927355,-0.9205048534524404,1,0,0,1,0,0,0,0,0,0,0,0,0,0,0,0,0,1,0,0,0,1,0,0,0,0,0,0,0,0,0,0,0,0,0,0,0,0,1,0,0,0,0,0,1,0,0,0,0,0,0,0,0,0,0,0,0,0,0,0,0,0,1,0,0,0,0,1,0,0,0,0,0,0,0,0,0,0,0,0,0,0,0,1,0,0,0,0,0,0,0,0,0,0,0,0,0,0,0,0,0,0.9036631610625728,1.0,2.343396334211504,1.0,0.2992258805370433,1.0,1.9029082507246446,1.0,179972.96999999974,666463.9874999998
2,0,10,186260.91999999995,659751.1099999994,0,0.0,132.96937927083334,790,0,0,0,0,0,0,0,0,0,0,1,0,0.0,1.0,1,0,10,187687.1200000001,659857.8300000001,0,0.0,84.24513158564815,1353,0,0,0,0,0,0,0,1,0,0,0,0,0.0,1.0,1,0,10,186028.3899999997,659304.3200000003,0,0.0,41.042747418981484,787,0,0,0,0,0,0,0,0,0,1,0,0,0.0,1.0,2,0,6,186351.3200000003,660157.3000000007,0,755.1062833333333,0.0,2324,0,0,0,0,1,0,0,0,0,0,0,0,0.0,1.0,0,0,0,1,0,0,0,0,0,0,0,0,0,0,0,0,0,1,0,0,0,0,1,0,0,0,0,0,0,0,0,0,0,0,0,0,0,0,0,0,1,0,0,0,0,1,0,0,0,0,0,0,0,0,0,0,0,0,0,0,0,0,0,0,1,0,0,0,1,0,0,0,0,0,0,0,0,0,0,0,0,0,0,0,0,0,0,0,1,0,0,2,0,0,0,0,0,0,0,0,0,0.6731722368146886,1.0,2.322190317510861,1.0,1.511731971366246,1.0,0.9482435809320958,1.0,186581.9375,659767.6400000001
2,0,6,177426.34999999963,662419.4100000001,0,0.0,98.36649824074074,2205,0,0,0,0,1,0,0,0,0,0,0,0,0.0,1.0,2,0,10,178909.51999999955,666038.7699999996,0,0.0,94.26103525462963,1000,0,0,0,0,0,1,0,0,0,0,0,0,0.0,1.0,2,0,10,179045.6900000004,665999.7799999993,0,0.0,94.2610352662037,1000,0,0,0,0,0,1,0,0,0,0,0,0,0.0,1.0,2,5,5,182549.46,668165.7899999991,0,3.0574,0.0,1366,0,0,0,0,0,0,0,0,1,0,0,0,0.6946583704589973,0.7193398003386512,1,0,0,1,0,0,0,0,0,0,0,0,0,0,0,0,0,1,0,0,0,0,1,0,0,0,0,0,0,0,0,0,0,0,0,0,0,0,0,0,1,0,0,0,0,1,0,0,0,0,0,0,0,0,0,0,0,0,0,0,0,0,0,0,1,0,0,1,0,0,0,0,0,0,0,0,0,0,0,0,0,0,0,0,0,0,1,0,0,0,0,2,0,0,0,0,0,0,0,0,0,1.9440326909334968,1.0,0.3494673765211418,1.0,0.28193202879796453,1.0,2.0090595228995523,1.0,179482.7549999999,665655.9374999995
2,0,7,177349.91999999993,661773.3100000005,0,0.0,100.57483109953704,2205,0,0,0,0,1,0,0,0,0,0,0,0,0.0,1.0,2,0,6,177412.58000000007,662309.3499999996,0,0.0,100.57483109953704,2205,0,0,0,0,1,0,0,0,0,0,0,0,0.0,1.0,1,0,6,180774.2199999997,661479.4800000004,0,614.6567666666666,0.0,1141,0,0,0,0,0,0,1,0,0,0,0,0,0.0,1.0,2,0,6,178254.65000000037,664765.3200000003,0,293.0401166666667,0.0,738,0,0,0,0,0,0,0,0,0,1,0,0,0.0,1.0,1,0,0,1,0,0,0,0,0,0,0,0,0,0,0,0,0,1,0,0,0,0,1,0,0,0,0,0,0,0,0,0,0,0,0,0,0,0,0,0,1,0,0,0,0,1,0,0,0,0,0,0,0,0,0,0,0,0,0,0,0,0,0,0,1,0,0,0,1,0,0,0,0,0,0,0,0,0,0,0,0,0,0,0,0,0,0,0,1,0,0,2,0,0,0,0,0,0,0,0,0,1.015625371543171,1.0,0.7973878364660206,1.0,1.9175155393267127,1.0,1.6327086194504616,1.0,178447.84250000003,662581.8650000002
2,0,6,177413.54000000004,662175.6099999994,0,0.0,100.79926342592593,785,0,0,0,0,0,0,0,1,0,0,0,0,0.0,1.0,2,0,6,177381.58999999985,662031.7899999991,0,0.0,98.03316390046297,2205,0,0,0,0,1,0,0,0,0,0,0,0,0.0,1.0,1,5,5,183240.91999999995,670599.0299999993,0,14.806016666666666,0.0,2205,0,0,0,0,1,0,0,0,0,0,0,0,0.37460659341591224,-0.9271838545667873,2,0,5,177199.8799999999,662258.5899999999,0,2.656,0.0,2205,0,0,0,0,1,0,0,0,0,0,0,0,-0.4848096202463369,0.8746197071393959,1,0,0,1,0,0,0,0,0,0,0,0,0,0,0,0,0,1,0,0,0,0,1,0,0,0,0,0,0,0,0,0,0,0,0,0,0,0,0,0,1,0,0,0,1,0,0,0,0,0,0,0,0,0,0,0,0,0,0,1,0,0,0,0,0,0,0,1,0,0,0,0,0,0,0,0,0,0,0,0,0,0,0,0,0,0,1,0,0,0,0,2,0,0,0,0,0,0,0,0,0,0.8085863316217238,1.0,0.8529450633396157,1.0,2.486505731109381,1.0,0.8276778560705367,1.0,178808.98249999993,664266.2549999994
17,0,10,178661.00999999978,663015.4499999993,0,0.0,71.10977431712963,790,0,0,0,0,0,0,0,0,0,0,1,0,0.0,1.0,1,0,6,179882.91999999993,663430.5600000005,0,892.9917,0.0,2205,0,0,0,0,1,0,0,0,0,0,0,0,0.0,1.0,2,0,6,179864.61000000034,668797.2699999996,0,833.00835,0.0,1295,0,0,0,0,0,1,0,0,0,0,0,0,0.0,1.0,2,0,6,178073.21999999974,664542.1099999994,0,353.04173333333335,0.0,738,0,0,0,0,0,0,0,0,0,1,0,0,0.0,1.0,1,0,0,1,0,0,0,0,0,0,0,0,0,0,0,0,0,1,0,0,0,0,1,0,0,0,0,0,0,0,0,0,0,0,0,0,0,0,0,0,1,0,0,0,0,1,0,0,0,0,0,0,0,0,0,0,0,0,0,0,0,0,0,0,1,0,0,0,1,0,0,0,0,0,0,0,0,0,0,0,0,0,0,0,0,0,0,0,1,0,0,0,0,0,0,0,0,0,0,0,0,1.2914264938735125,1.0,1.1040081422181824,1.0,2.5519869893870117,0.0,0.7303836577874155,1.0,238827.25333333327,886595.1299999995
2,0,6,177405.6900000004,662240.8399999999,0,0.0,100.19983211805555,2205,0,0,0,0,1,0,0,0,0,0,0,0,0.0,1.0,2,0,10,178618.1799999997,665686.4600000009,0,0.0,55.91181126157407,1540,0,0,0,0,0,0,0,0,1,0,0,0,0.0,1.0,1,0,6,179719.23000000045,665936.1300000008,0,0.0,12.870167743055555,1366,0,0,0,0,0,0,0,0,1,0,0,0,0.0,1.0,2,5,5,184008.9000000004,668253.75,0,7.49165,0.0,649,0,0,0,0,0,0,1,0,0,0,0,0,-0.9975640502598243,0.06975647374412522,1,0,0,1,0,0,0,0,0,0,0,0,0,0,0,0,0,1,0,0,0,0,1,0,0,0,0,0,0,0,0,0,0,0,0,0,0,0,0,0,1,0,0,0,0,1,0,0,0,0,0,0,0,0,0,0,0,0,0,0,0,0,0,0,1,0,0,1,0,0,0,0,0,0,0,0,0,0,0,0,0,0,0,0,0,0,1,0,0,0,0,0,0,0,0,0,0,0,0,0,0,1.7909216017431255,1.0,0.573521809936004,1.0,0.1993193523601651,1.0,2.113668998665927,1.0,179938.00000000023,665529.2950000004
1,0,8,179275.6900000004,645032.3599999994,0,0.0,2.245131539351852,1366,0,0,0,0,0,0,0,0,1,0,0,0,0.0,1.0,1,0,6,179275.6900000004,645032.3599999994,0,0.0,2.245131712962963,1366,0,0,0,0,0,0,0,0,1,0,0,0,0.0,1.0,1,0,8,179078.8099999996,645173.0500000007,0,0.0,2.2451321296296296,1366,0,0,0,0,0,0,0,0,1,0,0,0,0.0,1.0,1,0,6,179078.8099999996,645173.0500000007,0,0.0,2.245132349537037,1366,0,0,0,0,0,0,0,0,1,0,0,0,0.0,1.0,0,0,0,1,0,0,0,0,0,0,0,0,0,0,0,0,0,1,0,0,0,0,1,0,0,0,0,0,0,0,0,0,0,0,0,0,0,0,0,0,1,0,0,0,0,1,0,0,0,0,0,0,0,0,0,0,0,0,0,0,0,0,0,0,1,0,0,0,1,0,0,0,0,0,0,0,0,0,0,0,0,0,0,0,0,0,0,0,1,0,0,0,0,0,0,0,0,0,0,0,0,1.4336715492981915,1.0,1.4336715492981915,1.0,1.4336715492981915,1.0,1.4336715492981915,1.0,179177.25,645102.7050000001
1,0,10,188299.2199999997,659292.9600000009,0,0.0,159.30634825231482,738,0,0,0,0,0,0,0,0,0,1,0,0,0.0,1.0,1,0,10,188299.2199999997,659292.9600000009,0,0.0,159.30634825231482,738,0,0,0,0,0,0,0,0,0,1,0,0,0.0,1.0,1,0,10,188285.58999999985,659377.2899999991,0,0.0,124.25208883101851,170,0,0,0,0,0,0,0,0,0,0,1,0,0.0,1.0,1,0,10,188285.58999999985,659377.2899999991,0,0.0,124.25208883101851,170,0,0,0,0,0,0,0,0,0,0,1,0,0.0,1.0,0,0,0,1,0,0,0,0,0,0,0,0,0,0,0,0,0,1,0,0,0,0,1,0,0,0,0,0,0,0,0,0,0,0,0,0,0,0,0,0,1,0,0,0,0,1,0,0,0,0,0,0,0,0,0,0,0,0,0,0,0,0,0,0,1,0,0,0,1,0,0,0,0,0,0,0,0,0,0,0,0,0,0,0,0,0,0,0,1,0,0,4,0,0,0,0,0,0,0,0,0,1.7440666894199441,1.0,1.7440666894199441,1.0,1.7440666894201335,1.0,1.7440666894201335,1.0,188292.4049999998,659335.125
2,5,5,187776.5599999996,666506.1400000006,0,8.814733333333333,0.0,2324,0,0,0,0,1,0,0,0,0,0,0,0,-0.9743700647852351,-0.22495105434386525,2,3,5,187138.4299999997,666901.1099999994,0,2.998683333333333,0.0,2324,0,0,0,0,1,0,0,0,0,0,0,0,-0.3420201433256686,0.9396926207859084,2,5,5,186930.79000000004,664548.5500000007,0,2.76545,0.0,2324,0,0,0,0,1,0,0,0,0,0,0,0,0.03489949670250097,0.9993908270190958,2,5,5,185761.9000000004,666616.4499999993,0,2.698183333333333,0.0,2324,0,0,0,0,1,0,0,0,0,0,0,0,0.9902680687415703,0.1391731009600657,0,0,1,0,0,0,0,0,0,0,0,0,0,0,0,0,1,0,0,0,0,1,0,0,0,0,0,0,0,0,0,0,0,0,0,0,0,0,1,0,0,0,0,0,1,0,0,0,0,0,0,0,0,0,0,0,0,0,0,0,0,0,1,0,0,0,0,1,0,0,0,0,0,0,0,0,0,0,0,0,0,0,0,0,0,0,1,0,0,0,0,0,0,0,0,0,0,0,0,0,0,1.1409324648353054,1.0,0.9566980339509873,1.0,1.9213491857747105,1.0,1.4871775529171753,1.0,186901.91999999993,666143.0625
2,0,10,179084.16000000015,663131.1799999997,0,0.0,155.9470421412037,1141,0,0,0,0,0,0,1,0,0,0,0,0,0.0,1.0,1,0,10,180770.2999999998,661493.5800000001,0,0.0,24.947713483796296,1141,0,0,0,0,0,0,1,0,0,0,0,0,0.0,1.0,1,5,5,177172.83999999985,662388.9900000002,0,13.807316666666667,0.0,1295,0,0,0,0,0,1,0,0,0,0,0,0,-0.5877852522924734,0.8090169943749473,2,5,5,177278.98000000045,662523.0999999996,0,9.224083333333333,0.0,1295,0,0,0,0,0,1,0,0,0,0,0,0,-0.9848077530122081,0.17364817766692997,1,0,0,1,0,0,0,0,0,0,0,0,0,0,0,0,0,1,0,0,0,0,1,0,0,0,0,0,0,0,0,0,0,0,0,0,0,0,0,0,1,0,0,0,1,0,0,0,0,0,0,0,0,0,0,0,0,0,0,1,0,0,0,0,0,0,0,1,0,0,0,0,0,0,0,0,0,0,0,0,0,0,0,0,0,0,1,0,0,0,0,0,0,0,0,0,0,0,0,0,0,0.8758758844400275,1.0,2.296232571240888,1.0,1.3614067921988406,1.0,1.2656479132839944,1.0,178576.57000000007,662384.2124999999
2,0,6,180689.86000000036,657504.1899999995,0,963.0247833333333,0.0,1295,0,0,0,0,0,1,0,0,0,0,0,0,0.0,1.0,2,0,6,178337.98000000045,659866.5500000007,0,963.0248333333333,0.0,1295,0,0,0,0,0,1,0,0,0,0,0,0,0.0,1.0,2,0,6,178337.98000000045,659866.5500000007,0,963.0248333333333,0.0,1295,0,0,0,0,0,1,0,0,0,0,0,0,0.0,1.0,2,0,6,178337.98000000045,659866.5500000007,0,963.0248333333333,0.0,1295,0,0,0,0,0,1,0,0,0,0,0,0,0.0,1.0,0,0,0,1,0,0,0,0,0,0,0,0,0,0,0,0,0,1,0,0,0,0,1,0,0,0,0,0,0,0,0,0,0,0,0,0,0,0,0,0,1,0,0,0,0,1,0,0,0,0,0,0,0,0,0,0,0,0,0,0,0,0,0,0,1,0,0,0,1,0,0,0,0,0,0,0,0,0,0,0,0,0,0,0,0,0,0,0,1,0,0,3,0,0,0,0,0,0,0,0,0,2.449495795415347,1.0,0.8164985984717756,1.0,0.8164985984717756,1.0,0.8164985984717756,1.0,178925.95000000042,659275.9600000004
2,0,10,178909.51999999955,666038.7699999996,0,0.0,96.51103497685185,1000,0,0,0,0,0,1,0,0,0,0,0,0,0.0,1.0,2,0,10,179045.6900000004,665999.7799999993,0,0.0,96.511035,1000,0,0,0,0,0,1,0,0,0,0,0,0,0.0,1.0,2,0,6,181433.8099999996,668673.2300000004,0,833.0070666666667,0.0,1295,0,0,0,0,0,1,0,0,0,0,0,0,0.0,1.0,2,5,5,178477.63999999966,663114.5099999998,0,17.707066666666666,0.0,134,0,0,0,0,0,0,0,0,0,0,0,1,0.0,1.0,1,0,0,1,0,0,0,0,0,0,0,0,0,0,0,0,0,1,0,0,0,0,1,0,0,0,0,0,0,0,0,0,0,0,0,0,0,0,0,0,1,0,0,0,0,1,0,0,0,0,0,0,0,0,0,0,0,0,0,0,0,0,0,0,1,0,0,0,1,0,0,0,0,0,0,0,0,0,0,0,0,0,0,0,0,0,0,1,0,0,0,2,0,0,0,0,0,0,0,0,0,0.36086168819010855,1.0,0.27116187490312704,1.0,2.1491705522915177,1.0,1.9282030415967026,1.0,179466.6649999998,665956.5724999998
2,5,10,188202.98000000045,687907.5899999999,0,51.925666666666665,0.0,1141,0,0,0,0,0,0,1,0,0,0,0,0,0.06975647374412552,-0.9975640502598242,1,1,5,185796.75,687740.0600000005,0,29.307966666666665,0.0,1141,0,0,0,0,0,0,1,0,0,0,0,0,-0.01745240643728445,0.9998476951563913,1,1,6,185781.0499999998,687721.0500000007,0,28.99185,0.0,1141,0,0,0,0,0,0,1,0,0,0,0,0,-0.01745240643728445,0.9998476951563913,1,5,5,186074.79000000004,692885.6199999992,0,2.042333333333333,0.0,1141,0,0,0,0,0,0,1,0,0,0,0,0,-0.2419218955996675,-0.9702957262759965,0,0,0,0,1,0,0,0,0,0,0,1,0,0,0,0,0,0,0,0,0,1,0,0,0,0,0,0,0,0,0,0,0,0,0,0,0,1,0,0,0,0,0,1,0,0,0,0,0,1,0,0,0,0,0,0,0,0,0,0,0,0,0,0,0,0,0,1,0,0,0,0,0,0,0,0,0,0,0,0,0,0,0,1,0,0,0,0,0,0,0,2,0,0,0,0,0,0,0,0,0,1.29757098531086,1.0,0.9209686069284033,1.0,0.9359138843384689,1.0,2.387180894381305,1.0,186463.89250000007,689063.5800000001
2,5,7,176485.2999999998,659634.5800000001,0,18.824533333333335,0.0,2205,0,0,0,0,1,0,0,0,0,0,0,0,-0.5150380749100542,-0.8571673007021123,1,5,5,176614.1799999997,657820.8900000006,0,13.102983333333333,0.0,1000,0,0,0,0,0,1,0,0,0,0,0,0,0.374606593415912,0.9271838545667874,1,5,5,176622.20999999996,657865.9900000002,0,11.985166666666666,0.0,1000,0,0,0,0,0,1,0,0,0,0,0,0,-0.7771459614569708,0.6293203910498375,2,5,5,176433.00999999978,659286.5700000003,0,4.00355,0.0,649,0,0,0,0,0,0,1,0,0,0,0,0,-0.9975640502598243,0.06975647374412522,0,0,0,0,1,0,0,0,0,1,0,0,0,0,0,0,0,0,0,0,0,1,0,0,0,0,0,0,0,0,0,0,0,0,0,0,0,1,0,0,0,0,0,0,1,0,0,0,0,0,0,0,0,0,0,0,0,0,0,0,1,0,0,0,0,0,0,1,0,0,0,0,0,0,0,0,0,0,0,0,0,0,0,0,0,0,1,0,0,0,0,0,0,0,0,0,0,0,0,0,0,2.187391806528332,1.0,1.855108861826696,1.0,1.757086816387804,1.0,1.4299984983805054,1.0,176538.6749999998,658652.0075000003
2,0,6,186214.3899999997,659530.0600000005,0,0.0,132.67771420138888,790,0,0,0,0,0,0,0,0,0,0,1,0,0.0,1.0,2,0,10,186260.91999999995,659751.1099999994,0,0.0,132.6776910648148,790,0,0,0,0,0,0,0,0,0,0,1,0,0.0,1.0,1,0,10,187422.34999999963,659473.8200000003,0,0.0,128.78682297453705,787,0,0,0,0,0,0,0,0,0,1,0,0,0.0,1.0,20,0,6,187249.4699999997,659502.8599999994,0,0.0,1.8285007407407408,787,0,0,0,0,0,0,0,0,0,1,0,0,0.0,1.0,0,0,0,1,0,0,0,0,0,0,0,0,0,0,0,0,0,1,0,0,0,0,1,0,0,0,0,0,0,0,0,0,0,0,0,0,0,0,0,0,1,0,0,0,0,1,0,0,0,0,0,0,0,0,0,0,0,0,0,0,0,0,0,0,1,0,0,0,1,0,0,0,0,0,0,0,0,0,0,0,0,0,0,0,0,0,0,0,1,0,0,2,0,0,0,0,0,0,0,0,0,1.7315024746774446,1.0,1.6849368436919683,1.0,1.9385643043074607,1.0,1.4094493427597057,1.0,186786.78249999974,659564.4624999999
2,0,10,177419.7000000002,662364.0999999996,0,0.0,100.6164982986111,2205,0,0,0,0,1,0,0,0,0,0,0,0,0.0,1.0,2,0,6,177412.58000000007,662309.3499999996,0,0.0,100.61649831018518,2205,0,0,0,0,1,0,0,0,0,0,0,0,0.0,1.0,2,0,7,177349.91999999993,661773.3100000005,0,0.0,100.61649831018518,2205,0,0,0,0,1,0,0,0,0,0,0,0,0.0,1.0,2,0,6,178254.65000000037,664765.3200000003,0,353.0409,0.0,738,0,0,0,0,0,0,0,0,0,1,0,0,0.0,1.0,1,0,0,1,0,0,0,0,0,0,0,0,0,0,0,0,0,1,0,0,0,0,1,0,0,0,0,0,0,0,0,0,0,0,0,0,0,0,0,0,1,0,0,0,0,1,0,0,0,0,0,0,0,0,0,0,0,0,0,0,0,0,0,0,1,0,0,0,1,0,0,0,0,0,0,0,0,0,0,0,0,0,0,0,0,0,0,0,1,0,0,3,0,0,0,0,0,0,0,0,0,0.6250132578357976,1.0,0.694698429114466,1.0,1.3881893878805607,1.0,2.7005716300201,0.0,236812.28333333353,883737.36
2,0,10,186214.3899999997,659530.0600000005,0,0.0,132.63602287037037,790,0,0,0,0,0,0,0,0,0,0,1,0,0.0,1.0,1,0,10,187667.66999999995,659861.0099999998,0,0.0,83.91179827546296,1353,0,0,0,0,0,0,0,1,0,0,0,0,0.0,1.0,20,0,6,187244.58999999985,659513.1899999995,0,0.0,1.745166273148148,787,0,0,0,0,0,0,0,0,0,1,0,0,0.0,1.0,1,0,7,187286.83999999985,659459.1400000006,0,0.0,1.745166550925926,787,0,0,0,0,0,0,0,0,0,1,0,0,0.0,1.0,0,0,0,1,0,0,0,0,0,0,0,0,0,0,0,0,0,1,0,0,0,0,1,0,0,0,0,0,0,0,0,0,0,0,0,0,0,0,0,0,1,0,0,0,0,1,0,0,0,0,0,0,0,0,0,0,0,0,0,0,0,0,0,0,1,0,0,0,1,0,0,0,0,0,0,0,0,0,0,0,0,0,0,0,0,0,0,0,1,0,0,0,0,0,0,0,0,0,0,0,0,2.5560422247620127,0.0,1.7946602320324478,1.0,0.4623029624806768,1.0,0.6478586915232926,1.0,249471.1633333331,879454.4666666668
2,0,10,186290.9000000004,659876.8599999994,0,0.0,132.80270881944443,790,0,0,0,0,0,0,0,0,0,0,1,0,0.0,1.0,1,0,7,187286.83999999985,659459.1400000006,0,0.0,1.9118407060185185,787,0,0,0,0,0,0,0,0,0,1,0,0,0.0,1.0,20,0,6,187270.0,659512.6500000004,0,0.0,1.9118407407407407,787,0,0,0,0,0,0,0,0,0,1,0,0,0.0,1.0,2,0,6,186323.24000000025,660235.4700000007,0,514.3507333333333,0.0,2324,0,0,0,0,1,0,0,0,0,0,0,0,0.0,1.0,0,0,0,1,0,0,0,0,0,0,0,0,0,0,0,0,0,1,0,0,0,0,1,0,0,0,0,0,0,0,0,0,0,0,0,0,0,0,0,0,1,0,0,0,0,1,0,0,0,0,0,0,0,0,0,0,0,0,0,0,0,0,0,0,1,0,0,0,1,0,0,0,0,0,0,0,0,0,0,0,0,0,0,0,0,0,0,0,1,0,0,0,0,0,0,0,0,0,0,0,0,1.2846596797711372,1.0,1.463542569653156,1.0,1.359367626222286,1.0,1.6541807298159517,1.0,186792.7450000001,659771.0300000003
2,0,10,186290.9000000004,659876.8599999994,0,0.0,132.55270201388888,790,0,0,0,0,0,0,0,0,0,0,1,0,0.0,1.0,20,0,6,187270.0,659512.6500000004,0,0.0,1.6618339583333332,787,0,0,0,0,0,0,0,0,0,1,0,0,0.0,1.0,1,0,7,187194.46,659282.0600000005,0,0.0,1.6618339930555555,787,0,0,0,0,0,0,0,0,0,1,0,0,0.0,1.0,2,0,8,186370.9000000004,660223.4299999997,0,153.70761666666667,0.0,2324,0,0,0,0,1,0,0,0,0,0,0,0,0.0,1.0,0,0,0,1,0,0,0,0,0,0,0,0,0,0,0,0,0,1,0,0,0,0,1,0,0,0,0,0,0,0,0,0,0,0,0,0,0,0,0,0,1,0,0,0,0,1,0,0,0,0,0,0,0,0,0,0,0,0,0,0,0,0,0,0,1,0,0,0,1,0,0,0,0,0,0,0,0,0,0,0,0,0,0,0,0,0,0,0,1,0,0,2,0,0,0,0,0,0,0,0,0,1.2685335434086082,1.0,1.3132102330048492,1.0,1.4921980693751018,1.0,1.5962362138886665,1.0,186781.56500000018,659723.75
2,0,6,177405.6900000004,662240.8399999999,0,0.0,100.11649820601852,2205,0,0,0,0,1,0,0,0,0,0,0,0,0.0,1.0,17,0,10,178661.00999999978,663015.4499999993,0,0.0,70.60977373842593,790,0,0,0,0,0,0,0,0,0,0,1,0,0.0,1.0,1,0,6,179719.23000000045,665936.1300000008,0,0.0,12.786833842592593,1366,0,0,0,0,0,0,0,0,1,0,0,0,0.0,1.0,2,5,5,178095.51999999955,664639.2799999993,0,7.857433333333334,0.0,1000,0,0,0,0,0,1,0,0,0,0,0,0,0.10452846326765346,0.9945218953682733,1,0,0,1,0,0,0,0,0,0,0,0,0,0,0,0,0,1,0,0,0,0,1,0,0,0,0,0,0,0,0,0,0,0,0,0,0,0,0,0,1,0,0,0,0,1,0,0,0,0,0,0,0,0,0,0,0,0,0,0,0,0,0,0,1,0,0,1,0,0,0,0,0,0,0,0,0,0,0,0,0,0,0,0,0,0,1,0,0,0,0,0,0,0,0,0,0,0,0,0,0,1.772194553644433,1.0,0.8434474453135403,1.0,2.0520649672545446,1.0,0.6821317409664384,1.0,178470.36250000005,663957.9249999998
2,0,8,175870.9400000004,659360.8900000006,0,0.0,2.418790497685185,1540,0,0,0,0,0,0,0,0,1,0,0,0,0.0,1.0,2,0,6,176687.16999999993,658147.6300000008,0,963.0249833333334,0.0,1295,0,0,0,0,0,1,0,0,0,0,0,0,0.0,1.0,2,0,6,176687.16999999993,658147.6300000008,0,963.0249833333334,0.0,1295,0,0,0,0,0,1,0,0,0,0,0,0,0.0,1.0,2,0,6,176687.16999999993,658147.6300000008,0,963.0249833333334,0.0,1295,0,0,0,0,0,1,0,0,0,0,0,0,0.0,1.0,0,0,0,1,0,0,0,0,0,0,0,0,0,0,0,0,0,1,0,0,0,0,1,0,0,0,0,0,0,0,0,0,0,0,0,0,0,0,0,0,1,0,0,0,0,1,0,0,0,0,0,0,0,0,0,0,0,0,0,0,0,0,0,0,1,0,0,0,1,0,0,0,0,0,0,0,0,0,0,0,0,0,0,0,0,0,0,0,1,0,0,3,0,0,0,0,0,0,0,0,0,2.4959221921476797,1.0,0.8319740640492267,1.0,0.8319740640492267,1.0,0.8319740640492267,1.0,176483.11250000005,658450.9450000008
1,0,10,180135.2000000002,662368.6999999993,0,0.0,106.9256882986111,1353,0,0,0,0,0,0,0,1,0,0,0,0,0.0,1.0,2,0,6,178813.41999999993,666065.5299999993,0,0.0,96.09436884259259,1000,0,0,0,0,0,1,0,0,0,0,0,0,0.0,1.0,17,0,10,178491.23000000045,663020.3100000005,0,0.0,70.69310725694444,790,0,0,0,0,0,0,0,0,0,0,1,0,0.0,1.0,1,0,10,179022.34999999963,665899.0600000005,0,0.0,57.8701443287037,1366,0,0,0,0,0,0,0,0,1,0,0,0,0.0,1.0,1,0,0,1,0,0,0,0,0,0,0,0,0,0,0,0,0,1,0,0,0,0,1,0,0,0,0,0,0,0,0,0,0,0,0,0,0,0,0,0,1,0,0,0,0,1,0,0,0,0,0,0,0,0,0,0,0,0,0,0,0,0,0,0,1,0,0,0,1,0,0,0,0,0,0,0,0,0,0,0,0,0,0,0,0,0,0,0,1,0,0,0,0,0,0,0,0,0,0,0,0,1.9461424494459683,1.0,1.5384688559234847,1.0,1.2797232865381947,1.0,1.3718281192741033,1.0,179115.55000000005,664338.3999999999
2,5,9,184534.5,662514.3100000005,0,55.29125,0.0,785,0,0,0,0,0,0,0,1,0,0,0,0,0.5877852522924732,-0.8090169943749473,2,5,5,181142.1799999997,665466.1099999994,0,22.507916666666667,0.0,1353,0,0,0,0,0,0,0,1,0,0,0,0,-0.8746197071393959,-0.48480962024633684,2,3,5,185669.7199999997,662304.4199999999,0,18.991016666666667,0.0,1353,0,0,0,0,0,0,0,1,0,0,0,0,-0.8191520442889916,-0.5735764363510464,2,5,5,183567.11000000036,662368.4800000004,0,3.4073,0.0,1353,0,0,0,0,0,0,0,1,0,0,0,0,0.7771459614569708,0.6293203910498375,0,0,1,0,0,0,0,0,0,0,0,0,0,1,0,0,0,0,0,0,0,1,0,0,0,0,0,0,0,0,0,0,0,0,0,0,0,0,1,0,0,0,0,0,1,0,0,0,0,0,0,0,0,0,0,0,0,0,0,0,0,0,1,0,0,0,0,1,0,0,0,0,0,0,0,0,0,0,0,0,0,0,0,0,0,0,1,0,0,0,0,0,0,0,0,0,0,0,0,0,0,0.6899476227323031,1.0,2.3085574945532623,1.0,1.4152416689172007,1.0,0.5406970455788194,1.0,183728.37749999994,663163.3300000001
1,0,10,179694.4400000004,665825.2200000007,0,0.0,275.99511770833334,785,0,0,0,0,0,0,0,1,0,0,0,0,0.0,1.0,2,0,10,179084.16000000015,663131.1799999997,0,0.0,154.07203895833334,1141,0,0,0,0,0,0,1,0,0,0,0,0,0.0,1.0,2,0,10,179225.83999999985,663041.8200000003,0,0.0,124.99512921296296,785,0,0,0,0,0,0,0,1,0,0,0,0,0.0,1.0,1,0,10,180770.2999999998,661493.5800000001,0,0.0,23.072710277777777,1141,0,0,0,0,0,0,1,0,0,0,0,0,0.0,1.0,1,0,0,1,0,0,0,0,0,0,0,0,0,0,0,0,0,1,0,0,0,0,1,0,0,0,0,0,0,0,0,0,0,0,0,0,0,0,0,0,1,0,0,0,0,1,0,0,0,0,0,0,0,0,0,0,0,0,0,0,0,0,0,0,1,0,0,0,1,0,0,0,0,0,0,0,0,0,0,0,0,0,0,0,0,0,0,0,1,0,0,0,0,0,0,0,0,0,0,0,0,2.2095623034878713,1.0,0.5908248729910495,1.0,0.5164435205026519,1.0,1.9515368112022466,1.0,179693.68500000006,663372.9500000002
2,1,5,180855.5599999996,656923.2699999996,0,21.9838,0.0,2324,0,0,0,0,1,0,0,0,0,0,0,0,0.9702957262759965,0.2419218955996679,2,5,5,179282.65000000037,659512.2300000004,0,20.68435,0.0,2324,0,0,0,0,1,0,0,0,0,0,0,0,-0.9781476007338058,0.20791169081775857,2,5,6,177885.25999999978,658998.75,0,18.984233333333332,0.0,2324,0,0,0,0,1,0,0,0,0,0,0,0,-0.9998476951563913,-0.017452406437283498,2,4,5,178577.33000000007,658707.2599999998,0,4.867516666666667,0.0,2324,0,0,0,0,1,0,0,0,0,0,0,0,0.7071067811865476,0.7071067811865476,0,0,1,0,0,0,0,0,0,0,0,0,0,1,0,0,0,0,0,0,0,1,0,0,0,0,0,0,0,0,0,0,0,0,0,0,0,0,1,0,0,0,0,0,1,0,0,0,0,0,0,0,0,0,0,0,0,0,0,0,0,0,1,0,0,0,0,1,0,0,0,0,0,0,0,0,0,0,0,0,0,0,0,0,1,0,0,0,0,0,0,0,0,0,0,0,0,0,0,0,0,2.2608847245883896,1.0,0.9497297878115938,1.0,1.2978607333617542,1.0,0.5762209512850713,1.0,179150.19999999995,658535.3775
1,0,10,182134.7000000002,666640.9199999999,0,0.0,53.819277453703705,1353,0,0,0,0,0,0,0,1,0,0,0,0,0.0,1.0,1,0,10,182281.0499999998,666002.6300000008,0,0.0,49.038999768518515,2205,0,0,0,0,1,0,0,0,0,0,0,0,0.0,1.0,2,5,9,183963.7199999997,664008.6300000008,0,16.6098,0.0,1295,0,0,0,0,0,1,0,0,0,0,0,0,-0.052335956242943564,-0.9986295347545738,2,5,6,181385.9400000004,665564.4399999995,0,10.476316666666667,0.0,1295,0,0,0,0,0,1,0,0,0,0,0,0,0.9510565162951535,0.30901699437494745,0,0,0,1,0,0,0,0,0,0,0,0,0,0,0,0,0,1,0,0,0,0,1,0,0,0,0,0,0,0,0,0,0,0,0,0,0,0,0,0,1,0,0,0,0,0,1,0,0,0,0,0,1,0,0,0,0,0,0,0,0,0,0,0,0,0,0,1,0,0,0,0,0,0,0,0,0,0,0,0,0,0,0,0,0,0,1,0,0,0,0,0,0,0,0,0,0,0,0,0,0,1.1804429530803027,1.0,0.4978758030475374,1.0,2.2678348680526366,1.0,1.1033588180392018,1.0,182441.35250000004,665554.1550000003
2,0,10,179193.58000000007,662978.9499999993,0,0.0,158.04543369212962,1141,0,0,0,0,0,0,1,0,0,0,0,0,0.0,1.0,17,0,10,178733.74000000022,662995.6600000001,0,0.0,70.69310731481481,790,0,0,0,0,0,0,0,0,0,0,1,0,0.0,1.0,1,0,6,179062.41999999993,665885.5,0,0.0,57.87014436342593,1366,0,0,0,0,0,0,0,0,1,0,0,0,0.0,1.0,1,0,10,179115.53000000026,665875.9800000004,0,0.0,56.163165185185186,2205,0,0,0,0,1,0,0,0,0,0,0,0,0.0,1.0,1,0,0,1,0,0,0,0,0,0,0,0,0,0,0,0,0,1,0,0,0,0,1,0,0,0,0,0,0,0,0,0,0,0,0,0,0,0,0,0,1,0,0,0,0,1,0,0,0,0,0,0,0,0,0,0,0,0,0,0,0,0,0,0,1,0,0,0,1,0,0,0,0,0,0,0,0,0,0,0,0,0,0,0,0,0,0,0,1,0,0,0,0,0,0,0,0,0,0,0,0,1.8060118480616807,1.0,1.8099120872863994,1.0,1.7903173496426144,1.0,1.7814247319174321,1.0,179026.31750000012,664434.0225
2,0,10,177424.86000000034,662262.4000000004,0,0.0,101.04926290509259,785,0,0,0,0,0,0,0,1,0,0,0,0,0.0,1.0,2,0,10,178618.1799999997,665686.4600000009,0,0.0,53.99514251157407,1540,0,0,0,0,0,0,0,0,1,0,0,0,0.0,1.0,2,5,5,183682.36000000036,669713.6600000001,0,26.338516666666667,0.0,1353,0,0,0,0,0,0,0,1,0,0,0,0,-0.08715574274765832,0.9961946980917455,2,5,5,178626.61000000034,663315.4399999995,0,15.355133333333333,0.0,1353,0,0,0,0,0,0,0,1,0,0,0,0,0.3420201433256689,-0.9396926207859083,1,0,0,1,0,0,0,0,0,0,0,0,0,0,0,0,0,1,0,0,0,0,1,0,0,0,0,0,0,0,0,0,0,0,0,0,0,0,0,0,1,0,0,0,1,0,0,0,0,0,0,0,0,0,0,0,0,0,0,0,0,0,1,0,0,0,0,1,0,0,0,0,0,0,0,0,0,0,0,0,0,0,0,0,0,0,1,0,0,0,0,0,0,0,0,0,0,0,0,0,0,1.3963304721388132,1.0,0.4039562138221417,1.0,2.297305941134469,1.0,0.8169250698322895,1.0,179588.00250000018,665244.4900000002
2,0,10,179055.76999999955,663114.8699999992,0,0.0,154.2387097800926,1141,0,0,0,0,0,0,1,0,0,0,0,0,0.0,1.0,17,0,10,178491.23000000045,663020.3100000005,0,0.0,68.85977457175926,790,0,0,0,0,0,0,0,0,0,0,1,0,0.0,1.0,2,5,5,181536.91999999995,663617.3699999992,0,7.742066666666667,0.0,1366,0,0,0,0,0,0,0,0,1,0,0,0,0.17364817766693028,-0.984807753012208,2,5,5,182543.49000000025,668159.7100000009,0,3.14205,0.0,1366,0,0,0,0,0,0,0,0,1,0,0,0,0.6946583704589973,0.7193398003386512,1,0,0,1,0,0,0,0,0,0,0,0,0,0,0,0,0,1,0,0,0,0,1,0,0,0,0,0,0,0,0,0,0,0,0,0,0,0,0,0,1,0,0,0,1,0,0,0,0,0,0,0,0,0,0,0,0,0,0,0,0,0,1,0,0,0,1,0,0,0,0,0,1,0,0,0,0,0,0,0,0,0,0,0,0,0,0,0,0,0,0,0,0,0,0,0,0,0,0,0,0,1.004549126379167,1.0,1.2599159004263583,1.0,0.7434844312424713,1.0,2.2279398668085943,1.0,180406.85250000004,664478.065
2,0,10,179182.24000000022,665961.1099999994,0,0.0,55.23897584490741,1141,0,0,0,0,0,0,1,0,0,0,0,0,0.0,1.0,2,0,10,178678.98000000045,665826.8399999999,0,0.0,54.07847811342592,1540,0,0,0,0,0,0,0,0,1,0,0,0,0.0,1.0,2,5,5,177486.83000000007,663000.3699999992,0,18.175233333333335,0.0,1366,0,0,0,0,0,0,0,0,1,0,0,0,-0.6560590289905074,-0.7547095802227719,2,5,5,180015.9500000002,662985.4900000002,0,2.8585666666666665,0.0,1366,0,0,0,0,0,0,0,0,1,0,0,0,-0.9986295347545738,-0.052335956242944306,1,0,0,1,0,0,0,0,0,0,0,0,0,0,0,0,0,1,0,0,0,0,1,0,0,0,0,0,0,0,0,0,0,0,0,0,0,0,0,0,1,0,0,0,1,0,0,0,0,0,0,0,0,0,0,0,0,0,0,0,0,0,1,0,0,0,0,1,0,0,0,0,0,0,0,0,0,0,0,0,0,0,0,0,0,0,1,0,0,0,0,0,0,0,0,0,0,0,0,0,0,1.3141337764297716,1.0,1.1766799628181597,1.0,1.671830187671378,1.0,1.5818751718937596,1.0,178841.00000000023,664443.4524999997
2,0,10,178747.04000000004,666085.1899999995,0,0.0,94.96935659722222,1000,0,0,0,0,0,1,0,0,0,0,0,0,0.0,1.0,2,0,10,178578.91999999993,665596.5600000005,0,0.0,54.7868102662037,1540,0,0,0,0,0,0,0,0,1,0,0,0,0.0,1.0,2,5,7,182248.76999999955,667941.1500000004,0,8.4568,0.0,1295,0,0,0,0,0,1,0,0,0,0,0,0,0.8480480961564261,0.5299192642332049,2,5,5,177993.8700000001,662283.9800000004,0,5.056816666666666,0.0,1295,0,0,0,0,0,1,0,0,0,0,0,0,-0.24192189559966787,0.9702957262759965,1,0,0,1,0,0,0,0,0,0,0,0,0,0,0,0,0,1,0,0,0,0,1,0,0,0,0,0,0,0,0,0,0,0,0,0,0,0,0,0,1,0,0,0,1,0,0,0,0,0,0,0,0,0,0,0,0,0,0,0,0,0,1,0,0,0,0,1,0,0,0,0,0,0,0,0,0,0,0,0,0,0,0,0,0,0,1,0,0,0,0,0,0,0,0,0,0,0,0,0,0,0.47765487521304206,1.0,0.4427618427842433,1.0,2.0321255101991595,1.0,1.877405068877449,1.0,179392.1499999999,665476.7200000002
17,0,10,178491.23000000045,663020.3100000005,0,0.0,71.20006303240741,790,0,0,0,0,0,0,0,0,0,0,1,0,0.0,1.0,17,0,10,178491.23000000045,663020.3100000005,0,0.0,71.20006303240741,790,0,0,0,0,0,0,0,0,0,0,1,0,0.0,1.0,2,0,6,181436.3700000001,668475.5,0,963.0241166666667,0.0,1295,0,0,0,0,0,1,0,0,0,0,0,0,0.0,1.0,2,0,6,181436.3700000001,668475.5,0,963.0241166666667,0.0,1295,0,0,0,0,0,1,0,0,0,0,0,0,0.0,1.0,1,0,0,1,0,0,0,0,0,0,0,0,0,0,0,0,0,1,0,0,0,0,1,0,0,0,0,0,0,0,0,0,0,0,0,0,0,0,0,0,1,0,0,0,0,1,0,0,0,0,0,0,0,0,0,0,0,0,0,0,0,0,0,0,1,0,0,0,1,0,0,0,0,0,0,0,0,0,0,0,0,0,0,0,0,0,0,0,1,0,0,2,2,0,0,0,0,0,0,0,0,1.4759970687825714,1.0,1.4759970687825714,1.0,1.4759970687825714,1.0,1.4759970687825714,1.0,179963.80000000028,665747.9050000003
6,5,5,190923.0700000003,666669.3399999999,0,15.161466666666668,0.0,2205,0,0,0,0,1,0,0,0,0,0,0,0,-0.13917310096006588,0.9902680687415703,2,5,5,186974.74000000025,665124.3499999996,0,12.844333333333333,0.0,2205,0,0,0,0,1,0,0,0,0,0,0,0,0.05233595624294383,0.9986295347545738,2,3,7,190015.6399999997,666651.8200000003,0,8.1275,0.0,2205,0,0,0,0,1,0,0,0,0,0,0,0,0.8746197071393959,-0.484809620246337,2,5,5,185980.9500000002,667488.2300000004,0,4.761466666666666,0.0,2205,0,0,0,0,1,0,0,0,0,0,0,0,-1.0,-1.8369701987210297e-16,0,0,1,0,0,0,0,0,0,0,0,0,0,1,0,0,0,0,0,0,0,1,0,0,0,0,0,0,0,0,0,0,0,0,0,1,0,0,0,0,0,0,0,0,0,0,1,0,0,0,0,0,1,0,0,0,0,0,0,0,0,0,0,0,0,0,0,1,0,0,0,0,0,0,0,0,0,0,0,0,0,0,0,0,1,0,0,0,0,0,0,0,0,0,0,0,0,0,0,0,0,1.6906300551727231,1.0,1.3924733426222407,1.0,1.0675759615839098,1.0,1.8496329326308072,1.0,188473.6000000001,666483.435
2,0,10,178618.1799999997,665686.4600000009,0,0.0,56.036818564814816,1540,0,0,0,0,0,0,0,0,1,0,0,0,0.0,1.0,2,5,5,177415.38999999966,662942.3100000005,0,18.852133333333335,0.0,1540,0,0,0,0,0,0,0,0,1,0,0,0,-0.7547095802227717,-0.6560590289905077,2,4,8,180859.25999999975,666348.2200000007,0,10.518766666666666,0.0,1540,0,0,0,0,0,0,0,0,1,0,0,0,-0.06975647374412476,0.9975640502598243,1,5,5,184624.2999999998,668198.6400000006,0,4.335366666666666,0.0,1540,0,0,0,0,0,0,0,0,1,0,0,0,0.9510565162951535,0.30901699437494745,1,0,0,1,0,0,0,0,0,0,0,0,0,0,0,0,0,1,0,0,0,1,0,0,0,0,0,0,0,0,0,0,0,0,0,0,0,0,1,0,0,0,0,0,1,0,0,0,0,0,0,0,0,0,0,0,0,0,0,1,0,0,0,0,0,0,0,1,0,0,0,0,0,0,0,0,0,0,0,0,0,0,0,0,0,0,1,0,0,0,0,0,0,0,0,0,0,0,0,0,0,0.7619545679854267,1.0,1.7761919645022135,1.0,0.3166530846611067,1.0,2.106942482299393,1.0,180379.28249999974,665793.9075000007
2,0,10,178678.98000000045,665826.8399999999,0,0.0,53.82847418981481,1540,0,0,0,0,0,0,0,0,1,0,0,0,0.0,1.0,1,5,5,179117.66000000015,663981.2599999998,0,28.819483333333334,0.0,1000,0,0,0,0,0,1,0,0,0,0,0,0,0.0,1.0,2,5,6,180325.5599999996,661645.4000000004,0,28.2361,0.0,1000,0,0,0,0,0,1,0,0,0,0,0,0,1.0,6.123233995736766e-17,1,5,6,178355.91000000015,663208.4499999993,0,15.736133333333333,0.0,1000,0,0,0,0,0,1,0,0,0,0,0,0,-0.9876883405951377,-0.15643446504023104,1,0,0,1,0,0,0,0,0,0,0,0,0,0,0,0,0,1,0,0,0,0,1,0,0,0,0,0,0,0,0,0,0,0,0,0,0,0,0,0,0,1,0,0,1,0,0,0,0,0,0,0,0,0,0,0,0,0,0,1,0,0,0,0,0,0,0,0,0,1,0,0,0,0,0,1,0,0,0,0,0,0,0,0,0,0,0,0,0,0,0,0,0,0,0,0,0,0,0,0,0,1.9589614826539452,1.0,0.2804418774573114,1.0,2.0894418450562253,1.0,0.79035494568389,1.0,179119.52750000008,663665.4874999998
2,0,8,191283.08999999985,675529.3599999994,0,0.0,1.5967854282407408,1295,0,0,0,0,0,1,0,0,0,0,0,0,0.0,1.0,2,0,6,191370.46,675506.0700000003,0,0.0,1.5967858333333333,1295,0,0,0,0,0,1,0,0,0,0,0,0,0.0,1.0,2,0,8,191283.08999999985,675529.3599999994,0,0.0,1.6384520254629629,1295,0,0,0,0,0,1,0,0,0,0,0,0,0.0,1.0,2,0,6,191370.46,675506.0700000003,0,0.0,1.6384528703703705,1295,0,0,0,0,0,1,0,0,0,0,0,0,0.0,1.0,0,0,0,1,0,0,0,0,0,0,0,0,0,0,0,0,0,1,0,0,0,0,1,0,0,0,0,0,0,0,0,0,0,0,0,0,0,0,0,0,1,0,0,0,0,1,0,0,0,0,0,0,0,0,0,0,0,0,0,0,0,0,0,0,1,0,0,0,1,0,0,0,0,0,0,0,0,0,0,0,0,0,0,0,0,0,0,0,1,0,0,4,0,0,0,0,0,0,0,0,0,1.634211281271844,1.0,1.6342112812728604,1.0,1.634211281271844,1.0,1.6342112812728604,1.0,191326.7749999999,675517.7149999999
2,0,10,179211.83999999985,663036.8800000008,0,0.0,158.21211494212963,1141,0,0,0,0,0,0,1,0,0,0,0,0,0.0,1.0,2,0,10,178747.04000000004,666085.1899999995,0,0.0,96.26103855324074,1000,0,0,0,0,0,1,0,0,0,0,0,0,0.0,1.0,2,0,10,180636.83000000007,664833.2699999996,0,0.0,58.370158958333334,2205,0,0,0,0,1,0,0,0,0,0,0,0,0.0,1.0,2,5,5,183894.84999999963,668217.9199999999,0,16.79565,0.0,1366,0,0,0,0,0,0,0,0,1,0,0,0,-0.05233595624294437,0.9986295347545738,1,0,0,1,0,0,0,0,0,0,0,0,0,0,0,0,0,1,0,0,0,0,1,0,0,0,0,0,0,0,0,0,0,0,0,0,0,0,0,0,1,0,0,0,0,1,0,0,0,0,0,0,0,0,0,0,0,0,0,0,0,0,0,0,1,0,0,1,0,0,0,0,0,0,0,0,0,0,0,0,0,0,0,0,0,0,1,0,0,0,0,0,0,0,0,0,0,0,0,0,0,1.475050854425829,1.0,1.0012323445508924,1.0,0.36421620924443604,1.0,2.1673946405735802,1.0,180622.6399999999,665543.315
1,0,10,183741.01999999955,652595.0,0,0.0,91.51970449074074,738,0,0,0,0,0,0,0,0,0,1,0,0,0.0,1.0,2,5,6,175767.36000000034,654458.3800000008,0,17.924366666666668,0.0,395,0,0,0,1,0,0,0,0,0,0,0,0,-0.43837114678907707,-0.8987940462991671,2,5,5,180900.28000000023,653632.6999999993,0,3.64155,0.0,395,0,0,0,1,0,0,0,0,0,0,0,0,-0.438371146789077,0.8987940462991671,2,5,5,180748.01999999955,653810.1500000004,0,2.407566666666667,0.0,395,0,0,0,1,0,0,0,0,0,0,0,0,-0.9205048534524405,0.3907311284892735,0,0,0,1,0,0,0,0,0,0,0,0,0,0,0,0,0,1,0,0,0,0,0,1,0,0,0,0,0,0,0,0,0,0,1,0,0,0,0,0,0,0,0,0,1,0,0,0,0,0,0,0,0,0,0,0,0,0,0,0,0,0,1,0,0,0,0,1,0,0,0,0,0,0,0,0,0,0,0,0,0,0,0,0,0,1,0,0,0,0,0,2,0,0,0,0,0,0,0,0,0,2.03568089934548,1.0,2.598668050165899,0.0,0.3454074968471238,1.0,0.27983750487727604,1.0,240385.5599999999,871498.7433333335
2,5,5,187300.91999999995,666523.1300000008,0,31.3687,0.0,1540,0,0,0,0,0,0,0,0,1,0,0,0,0.9945218953682734,-0.10452846326765333,1,5,5,187293.08999999985,667630.8699999992,0,16.718766666666667,0.0,1540,0,0,0,0,0,0,0,0,1,0,0,0,0.8660254037844386,0.5000000000000001,6,5,5,190727.3200000003,667316.9199999999,0,6.018783333333333,0.0,1540,0,0,0,0,0,0,0,0,1,0,0,0,0.5299192642332049,-0.848048096156426,2,5,5,189179.0499999998,665344.5700000003,0,3.43525,0.0,1540,0,0,0,0,0,0,0,0,1,0,0,0,-0.29237170472273627,0.9563047559630357,0,0,1,0,0,0,0,0,0,0,0,0,0,0,0,0,1,0,0,0,0,1,0,0,0,0,0,0,0,0,0,0,0,0,0,0,0,0,1,0,0,0,0,0,1,0,0,0,0,0,0,0,0,0,0,0,0,0,0,0,1,0,0,0,0,0,0,1,0,0,0,0,0,0,0,0,0,0,0,0,0,0,0,1,0,0,0,0,0,0,0,0,0,0,0,0,0,0,0,0,0,1.1526009369761387,1.0,1.3995774783946324,1.0,1.8885458258713321,1.0,1.2659176189776058,1.0,188625.09499999997,666703.8725
2,0,6,176768.33000000007,658079.6799999997,0,0.0,1.911833773148148,1540,0,0,0,0,0,0,0,0,1,0,0,0,0.0,1.0,2,0,6,176440.09999999963,658214.3300000001,0,0.0,1.9118338310185186,1540,0,0,0,0,0,0,0,0,1,0,0,0,0.0,1.0,2,5,5,177540.5,658096.6099999994,0,10.8739,0.0,649,0,0,0,0,0,0,1,0,0,0,0,0,0.9781476007338057,-0.20791169081775912,2,5,5,176848.6200000001,656856.3399999999,0,1.9574666666666667,0.0,649,0,0,0,0,0,0,1,0,0,0,0,0,-0.25881904510252035,-0.9659258262890684,0,0,0,1,0,0,0,0,0,0,0,0,0,0,0,0,0,1,0,0,0,0,1,0,0,0,0,0,0,0,0,0,0,0,0,0,0,0,0,0,1,0,0,0,1,0,0,0,0,0,0,0,0,0,0,0,0,0,0,1,0,0,0,0,0,0,0,1,0,0,0,0,0,0,0,0,0,0,0,0,0,0,0,1,0,0,0,0,0,0,0,3,0,0,0,0,0,0,0,0,0,0.6249399572379134,1.0,1.2796459203267632,1.0,1.469879993837563,1.0,2.004560191420754,1.0,176899.38749999995,657811.7399999998
2,0,6,186214.3899999997,659530.0600000005,0,0.0,132.96937960648148,790,0,0,0,0,0,0,0,0,0,0,1,0,0.0,1.0,2,0,10,186260.91999999995,659751.1099999994,0,0.0,132.96935645833332,790,0,0,0,0,0,0,0,0,0,0,1,0,0.0,1.0,1,0,10,187492.6399999997,659382.8399999999,0,0.0,129.07848822916668,787,0,0,0,0,0,0,0,0,0,1,0,0,0.0,1.0,1,0,10,187422.34999999963,659473.8200000003,0,0.0,129.0784883912037,787,0,0,0,0,0,0,0,0,0,1,0,0,0.0,1.0,0,0,0,1,0,0,0,0,0,0,0,0,0,0,0,0,0,1,0,0,0,0,1,0,0,0,0,0,0,0,0,0,0,0,0,0,0,0,0,0,1,0,0,0,0,1,0,0,0,0,0,0,0,0,0,0,0,0,0,0,0,0,0,0,1,0,0,0,1,0,0,0,0,0,0,0,0,0,0,0,0,0,0,0,0,0,0,0,1,0,0,2,2,0,0,0,0,0,0,0,0,1.696871434673181,1.0,1.67591923237717,1.0,1.7757750263392995,1.0,1.5488493202679434,1.0,186847.57499999975,659534.4575
1,0,10,182329.61000000036,665960.5199999996,0,0.0,40.33066445601852,2205,0,0,0,0,1,0,0,0,0,0,0,0,0.0,1.0,1,5,5,184049.6799999997,664671.9900000002,0,28.124,0.0,1366,0,0,0,0,0,0,0,0,1,0,0,0,0.08715574274765864,-0.9961946980917455,2,5,5,181341.3799999999,665564.6099999994,0,24.60705,0.0,1366,0,0,0,0,0,0,0,0,1,0,0,0,-0.913545457642601,-0.4067366430758001,1,5,5,181531.23000000045,666169.8000000007,0,15.690766666666667,0.0,1366,0,0,0,0,0,0,0,0,1,0,0,0,-0.8191520442889918,0.573576436351046,0,0,0,1,0,0,0,0,0,0,0,0,0,0,0,0,0,1,0,0,0,1,0,0,0,0,0,0,0,0,0,0,0,0,0,0,1,0,0,0,0,0,0,0,1,0,0,0,0,0,0,0,0,0,0,0,0,0,0,0,0,0,1,0,0,0,0,1,0,0,0,0,0,0,0,0,0,0,0,0,0,0,0,0,0,0,1,0,0,0,0,0,0,0,0,0,0,0,0,0,0,0.44942730580164253,1.0,2.392482627773771,1.0,1.1832958527061488,1.0,1.183645148619786,1.0,182312.9750000001,665591.73
2,0,6,178182.66999999993,654872.6500000004,0,833.0083333333333,0.0,1295,0,0,0,0,0,1,0,0,0,0,0,0,0.0,1.0,1,0,6,178125.25999999978,654769.8499999996,0,833.00835,0.0,1295,0,0,0,0,0,1,0,0,0,0,0,0,0.0,1.0,2,0,6,183335.50999999975,652308.7599999998,0,833.0084833333333,0.0,1295,0,0,0,0,0,1,0,0,0,0,0,0,0.0,1.0,1,0,6,178155.11000000034,654834.6099999994,0,893.0044333333333,0.0,1295,0,0,0,0,0,1,0,0,0,0,0,0,0.0,1.0,0,0,0,1,0,0,0,0,0,0,0,0,0,0,0,0,0,1,0,0,0,0,1,0,0,0,0,0,0,0,0,0,0,0,0,0,0,0,0,0,1,0,0,0,0,1,0,0,0,0,0,0,0,0,0,0,0,0,0,0,0,0,0,0,1,0,0,0,1,0,0,0,0,0,0,0,0,0,0,0,0,0,0,0,0,0,0,0,1,0,0,2,0,0,0,0,0,0,0,0,0,0.8614742713505976,1.0,0.8657064078384403,1.0,2.5914848003047433,0.0,0.8657654383922152,1.0,239266.18333333326,872261.9566666664
1,0,10,188285.58999999985,659377.2899999991,0,0.0,121.9118003125,170,0,0,0,0,0,0,0,0,0,0,1,0,0.0,1.0,2,0,10,190399.8799999999,659472.3200000003,0,0.0,39.03682332175926,1366,0,0,0,0,0,0,0,0,1,0,0,0,0.0,1.0,1,0,10,190015.04000000004,659611.7300000004,0,0.0,30.923247280092593,787,0,0,0,0,0,0,0,0,0,1,0,0,0.0,1.0,1,0,10,189613.1399999997,659628.6600000001,0,0.0,11.686601828703704,738,0,0,0,0,0,0,0,0,0,1,0,0,0.0,1.0,0,0,0,1,0,0,0,0,0,0,0,0,0,0,0,0,0,1,0,0,0,0,1,0,0,0,0,0,0,0,0,0,0,0,0,0,0,0,0,0,1,0,0,0,0,1,0,0,0,0,0,0,0,0,0,0,0,0,0,0,0,0,0,0,1,0,0,0,1,0,0,0,0,0,0,0,0,0,0,0,0,0,0,0,0,0,0,0,1,0,0,0,0,0,0,0,0,0,0,0,0,2.890853737286238,0.0,1.8287907742292921,1.0,0.990285849240492,1.0,0.24819989186182964,1.0,252771.21666666647,879363.3333333334
2,0,10,178747.04000000004,666085.1899999995,0,0.0,55.95347893518519,1540,0,0,0,0,0,0,0,0,1,0,0,0,0.0,1.0,1,0,6,176766.50999999978,661726.2799999993,0,1073.0430166666667,0.0,790,0,0,0,0,0,0,0,0,0,0,1,0,0.0,1.0,2,5,5,183575.96,668203.5999999996,0,31.02635,0.0,785,0,0,0,0,0,0,0,1,0,0,0,0,-0.9743700647852351,-0.22495105434386525,2,5,5,179549.11000000034,664468.3300000001,0,29.409683333333334,0.0,785,0,0,0,0,0,0,0,1,0,0,0,0,0.01745240643728344,-0.9998476951563913,1,0,0,1,0,0,0,0,0,0,0,0,0,0,0,0,0,1,0,0,0,0,1,0,0,0,0,0,0,0,0,0,0,0,0,0,0,0,0,0,1,0,0,0,1,0,0,0,0,0,0,0,0,0,0,0,0,0,0,1,0,0,0,0,0,0,0,1,0,0,0,0,0,0,0,0,0,0,0,0,0,0,0,0,0,0,1,0,0,0,0,0,0,0,0,0,0,0,0,0,0,0.5482977555949241,1.0,1.841904861511704,1.0,2.0582374718335243,1.0,0.2733072019481075,1.0,179659.65500000003,665120.8499999996
2,5,5,186170.75999999975,664942.3100000005,0,31.406483333333334,0.0,2205,0,0,0,0,1,0,0,0,0,0,0,0,-0.913545457642601,-0.4067366430758001,2,5,6,185670.73000000045,664941.8800000008,0,30.6059,0.0,2205,0,0,0,0,1,0,0,0,0,0,0,0,-0.39073112848927355,-0.9205048534524404,2,5,5,185615.83999999985,664818.4399999995,0,25.6231,0.0,2205,0,0,0,0,1,0,0,0,0,0,0,0,-0.374606593415912,-0.9271838545667874,2,5,6,185988.7000000002,663928.7799999993,0,13.67325,0.0,2205,0,0,0,0,1,0,0,0,0,0,0,0,0.15643446504023087,0.9876883405951378,0,0,1,0,0,0,0,0,0,0,0,0,0,1,0,0,0,0,0,0,0,1,0,0,0,0,0,0,0,0,0,0,0,0,0,1,0,0,0,0,0,0,0,0,1,0,0,0,0,0,0,0,0,0,0,0,0,0,0,0,0,0,1,0,0,0,0,1,0,0,0,0,0,0,0,0,0,0,0,0,0,0,0,0,0,0,1,0,0,0,0,2,0,0,0,0,0,0,0,0,0,1.2883290088495531,1.0,1.0490773561627182,1.0,0.8998987157632673,1.0,2.269186317323292,1.0,185861.50750000007,664657.8525
17,0,10,178661.00999999978,663015.4499999993,0,0.0,70.85979100694445,790,0,0,0,0,0,0,0,0,0,0,1,0,0.0,1.0,2,0,10,178618.1799999997,665686.4600000009,0,0.0,56.07849461805556,1540,0,0,0,0,0,0,0,0,1,0,0,0,0.0,1.0,2,5,5,180112.3799999999,664088.0600000005,0,8.765683333333333,0.0,1366,0,0,0,0,0,0,0,0,1,0,0,0,0.7431448254773941,0.6691306063588582,2,5,6,181517.6299999999,663760.3900000006,0,6.51565,0.0,1366,0,0,0,0,0,0,0,0,1,0,0,0,0.10452846326765373,-0.9945218953682733,1,0,0,1,0,0,0,0,0,0,0,0,0,0,0,0,0,1,0,0,0,0,1,0,0,0,0,0,0,0,0,0,0,0,0,0,0,0,0,0,1,0,0,0,1,0,0,0,0,0,0,0,0,0,0,0,0,0,0,0,0,0,1,0,0,0,0,1,0,0,0,0,0,0,0,0,0,0,0,0,0,0,0,0,0,0,1,0,0,0,0,0,0,0,0,0,0,0,0,0,0,1.426062542855086,1.0,1.7550185705613262,1.0,0.3576790766364094,1.0,1.6855583891506096,1.0,179727.2999999998,664137.5900000003
1,4,6,189185.36000000036,666070.2200000007,0,26.0406,0.0,1141,0,0,0,0,0,0,1,0,0,0,0,0,0.4694715627858911,-0.8829475928589268,1,5,5,187322.33000000007,666395.5299999993,0,19.440366666666666,0.0,1141,0,0,0,0,0,0,1,0,0,0,0,0,0.12186934340514748,0.992546151641322,2,5,6,189320.74000000025,664315.6199999992,0,4.739733333333334,0.0,1141,0,0,0,0,0,0,1,0,0,0,0,0,-0.2756373558169998,0.9612616959383187,2,5,8,189348.6900000004,664731.3599999994,0,4.490566666666667,0.0,1141,0,0,0,0,0,0,1,0,0,0,0,0,-0.7547095802227717,-0.6560590289905077,0,1,0,0,0,0,1,0,0,0,0,0,0,0,0,0,0,0,0,0,0,1,0,0,0,0,0,0,0,0,0,0,0,0,0,0,0,0,1,0,0,0,0,0,1,0,0,0,0,0,0,0,0,0,0,0,0,0,0,1,0,0,0,0,0,0,0,0,0,1,0,0,0,0,0,1,0,0,0,0,0,0,0,0,0,0,0,0,0,0,0,0,0,0,0,0,0,0,0,0,0,0.9206014917584029,1.0,2.0722740171768304,1.0,1.3733614370565954,1.0,0.9866312942362466,1.0,188794.28000000026,665378.1824999996
2,0,10,178672.3799999999,665806.7899999991,0,0.0,54.07847898148148,1540,0,0,0,0,0,0,0,0,1,0,0,0,0.0,1.0,2,5,5,178081.5599999996,664575.0199999996,0,26.68995,0.0,1295,0,0,0,0,0,1,0,0,0,0,0,0,0.224951054343865,0.9743700647852352,2,5,5,180046.00999999978,662967.6300000008,0,25.5566,0.0,1295,0,0,0,0,0,1,0,0,0,0,0,0,0.9998476951563913,0.017452406437283376,2,5,5,181270.2000000002,663501.0600000005,0,13.223266666666667,0.0,1295,0,0,0,0,0,1,0,0,0,0,0,0,-0.8660254037844386,0.5000000000000001,1,0,0,1,0,0,0,0,0,0,0,0,0,0,0,0,0,1,0,0,0,1,0,0,0,0,0,0,0,0,0,0,0,0,0,0,0,0,1,0,0,0,0,0,1,0,0,0,0,0,0,0,0,0,0,0,0,0,0,0,0,0,1,0,0,0,0,1,0,0,0,0,0,0,0,0,0,0,0,0,0,0,0,1,0,0,0,0,0,0,0,0,0,0,0,0,0,0,0,0,0,1.5521235371982756,1.0,1.2739791578616237,1.0,1.163453884898545,1.0,1.6271834576138284,1.0,179517.53749999986,664212.625
2,0,10,179193.58000000007,662978.9499999993,0,0.0,156.1287665972222,1141,0,0,0,0,0,0,1,0,0,0,0,0,0.0,1.0,2,0,10,179100.08999999985,663100.0700000003,0,0.0,156.12876662037036,1141,0,0,0,0,0,0,1,0,0,0,0,0,0.0,1.0,17,0,10,178733.74000000022,662995.6600000001,0,0.0,68.77644023148149,790,0,0,0,0,0,0,0,0,0,0,1,0,0.0,1.0,1,0,10,179022.34999999963,665899.0600000005,0,0.0,55.95347722222222,1366,0,0,0,0,0,0,0,0,1,0,0,0,0.0,1.0,1,0,0,1,0,0,0,0,0,0,0,0,0,0,0,0,0,1,0,0,0,0,1,0,0,0,0,0,0,0,0,0,0,0,0,0,0,0,0,0,1,0,0,0,0,1,0,0,0,0,0,0,0,0,0,0,0,0,0,0,0,0,0,0,1,0,0,0,1,0,0,0,0,0,0,0,0,0,0,0,0,0,0,0,0,0,0,0,1,0,0,0,0,0,0,0,0,0,0,0,0,1.1086092052608423,1.0,0.9162186281109658,1.0,1.126065968104921,1.0,3.041767944133953,0.0,238683.25333333327,884991.2466666667
2,0,10,177437.83000000007,662499.7699999996,0,0.0,100.49149748842592,2205,0,0,0,0,1,0,0,0,0,0,0,0,0.0,1.0,2,0,10,178747.04000000004,666085.1899999995,0,0.0,56.20347667824074,1540,0,0,0,0,0,0,0,0,1,0,0,0,0.0,1.0,2,0,6,180344.96,664164.5899999999,0,0.0,10.078453506944445,787,0,0,0,0,0,0,0,0,0,1,0,0,0.0,1.0,1,0,6,180789.41999999995,661429.6300000008,0,494.67308333333335,0.0,1141,0,0,0,0,0,0,1,0,0,0,0,0,0.0,1.0,1,0,0,1,0,0,0,0,0,0,0,0,0,0,0,0,0,1,0,0,0,0,1,0,0,0,0,0,0,0,0,0,0,0,0,0,0,0,0,0,1,0,0,0,0,1,0,0,0,0,0,0,0,0,0,0,0,0,0,0,0,0,0,0,1,0,0,0,1,0,0,0,0,0,0,0,0,0,0,0,0,0,0,0,0,0,0,0,1,0,0,0,0,0,0,0,0,0,0,0,0,1.3983434867268922,1.0,1.686225793257642,1.0,0.7694938756133004,1.0,1.6626218381975482,1.0,179329.8125,663544.7949999999
2,0,10,178747.04000000004,666085.1899999995,0,0.0,102.92769148148147,1000,0,0,0,0,0,1,0,0,0,0,0,0,0.0,1.0,2,0,10,178578.91999999993,665596.5600000005,0,0.0,62.745145173611114,1540,0,0,0,0,0,0,0,0,1,0,0,0,0.0,1.0,1,0,10,180774.2199999997,661479.4800000004,0,0.0,31.906047916666665,1141,0,0,0,0,0,0,1,0,0,0,0,0,0.0,1.0,2,5,5,178480.66999999993,663093.9800000004,0,20.625716666666666,0.0,2205,0,0,0,0,1,0,0,0,0,0,0,0,-0.1564344650402311,0.9876883405951377,1,0,0,1,0,0,0,0,0,0,0,0,0,0,0,0,0,1,0,0,0,0,1,0,0,0,0,0,0,0,0,0,0,0,0,0,0,0,0,0,1,0,0,0,0,1,0,0,0,0,0,0,0,0,0,0,0,0,0,0,0,0,0,0,1,0,0,1,0,0,0,0,0,0,0,0,0,0,0,0,0,0,0,0,1,0,0,0,0,0,0,0,0,0,0,0,0,0,0,0,0,1.4612628718907084,1.0,1.158966492855966,1.0,2.16675089394858,1.0,0.8338610663711153,1.0,179145.2124999999,664063.8025000002
1,0,10,183741.01999999955,652595.0,0,0.0,97.60304576388889,738,0,0,0,0,0,0,0,0,0,1,0,0,0.0,1.0,2,5,6,180783.96,653791.7100000009,0,27.468,0.0,2324,0,0,0,0,1,0,0,0,0,0,0,0,-0.8191520442889918,0.573576436351046,2,5,5,178494.6900000004,654458.8399999999,0,21.201333333333334,0.0,2324,0,0,0,0,1,0,0,0,0,0,0,0,0.8746197071393959,-0.484809620246337,2,5,5,179684.3799999999,654005.2300000004,0,2.1522833333333335,0.0,2324,0,0,0,0,1,0,0,0,0,0,0,0,0.9612616959383189,-0.27563735581699905,0,0,0,1,0,0,0,0,0,0,0,0,0,0,0,0,0,1,0,0,0,1,0,0,0,0,0,0,0,0,0,0,0,0,0,1,0,0,0,0,0,0,0,0,1,0,0,0,0,0,0,0,0,0,0,0,0,0,0,1,0,0,0,0,0,0,0,1,0,0,0,0,0,0,0,0,0,0,0,0,0,0,0,1,0,0,0,0,0,0,0,2,0,0,0,0,0,0,0,0,0,2.476435217777516,1.0,0.10154600870838824,1.0,1.7499757465370067,1.0,0.7847934976171649,1.0,180676.01249999995,653712.6950000003
1,0,10,180774.2199999997,661479.4800000004,0,0.0,25.579669328703705,1141,0,0,0,0,0,0,1,0,0,0,0,0,0.0,1.0,1,0,10,180774.2199999997,661479.4800000004,0,0.0,25.579669328703705,1141,0,0,0,0,0,0,1,0,0,0,0,0,0.0,1.0,2,5,5,179038.88999999966,665666.2400000002,0,30.807166666666667,0.0,235,1,0,0,0,0,0,0,0,0,0,0,0,0.0,1.0,2,5,5,179038.88999999966,665666.2400000002,0,30.807166666666667,0.0,235,1,0,0,0,0,0,0,0,0,0,0,0,0.0,1.0,1,0,0,1,0,0,0,0,0,0,0,0,0,0,0,0,0,1,0,0,0,0,1,0,0,0,0,0,0,0,0,0,0,0,0,0,0,0,0,0,1,0,0,0,0,1,0,0,0,0,0,0,0,0,0,0,0,0,0,0,0,0,0,1,0,0,0,0,1,0,0,0,0,0,0,0,0,0,0,0,0,0,0,0,0,0,0,1,0,0,0,2,2,0,0,0,0,0,0,0,0,1.5305893796822156,1.0,1.5305893796822156,1.0,1.5305893796822232,1.0,1.5305893796822232,1.0,179906.5549999997,663572.8600000003
2,0,6,177395.46999999974,662145.5199999996,0,0.0,107.1581780787037,2205,0,0,0,0,1,0,0,0,0,0,0,0,0.0,1.0,2,0,10,178547.0,665523.4900000002,0,0.0,62.8701456712963,1540,0,0,0,0,0,0,0,0,1,0,0,0,0.0,1.0,2,5,5,179405.34999999963,663471.8399999999,0,15.209766666666667,0.0,1141,0,0,0,0,0,0,1,0,0,0,0,0,-0.8191520442889916,-0.5735764363510464,1,5,5,177598.71999999974,662607.0600000005,0,5.90975,0.0,1141,0,0,0,0,0,0,1,0,0,0,0,0,1.0,6.123233995736766e-17,1,0,0,1,0,0,0,0,0,0,0,0,0,0,0,0,0,1,0,0,0,0,1,0,0,0,0,0,0,0,0,0,0,0,0,0,0,0,0,0,1,0,0,0,1,0,0,0,0,0,0,0,0,0,0,0,0,0,0,0,0,0,1,0,0,0,0,1,0,0,0,0,0,0,0,0,0,0,0,0,0,0,0,0,0,0,1,0,0,0,0,0,0,0,0,0,0,0,0,0,0,1.469300478516312,1.0,2.0110067876013367,1.0,1.1146591218900392,1.0,0.9978973643056102,1.0,178236.63499999978,663436.9775
2,0,6,177381.58999999985,662031.7899999991,0,0.0,100.70678799768518,2205,0,0,0,0,1,0,0,0,0,0,0,0,0.0,1.0,2,0,10,180244.75,664183.7100000009,0,0.0,10.293744016203703,787,0,0,0,0,0,0,0,0,0,1,0,0,0.0,1.0,2,0,10,180244.75,664183.7100000009,0,0.0,10.293744016203703,787,0,0,0,0,0,0,0,0,0,1,0,0,0.0,1.0,2,0,6,179341.53000000026,663426.5099999998,0,1023.0080666666667,0.0,2205,0,0,0,0,1,0,0,0,0,0,0,0,0.0,1.0,1,0,0,1,0,0,0,0,0,0,0,0,0,0,0,0,0,1,0,0,0,0,1,0,0,0,0,0,0,0,0,0,0,0,0,0,0,0,0,0,1,0,0,0,0,1,0,0,0,0,0,0,0,0,0,0,0,0,0,0,0,0,0,0,1,0,0,0,1,0,0,0,0,0,0,0,0,0,0,0,0,0,0,0,0,0,0,0,1,0,0,2,0,0,0,0,0,0,0,0,0,2.336262057662573,1.0,1.162004661342792,1.0,1.162004661342792,1.0,0.047525207916582844,1.0,179303.15500000003,663456.4300000002
1,0,10,183720.41000000012,666760.4499999993,0,0.0,106.29516231481482,2205,0,0,0,0,1,0,0,0,0,0,0,0,0.0,1.0,2,4,6,184545.3099999996,665365.5299999993,0,23.483766666666668,0.0,1540,0,0,0,0,0,0,0,0,1,0,0,0,0.24192189559966773,0.9702957262759965,2,5,6,184514.4000000004,666619.8300000001,0,5.3505666666666665,0.0,1540,0,0,0,0,0,0,0,0,1,0,0,0,0.984807753012208,0.17364817766693041,1,5,5,185135.3099999996,666880.3000000007,0,2.400533333333333,0.0,1540,0,0,0,0,0,0,0,0,1,0,0,0,0.984807753012208,-0.1736481776669303,0,0,0,1,0,0,0,0,0,0,0,0,0,0,0,0,0,1,0,0,0,1,0,0,0,0,0,0,0,0,0,0,0,0,0,0,0,0,1,0,0,0,0,0,1,0,0,0,0,0,0,0,0,0,0,0,0,0,0,0,0,0,1,0,0,0,0,1,0,0,0,0,0,0,0,0,0,0,0,0,0,0,0,0,0,0,1,0,0,0,0,0,0,0,0,0,0,0,0,0,0,1.5066759073446612,1.0,1.8777914931886917,1.0,0.38927593478837896,1.0,1.4573524861723073,1.0,184478.85749999993,666406.5274999999
2,0,10,178618.1799999997,665686.4600000009,0,0.0,62.786813217592595,1540,0,0,0,0,0,0,0,0,1,0,0,0,0.0,1.0,2,5,10,176643.1799999997,659865.5199999996,0,37.294266666666665,0.0,1295,0,0,0,0,0,1,0,0,0,0,0,0,0.3090169943749474,0.9510565162951535,2,5,5,177993.03000000026,662287.1999999993,0,24.944333333333333,0.0,1295,0,0,0,0,0,1,0,0,0,0,0,0,-0.24192189559966787,0.9702957262759965,2,5,6,179906.75,663876.9199999999,0,18.460916666666666,0.0,1295,0,0,0,0,0,1,0,0,0,0,0,0,0.7071067811865476,0.7071067811865476,1,0,0,1,0,0,0,0,0,0,0,0,0,0,0,0,0,1,0,0,0,0,0,1,0,0,0,0,1,0,0,0,0,0,0,0,0,0,0,0,0,0,0,0,1,0,0,0,0,0,0,0,0,0,0,0,0,0,0,0,0,0,1,0,0,0,0,1,0,0,0,0,0,0,0,0,0,0,0,0,0,0,0,0,0,0,1,0,0,0,0,0,0,0,0,0,0,0,0,0,0,1.675944144421358,1.0,2.09924120494331,1.0,0.42689436925261853,1.0,1.130965469254187,1.0,178290.28499999992,662929.0249999999
1,0,10,180468.24000000025,661860.9900000002,0,0.0,12.53808457175926,649,0,0,0,0,0,0,1,0,0,0,0,0,0.0,1.0,1,0,10,180468.24000000025,661860.9900000002,0,0.0,12.53808457175926,649,0,0,0,0,0,0,1,0,0,0,0,0,0.0,1.0,2,0,6,179976.3099999996,662406.6699999999,0,603.05845,0.0,1540,0,0,0,0,0,0,0,0,1,0,0,0,0.0,1.0,2,0,6,179976.3099999996,662406.6699999999,0,603.05845,0.0,1540,0,0,0,0,0,0,0,0,1,0,0,0,0.0,1.0,1,0,0,1,0,0,0,0,0,0,0,0,0,0,0,0,0,1,0,0,0,0,1,0,0,0,0,0,0,0,0,0,0,0,0,0,0,0,0,0,1,0,0,0,0,1,0,0,0,0,0,0,0,0,0,0,0,0,0,0,0,0,0,0,1,0,0,0,1,0,0,0,0,0,0,0,0,0,0,0,0,0,0,0,0,0,0,0,1,0,0,2,2,0,0,0,0,0,0,0,0,1.4161097555792528,1.0,1.4161097555792528,1.0,1.4161097555791775,1.0,1.4161097555791775,1.0,180222.2749999999,662133.8300000001
2,0,10,186260.91999999995,659751.1099999994,0,0.0,130.76104634259258,790,0,0,0,0,0,0,0,0,0,0,1,0,0.0,1.0,1,0,10,187687.1200000001,659857.8300000001,0,0.0,82.03679868055555,1353,0,0,0,0,0,0,0,1,0,0,0,0,0.0,1.0,1,0,6,187667.66999999995,659861.0099999998,0,0.0,82.03679913194445,1353,0,0,0,0,0,0,0,1,0,0,0,0,0.0,1.0,1,0,10,186028.3899999997,659304.3200000003,0,0.0,38.83441479166667,787,0,0,0,0,0,0,0,0,0,1,0,0,0.0,1.0,0,0,0,1,0,0,0,0,0,0,0,0,0,0,0,0,0,1,0,0,0,0,1,0,0,0,0,0,0,0,0,0,0,0,0,0,0,0,0,0,1,0,0,0,0,1,0,0,0,0,0,0,0,0,0,0,0,0,0,0,0,0,0,0,1,0,0,0,1,0,0,0,0,0,0,0,0,0,0,0,0,0,0,0,0,0,0,0,1,0,0,0,0,0,0,0,0,0,0,0,0,1.3055005068301622,1.0,1.58682756378374,1.0,1.5501475123937798,1.0,1.929615113744136,1.0,186911.0249999999,659693.5674999999
1,0,10,185945.34999999963,672815.7400000002,0,0.0,35.67220302083334,2324,0,0,0,0,1,0,0,0,0,0,0,0,0.0,1.0,1,0,10,185861.98000000045,672598.8100000005,0,0.0,35.71386869212963,2324,0,0,0,0,1,0,0,0,0,0,0,0,0.0,1.0,1,0,10,185945.34999999963,672815.7400000002,0,0.0,35.71386940972222,2324,0,0,0,0,1,0,0,0,0,0,0,0,0.0,1.0,1,0,6,185909.0499999998,672709.9700000007,0,0.0,35.71386951388889,2324,0,0,0,0,1,0,0,0,0,0,0,0,0.0,1.0,0,0,0,1,0,0,0,0,0,0,0,0,0,0,0,0,0,1,0,0,0,0,1,0,0,0,0,0,0,0,0,0,0,0,0,0,0,0,0,0,1,0,0,0,0,1,0,0,0,0,0,0,0,0,0,0,0,0,0,0,0,0,0,0,1,0,0,0,1,0,0,0,0,0,0,0,0,0,0,0,0,0,0,0,0,0,0,0,1,0,0,2,0,0,0,0,0,0,0,0,0,1.3881010805501788,1.0,2.361229627067873,1.0,1.3881010805501788,1.0,0.4177342325814215,1.0,185915.43249999988,672735.0650000004
1,0,10,187498.5599999996,659374.9499999993,0,0.0,86.29376756944444,787,0,0,0,0,0,0,0,0,0,1,0,0,0.0,1.0,1,0,10,187498.5599999996,659374.9499999993,0,0.0,86.29376756944444,787,0,0,0,0,0,0,0,0,0,1,0,0,0.0,1.0,1,0,10,187498.5599999996,659374.9499999993,0,0.0,86.29376756944444,787,0,0,0,0,0,0,0,0,0,1,0,0,0.0,1.0,1,0,10,186004.1399999997,659312.2799999993,0,0.0,41.25804997685185,787,0,0,0,0,0,0,0,0,0,1,0,0,0.0,1.0,0,0,0,1,0,0,0,0,0,0,0,0,0,0,0,0,0,1,0,0,0,0,1,0,0,0,0,0,0,0,0,0,0,0,0,0,0,0,0,0,1,0,0,0,0,1,0,0,0,0,0,0,0,0,0,0,0,0,0,0,0,0,0,0,1,0,0,0,1,0,0,0,0,0,0,0,0,0,0,0,0,0,0,0,0,0,0,0,1,0,0,3,0,0,0,0,0,0,0,0,0,1.109200022581401,1.0,1.109200022581401,1.0,1.109200022581401,1.0,3.3276000677441178,0.0,249499.93999999948,879145.709999999
2,0,10,179225.83999999985,663041.8200000003,0,0.0,127.12013921296297,785,0,0,0,0,0,0,0,1,0,0,0,0,0.0,1.0,1,0,10,180770.2999999998,661493.5800000001,0,0.0,25.197720277777776,1141,0,0,0,0,0,0,1,0,0,0,0,0,0.0,1.0,2,5,5,179375.15000000037,665059.9399999995,0,17.050533333333334,0.0,1540,0,0,0,0,0,0,0,0,1,0,0,0,1.2246467991473532e-16,-1.0,2,5,5,180849.98000000045,664398.3200000003,0,5.58385,0.0,1540,0,0,0,0,0,0,0,0,1,0,0,0,-0.9335804264972021,0.35836794954529955,1,0,0,1,0,0,0,0,0,0,0,0,0,0,0,0,0,1,0,0,0,0,1,0,0,0,0,0,0,0,0,0,0,0,0,0,0,0,0,0,1,0,0,0,1,0,0,0,0,0,0,0,0,0,0,0,0,0,0,1,0,0,0,0,0,0,0,1,0,0,0,0,0,0,0,0,0,0,0,0,0,0,0,0,0,1,0,0,0,0,0,0,0,0,0,0,0,0,0,0,0,0.8914371705190428,1.0,2.003958896652754,1.0,1.603561731026467,1.0,1.1302968965174678,1.0,180055.31750000012,663498.415
6,5,7,190860.2000000002,667039.6300000008,0,26.001416666666668,0.0,1540,0,0,0,0,0,0,0,0,1,0,0,0,0.15643446504023098,-0.9876883405951377,2,5,5,190231.75999999975,667849.7400000002,0,24.61788333333333,0.0,1540,0,0,0,0,0,0,0,0,1,0,0,0,0.8571673007021123,-0.5150380749100543,1,5,5,190277.66999999995,667629.8900000006,0,19.150916666666667,0.0,1540,0,0,0,0,0,0,0,0,1,0,0,0,0.224951054343865,0.9743700647852352,2,5,6,187601.3700000001,665394.4499999993,0,14.984533333333333,0.0,1540,0,0,0,0,0,0,0,0,1,0,0,0,0.9961946980917455,0.08715574274765814,0,0,1,0,0,0,0,0,0,0,0,0,0,0,0,0,1,0,0,0,0,1,0,0,0,0,0,0,0,0,0,0,0,0,0,0,0,0,1,0,0,0,0,0,1,0,0,0,0,0,0,0,0,0,0,0,0,0,0,1,0,0,0,0,0,0,0,1,0,0,0,0,0,0,0,0,0,0,0,0,0,0,0,1,0,0,0,0,0,0,0,0,0,0,0,0,0,0,0,0,0,1.0072266753113313,1.0,0.8992548359349356,1.0,0.75865413860186,1.0,2.3972282902132602,1.0,189742.75,666978.4275000002
1,0,10,179694.4400000004,665825.2200000007,0,0.0,278.7867923148148,785,0,0,0,0,0,0,0,1,0,0,0,0,0.0,1.0,2,0,10,179084.16000000015,663131.1799999997,0,0.0,156.86371351851852,1141,0,0,0,0,0,0,1,0,0,0,0,0,0.0,1.0,2,5,5,183504.83000000007,669257.4499999993,0,16.41415,0.0,2324,0,0,0,0,1,0,0,0,0,0,0,0,0.90630778703665,-0.42261826174069933,1,5,5,180642.25999999975,665392.4800000004,0,5.6309,0.0,2324,0,0,0,0,1,0,0,0,0,0,0,0,-0.20791169081775907,-0.9781476007338057,1,0,0,1,0,0,0,0,0,0,0,0,0,0,0,0,0,1,0,0,0,0,1,0,0,0,0,0,0,0,0,0,0,0,0,0,0,0,0,0,1,0,0,0,1,0,0,0,0,0,0,0,0,0,0,0,0,0,0,0,0,1,0,0,0,0,0,1,0,0,0,0,0,0,0,0,0,0,0,0,0,0,0,0,0,0,1,0,0,0,0,0,0,0,0,0,0,0,0,0,0,0.5351824105377638,1.0,1.6589551564888132,1.0,2.2407960071184547,1.0,0.26602454057390773,1.0,180731.4225000001,665901.5825
2,0,6,177356.33999999985,661702.3200000003,0,0.0,103.47288763888889,785,0,0,0,0,0,0,0,1,0,0,0,0,0.0,1.0,2,0,6,177356.33999999985,661702.3200000003,0,0.0,103.47288763888889,785,0,0,0,0,0,0,0,1,0,0,0,0,0.0,1.0,2,0,6,180123.75,664122.7300000004,0,1023.0082,0.0,2205,0,0,0,0,1,0,0,0,0,0,0,0,0.0,1.0,2,0,6,180123.75,664122.7300000004,0,1023.0082,0.0,2205,0,0,0,0,1,0,0,0,0,0,0,0,0.0,1.0,1,0,0,1,0,0,0,0,0,0,0,0,0,0,0,0,0,1,0,0,0,0,1,0,0,0,0,0,0,0,0,0,0,0,0,0,0,0,0,0,1,0,0,0,0,1,0,0,0,0,0,0,0,0,0,0,0,0,0,0,0,0,0,0,1,0,0,0,1,0,0,0,0,0,0,0,0,0,0,0,0,0,0,0,0,0,0,0,1,0,0,2,2,0,0,0,0,0,0,0,0,1.4173735778940106,1.0,1.4173735778940106,1.0,1.4173735778940106,1.0,1.4173735778940106,1.0,178740.04499999993,662912.5250000004
1,0,10,180749.91999999995,661572.5,0,0.0,25.579669976851854,1141,0,0,0,0,0,0,1,0,0,0,0,0,0.0,1.0,2,0,6,180142.7000000002,662402.7100000009,0,603.0581,0.0,1540,0,0,0,0,0,0,0,0,1,0,0,0,0.0,1.0,2,0,6,180183.76999999955,662400.3399999999,0,603.0581,0.0,1540,0,0,0,0,0,0,0,0,1,0,0,0,0.0,1.0,2,0,6,180142.7000000002,662402.7100000009,0,603.0581,0.0,1540,0,0,0,0,0,0,0,0,1,0,0,0,0.0,1.0,1,0,0,1,0,0,0,0,0,0,0,0,0,0,0,0,0,1,0,0,0,0,1,0,0,0,0,0,0,0,0,0,0,0,0,0,0,0,0,0,1,0,0,0,0,1,0,0,0,0,0,0,0,0,0,0,0,0,0,0,0,0,0,0,1,0,0,0,1,0,0,0,0,0,0,0,0,0,0,0,0,0,0,0,0,0,0,0,1,0,0,3,0,0,0,0,0,0,0,0,0,2.480714522024404,1.0,0.8555256496329399,1.0,0.7741658216055859,1.0,0.8555256496329399,1.0,180304.77249999996,662194.5650000004
2,5,6,185778.00999999975,667490.2200000007,0,35.674483333333335,0.0,2205,0,0,0,0,1,0,0,0,0,0,0,0,-0.9998476951563913,0.01745240643728313,2,5,6,186094.41000000012,667488.5800000001,0,35.5911,0.0,2205,0,0,0,0,1,0,0,0,0,0,0,0,-0.9998476951563913,-0.017452406437283498,2,5,5,188890.2199999997,666377.2899999991,0,30.391166666666667,0.0,2205,0,0,0,0,1,0,0,0,0,0,0,0,-0.06975647374412483,-0.9975640502598243,2,5,5,185997.83999999985,666654.2599999998,0,1.74135,0.0,2205,0,0,0,0,1,0,0,0,0,0,0,0,-0.9986295347545738,-0.052335956242944306,0,0,1,0,0,0,0,0,0,0,0,0,0,0,0,0,1,0,0,0,0,1,0,0,0,0,0,0,0,0,0,0,0,0,0,0,0,0,1,0,0,0,0,0,1,0,0,0,0,0,0,0,0,0,0,0,0,0,0,0,0,1,0,0,0,0,0,1,0,0,0,0,0,0,0,0,0,0,0,0,0,0,0,1,0,0,0,0,0,0,0,2,0,0,0,0,0,0,0,0,0,1.1673846832738313,1.0,0.8677454409195369,1.0,2.5815906534022908,0.0,0.874709074883182,1.0,248920.1599999998,889336.7833333332
17,0,10,178733.74000000022,662995.6600000001,0,0.0,71.20006317129629,790,0,0,0,0,0,0,0,0,0,0,1,0,0.0,1.0,17,0,10,178733.74000000022,662995.6600000001,0,0.0,71.20006317129629,790,0,0,0,0,0,0,0,0,0,0,1,0,0.0,1.0,17,0,10,178733.74000000022,662995.6600000001,0,0.0,71.20006317129629,790,0,0,0,0,0,0,0,0,0,0,1,0,0.0,1.0,1,0,6,179494.9299999997,663510.6500000004,0,1023.0076333333334,0.0,2205,0,0,0,0,1,0,0,0,0,0,0,0,0.0,1.0,1,0,0,1,0,0,0,0,0,0,0,0,0,0,0,0,0,1,0,0,0,0,1,0,0,0,0,0,0,0,0,0,0,0,0,0,0,0,0,0,1,0,0,0,0,1,0,0,0,0,0,0,0,0,0,0,0,0,0,0,0,0,0,0,1,0,0,0,1,0,0,0,0,0,0,0,0,0,0,0,0,0,0,0,0,0,0,0,1,0,0,3,0,0,0,0,0,0,0,0,0,0.8315519351227061,1.0,0.8315519351227061,1.0,0.8315519351227061,1.0,2.4946558053681187,1.0,178924.0375000001,663124.4075000002
2,0,10,186255.74000000025,659726.9600000009,0,0.0,132.88602525462963,790,0,0,0,0,0,0,0,0,0,0,1,0,0.0,1.0,2,0,8,186255.74000000025,659726.9600000009,0,0.0,132.88602527777778,790,0,0,0,0,0,0,0,0,0,0,1,0,0.0,1.0,1,0,6,187286.83999999985,659459.1400000006,0,0.0,1.9951689467592593,787,0,0,0,0,0,0,0,0,0,1,0,0,0.0,1.0,2,0,6,186323.24000000025,660235.4700000007,0,634.3428333333334,0.0,2324,0,0,0,0,1,0,0,0,0,0,0,0,0.0,1.0,0,0,0,1,0,0,0,0,0,0,0,0,0,0,0,0,0,1,0,0,0,0,1,0,0,0,0,0,0,0,0,0,0,0,0,0,0,0,0,0,1,0,0,0,0,1,0,0,0,0,0,0,0,0,0,0,0,0,0,0,0,0,0,0,1,0,0,0,1,0,0,0,0,0,0,0,0,0,0,0,0,0,0,0,0,0,0,0,1,0,0,2,0,0,0,0,0,0,0,0,0,0.7825361132928688,1.0,0.7825361132928688,1.0,2.2947397809259575,1.0,1.374566783691702,1.0,186530.39000000013,659787.1325000008
2,0,10,179107.7000000002,663112.9000000004,0,0.0,103.43947291666667,2205,0,0,0,0,1,0,0,0,0,0,0,0,0.0,1.0,2,0,10,177386.4299999997,662058.9399999995,0,0.0,100.44983170138889,2205,0,0,0,0,1,0,0,0,0,0,0,0,0.0,1.0,1,0,6,180774.2199999997,661479.4800000004,0,434.65768333333335,0.0,1141,0,0,0,0,0,0,1,0,0,0,0,0,0.0,1.0,2,5,8,178529.15000000037,666038.6600000001,0,30.057683333333333,0.0,787,0,0,0,0,0,0,0,0,0,1,0,0,0.4694715627858908,0.882947592858927,1,0,0,1,0,0,0,0,0,0,0,0,0,0,0,0,0,1,0,0,0,0,1,0,0,0,0,0,0,0,0,0,0,0,0,0,0,0,0,0,1,0,0,0,0,1,0,0,0,0,0,0,0,0,0,0,0,0,0,0,0,0,0,0,1,0,0,1,0,0,0,0,0,0,0,0,0,0,0,0,0,0,0,0,0,0,1,0,0,0,0,0,0,0,0,0,0,0,0,0,0,0.11363305482565819,1.0,1.2890548927675702,1.0,1.6720548722003403,1.0,1.9458161358013344,1.0,178949.375,663172.4950000001
2,5,10,188038.91999999995,668805.7200000007,0,26.916616666666666,0.0,2324,0,0,0,0,1,0,0,0,0,0,0,0,-0.8987940462991668,-0.43837114678907774,2,5,6,189269.9299999997,664473.5,0,25.233266666666665,0.0,2324,0,0,0,0,1,0,0,0,0,0,0,0,-0.3907311284892747,0.9205048534524399,1,5,5,187359.3700000001,665329.5999999996,0,5.7496,0.0,2324,0,0,0,0,1,0,0,0,0,0,0,0,0.25881904510252074,0.9659258262890683,2,5,5,188821.49000000025,665841.5,0,1.5499166666666666,0.0,2324,0,0,0,0,1,0,0,0,0,0,0,0,-0.9925461516413221,-0.12186934340514717,0,0,1,0,0,0,0,0,0,0,0,0,0,1,0,0,0,0,0,0,0,1,0,0,0,0,0,0,0,0,0,0,0,0,0,0,0,0,1,0,0,0,0,0,1,0,0,0,0,0,0,0,0,0,0,0,0,0,0,1,0,0,0,0,0,0,0,1,0,0,0,0,0,0,0,0,0,0,0,0,0,0,0,1,0,0,0,0,0,0,0,0,0,0,0,0,0,0,0,0,0,2.2976880637889354,1.0,1.5822326740667008,1.0,1.0840824803432731,1.0,0.4441252178887777,1.0,188372.4275,666112.5800000001
2,5,5,187604.8899999997,666972.6500000004,0,11.447616666666667,0.0,1366,0,0,0,0,0,0,0,0,1,0,0,0,0.10452846326765346,0.9945218953682733,2,5,5,190243.5499999998,666395.1300000008,0,7.43125,0.0,1366,0,0,0,0,0,0,0,0,1,0,0,0,-0.5150380749100545,0.8571673007021121,1,5,5,187374.96,667729.8000000007,0,7.1978333333333335,0.0,1366,0,0,0,0,0,0,0,0,1,0,0,0,0.6560590289905072,0.754709580222772,2,1,6,187758.09999999963,668671.1600000001,0,4.747433333333333,0.0,1366,0,0,0,0,0,0,0,0,1,0,0,0,-0.8987940462991668,-0.43837114678907774,0,0,1,0,0,0,0,0,0,0,0,0,0,0,1,0,0,0,0,0,0,1,0,0,0,0,0,0,0,0,0,0,0,0,0,1,0,0,0,0,0,0,0,0,1,0,0,0,0,0,0,0,0,0,0,0,0,0,0,1,0,0,0,0,0,0,0,1,0,0,0,0,0,0,0,0,0,0,0,0,0,0,0,0,0,0,1,0,0,0,0,0,0,0,0,0,0,0,0,0,0,0.788401738137737,1.0,2.2395409773951593,1.0,0.9100606506570853,1.0,1.3124704336801836,1.0,188245.37499999977,667442.1850000005
2,0,6,179341.53000000026,663426.5099999998,0,892.9914833333333,0.0,2205,0,0,0,0,1,0,0,0,0,0,0,0,0.0,1.0,1,0,6,179674.59999999963,663477.4800000004,0,892.9915,0.0,2205,0,0,0,0,1,0,0,0,0,0,0,0,0.0,1.0,2,0,6,180142.7000000002,662402.7100000009,0,473.0415,0.0,1540,0,0,0,0,0,0,0,0,1,0,0,0,0.0,1.0,1,5,5,178327.86000000034,663276.1999999993,0,30.5581,0.0,134,0,0,0,0,0,0,0,0,0,0,0,1,0.0,1.0,1,0,0,1,0,0,0,0,0,0,0,0,0,0,0,0,0,1,0,0,0,0,1,0,0,0,0,0,0,0,0,0,0,0,0,0,0,0,0,0,1,0,0,0,0,1,0,0,0,0,0,0,0,0,0,0,0,0,0,0,0,0,0,0,1,0,0,0,1,0,0,0,0,0,0,0,0,0,0,0,0,0,0,0,0,0,0,0,0,1,0,0,0,0,0,0,0,0,0,0,0,0.512621964339731,1.0,0.8155004587717123,1.0,1.9437148712959256,1.0,1.9095202724454996,1.0,179371.6725000001,663145.7250000001
1,5,6,187382.3799999999,666700.6999999993,0,39.6393,0.0,1353,0,0,0,0,0,0,0,1,0,0,0,0,-0.08715574274765794,-0.9961946980917455,2,5,8,187717.8899999997,668064.9499999993,0,24.606366666666666,0.0,1353,0,0,0,0,0,0,0,1,0,0,0,0,-0.3907311284892747,0.9205048534524399,2,5,6,186965.09999999963,665389.4199999999,0,21.522883333333333,0.0,1353,0,0,0,0,0,0,0,1,0,0,0,0,-0.017452406437283192,-0.9998476951563913,1,5,5,187961.78000000023,666262.3699999992,0,2.1725166666666667,0.0,1353,0,0,0,0,0,0,0,1,0,0,0,0,-0.9848077530122081,0.17364817766692997,0,0,1,0,0,0,0,0,0,0,0,0,0,0,0,0,1,0,0,0,0,1,0,0,0,0,0,0,0,0,0,0,0,0,0,1,0,0,0,0,0,0,0,0,1,0,0,0,0,0,0,0,0,0,0,0,0,0,0,0,0,1,0,0,0,0,0,1,0,0,0,0,0,0,0,0,0,0,0,0,0,0,0,1,0,0,0,0,0,0,0,0,0,0,0,0,0,0,0,0,0,0.23472306807114596,1.0,2.2014572386063858,1.0,1.9843504937024148,1.0,0.849079812774605,1.0,187506.78749999986,666604.3599999994
2,5,5,182072.1200000001,663993.2699999996,0,19.098716666666668,0.0,860,0,0,0,1,0,0,0,0,0,0,0,0,0.01745240643728351,0.9998476951563913,2,5,7,182963.01999999955,663462.8300000001,0,17.43235,0.0,860,0,0,0,1,0,0,0,0,0,0,0,0,-0.8386705679454243,0.5446390350150266,2,5,5,181630.25999999975,663730.3499999996,0,17.547316666666667,0.0,2324,0,0,0,0,1,0,0,0,0,0,0,0,-0.9945218953682734,-0.10452846326765336,2,5,5,182084.98000000045,665132.5299999993,0,3.0804,0.0,2324,0,0,0,0,1,0,0,0,0,0,0,0,-0.9743700647852351,-0.22495105434386525,0,0,1,0,0,0,0,0,0,0,0,0,0,1,0,0,0,0,0,0,0,1,0,0,0,0,0,0,0,0,0,0,0,0,0,0,0,0,1,0,0,0,0,0,1,0,0,0,0,0,0,0,0,0,0,0,0,0,0,0,0,0,1,0,0,0,0,1,0,0,0,0,0,0,0,0,0,0,0,0,0,0,0,1,0,0,0,0,0,0,0,2,0,0,0,0,0,0,0,0,0,0.25766752912075797,1.0,1.7698039555220513,1.0,1.1748749061858588,1.0,1.8892591574452582,1.0,182187.59499999997,664079.7449999996
2,0,10,179177.2000000002,662945.9700000007,0,0.0,161.8763380439815,1141,0,0,0,0,0,0,1,0,0,0,0,0,0.0,1.0,2,0,10,177386.4299999997,662058.9399999995,0,0.0,107.03316675925926,2205,0,0,0,0,1,0,0,0,0,0,0,0,0.0,1.0,1,0,7,180759.6799999997,661531.8699999992,0,0.0,31.906048657407407,1141,0,0,0,0,0,0,1,0,0,0,0,0,0.0,1.0,2,5,6,180731.71,666966.9299999997,0,7.926733333333333,0.0,2205,0,0,0,0,1,0,0,0,0,0,0,0,0.22495105434386478,-0.9743700647852352,1,0,0,1,0,0,0,0,0,0,0,0,0,0,0,0,0,1,0,0,0,0,1,0,0,0,0,0,0,0,0,0,0,0,0,0,0,0,0,0,1,0,0,0,0,1,0,0,0,0,0,0,0,0,0,0,0,0,0,0,0,0,0,0,1,0,0,1,0,0,0,0,0,0,0,0,0,0,0,0,0,0,0,0,0,1,0,0,0,0,0,0,0,0,0,0,0,0,0,0,0,0.31031460087123053,1.0,1.4219470893617707,1.0,1.2648125557562337,1.0,2.1550502543286614,1.0,179513.7549999999,663375.9274999998
1,0,10,182134.7000000002,666640.9199999999,0,0.0,47.44427445601852,1353,0,0,0,0,0,0,0,1,0,0,0,0,0.0,1.0,1,0,10,182281.0499999998,666002.6300000008,0,0.0,42.66399685185185,2205,0,0,0,0,1,0,0,0,0,0,0,0,0.0,1.0,2,0,6,185531.2199999997,663934.3900000006,0,953.00505,0.0,1295,0,0,0,0,0,1,0,0,0,0,0,0,0.0,1.0,2,0,6,185535.0700000003,664068.2300000004,0,953.0053166666667,0.0,1295,0,0,0,0,0,1,0,0,0,0,0,0,0.0,1.0,0,0,0,1,0,0,0,0,0,0,0,0,0,0,0,0,0,1,0,0,0,0,1,0,0,0,0,0,0,0,0,0,0,0,0,0,0,0,0,0,1,0,0,0,0,1,0,0,0,0,0,0,0,0,0,0,0,0,0,0,0,0,0,0,1,0,0,0,1,0,0,0,0,0,0,0,0,0,0,0,0,0,0,0,0,0,0,0,1,0,0,2,0,0,0,0,0,0,0,0,0,1.6025366120413391,1.0,1.2635634767270425,1.0,1.4509125793580293,1.0,1.3993331823073807,1.0,183870.51,665161.5425000004
2,0,6,177356.33999999985,661702.3200000003,0,0.0,103.21593108796296,785,0,0,0,0,0,0,0,1,0,0,0,0,0.0,1.0,17,0,6,178698.5599999996,663005.4399999995,0,0.0,70.94310697916667,790,0,0,0,0,0,0,0,0,0,0,1,0,0.0,1.0,16,0,10,178580.53000000026,663032.5,0,0.0,70.94310703703704,790,0,0,0,0,0,0,0,0,0,0,1,0,0.0,1.0,1,0,6,180770.2999999998,661493.5800000001,0,0.0,25.322713506944446,1141,0,0,0,0,0,0,1,0,0,0,0,0,0.0,1.0,1,0,0,1,0,0,0,0,0,0,0,0,0,0,0,0,0,1,0,0,0,0,1,0,0,0,0,0,0,0,0,0,0,0,0,0,0,0,0,0,1,0,0,0,0,1,0,0,0,0,0,0,0,0,0,0,0,0,0,0,0,0,0,0,1,0,0,0,1,0,0,0,0,0,0,0,0,0,0,0,0,0,0,0,0,0,0,0,1,0,0,2,0,0,0,0,0,0,0,0,0,1.6626884886052096,1.0,0.7353965341670928,1.0,0.7967306889827312,1.0,2.1485584816932746,1.0,178851.43249999988,662308.46
1,0,10,179748.33000000007,666135.5099999998,0,0.0,182.45349615740741,395,0,0,0,1,0,0,0,0,0,0,0,0,0.0,1.0,2,0,10,177395.46999999974,662145.5199999996,0,0.0,100.32394751157408,2205,0,0,0,0,1,0,0,0,0,0,0,0,0.0,1.0,17,0,10,178626.95999999996,663024.7799999993,0,0.0,70.81811424768519,790,0,0,0,0,0,0,0,0,0,0,1,0,0.0,1.0,1,0,10,180468.24000000025,661860.9900000002,0,0.0,12.156135023148147,649,0,0,0,0,0,0,1,0,0,0,0,0,0.0,1.0,1,0,0,1,0,0,0,0,0,0,0,0,0,0,0,0,0,1,0,0,0,0,1,0,0,0,0,0,0,0,0,0,0,0,0,0,0,0,0,0,1,0,0,0,0,1,0,0,0,0,0,0,0,0,0,0,0,0,0,0,0,0,0,0,1,0,0,0,1,0,0,0,0,0,0,0,0,0,0,0,0,0,0,0,0,0,0,0,1,0,0,0,0,0,0,0,0,0,0,0,0,2.0457759753093137,1.0,1.4128791702823924,1.0,0.35551745084879033,1.0,1.4037185061622475,1.0,179059.75,663291.6999999997
2,0,10,179107.7000000002,663112.9000000004,0,0.0,103.18947280092593,2205,0,0,0,0,1,0,0,0,0,0,0,0,0.0,1.0,2,0,10,177419.7000000002,662364.0999999996,0,0.0,100.19983162037038,2205,0,0,0,0,1,0,0,0,0,0,0,0,0.0,1.0,2,0,6,177412.58000000007,662309.3499999996,0,0.0,100.19983162037038,2205,0,0,0,0,1,0,0,0,0,0,0,0,0.0,1.0,2,5,5,179031.6299999999,664765.7100000009,0,13.09085,0.0,649,0,0,0,0,0,0,1,0,0,0,0,0,0.5150380749100542,0.8571673007021123,1,0,0,1,0,0,0,0,0,0,0,0,0,0,0,0,0,1,0,0,0,0,1,0,0,0,0,0,0,0,0,0,0,0,0,0,0,0,0,0,1,0,0,0,0,1,0,0,0,0,0,0,0,0,0,0,0,0,0,0,0,0,0,0,1,0,0,1,0,0,0,0,0,0,0,0,0,0,0,0,0,0,0,0,1,0,0,0,0,0,0,2,0,0,0,0,0,0,0,0,0,0.951183569475728,1.0,1.242211145982414,1.0,1.289719245517985,1.0,1.988561930299182,1.0,178242.90250000008,663138.0150000001
1,0,10,187498.5599999996,659374.9499999993,0,0.0,85.703476875,787,0,0,0,0,0,0,0,0,0,1,0,0,0.0,1.0,1,0,10,187663.8200000003,659810.7899999991,0,0.0,83.87013202546296,1353,0,0,0,0,0,0,0,1,0,0,0,0,0.0,1.0,1,0,10,186004.1399999997,659312.2799999993,0,0.0,40.66775928240741,787,0,0,0,0,0,0,0,0,0,1,0,0,0.0,1.0,1,0,6,187269.54000000004,659426.4900000002,0,0.0,1.7034999652777778,787,0,0,0,0,0,0,0,0,0,1,0,0,0.0,1.0,0,0,0,1,0,0,0,0,0,0,0,0,0,0,0,0,0,1,0,0,0,0,1,0,0,0,0,0,0,0,0,0,0,0,0,0,0,0,0,0,1,0,0,0,0,1,0,0,0,0,0,0,0,0,0,0,0,0,0,0,0,0,0,0,1,0,0,0,1,0,0,0,0,0,0,0,0,0,0,0,0,0,0,0,0,0,0,0,1,0,0,0,0,0,0,0,0,0,0,0,0,0.9526330101096195,1.0,1.5226733072413154,1.0,2.6371368532914454,0.0,0.40008489584216556,1.0,249478.68666666653,879308.1699999993
2,0,6,166600.8099999996,634100.1199999992,0,892.99035,0.0,2205,0,0,0,0,1,0,0,0,0,0,0,0,0.0,1.0,2,0,6,166706.13999999966,633958.7799999993,0,892.9909666666666,0.0,2205,0,0,0,0,1,0,0,0,0,0,0,0,0.0,1.0,2,0,6,166921.78000000026,633662.3200000003,0,892.9913333333334,0.0,2205,0,0,0,0,1,0,0,0,0,0,0,0,0.0,1.0,2,0,6,166776.03000000026,633865.5899999999,0,892.9915333333333,0.0,2205,0,0,0,0,1,0,0,0,0,0,0,0,0.0,1.0,0,0,0,1,0,0,0,0,0,0,0,0,0,0,0,0,0,1,0,0,0,0,1,0,0,0,0,0,0,0,0,0,0,0,0,0,0,0,0,0,1,0,0,0,0,1,0,0,0,0,0,0,0,0,0,0,0,0,0,0,0,0,0,0,1,0,0,0,1,0,0,0,0,0,0,0,0,0,0,0,0,0,0,0,0,0,0,0,1,0,0,4,0,0,0,0,0,0,0,0,0,1.8358495408982995,1.0,0.5566410704408558,1.0,2.1037997744799,1.0,0.28892684659756535,1.0,166751.18999999994,633896.7024999997
1,0,10,183720.41000000012,666760.4499999993,0,0.0,106.42015537037037,2205,0,0,0,0,1,0,0,0,0,0,0,0,0.0,1.0,2,5,5,183999.2199999997,667370.1899999995,0,29.710933333333333,0.0,738,0,0,0,0,0,0,0,0,0,1,0,0,-0.9455185755993168,-0.32556815445715664,2,5,7,184077.41000000012,667381.2100000009,0,15.774566666666667,0.0,787,0,0,0,0,0,0,0,0,0,1,0,0,0.9396926207859083,0.3420201433256688,1,5,6,184043.36000000036,666139.9000000004,0,15.357316666666666,0.0,787,0,0,0,0,0,0,0,0,0,1,0,0,-0.8090169943749476,0.5877852522924729,0,0,0,1,0,0,0,0,0,0,0,0,0,0,0,0,0,1,0,0,0,1,0,0,0,0,0,0,0,0,0,0,0,0,0,0,0,0,1,0,0,0,0,0,1,0,0,0,0,0,0,0,0,0,0,0,0,0,0,1,0,0,0,0,0,0,0,1,0,0,0,0,0,0,0,0,0,0,0,0,0,0,0,1,0,0,0,0,0,0,0,2,0,0,0,0,0,0,0,0,0,0.8697077140214978,1.0,1.4049673518845827,1.0,1.4778911955695753,1.0,2.3802992465970587,1.0,183960.10000000006,666912.9375
1,0,10,186162.73000000045,664161.8900000006,0,0.0,20.205897881944445,1141,0,0,0,0,0,0,1,0,0,0,0,0,0.0,1.0,2,5,5,185690.78000000023,664696.8399999999,0,1.3236833333333333,0.0,1295,0,0,0,0,0,1,0,0,0,0,0,0,-0.8191520442889918,0.573576436351046,2,5,10,185741.34999999963,663770.9199999999,0,58.696933333333334,0.0,860,0,0,0,1,0,0,0,0,0,0,0,0,-0.848048096156426,-0.529919264233205,2,5,6,186056.59999999963,664507.2699999996,0,25.946933333333334,0.0,2324,0,0,0,0,1,0,0,0,0,0,0,0,-0.8829475928589271,0.4694715627858904,0,0,0,1,0,0,0,0,0,0,0,0,0,0,0,0,0,1,0,0,0,1,0,0,0,0,0,0,0,0,0,0,0,0,0,0,0,0,1,0,0,0,0,0,1,0,0,0,0,0,0,0,0,0,0,0,0,0,0,0,0,0,1,0,0,0,0,1,0,0,0,0,0,0,0,0,0,0,0,0,0,0,0,0,1,0,0,0,0,0,0,2,0,0,0,0,0,0,0,0,0,1.004096387415203,1.0,1.6911858555413737,1.0,1.9533007812948535,1.0,0.9576630358137307,1.0,185912.865,664284.23
2,0,6,177395.46999999974,662145.5199999996,0,0.0,100.61651016203703,2205,0,0,0,0,1,0,0,0,0,0,0,0,0.0,1.0,2,0,10,179116.7000000002,665979.1099999994,0,0.0,96.51103564814815,1000,0,0,0,0,0,1,0,0,0,0,0,0,0.0,1.0,2,0,10,178547.0,665523.4900000002,0,0.0,56.32847775462963,1540,0,0,0,0,0,0,0,0,1,0,0,0,0.0,1.0,2,0,6,179614.96999999974,662548.9800000004,0,473.04128333333335,0.0,1540,0,0,0,0,0,0,0,0,1,0,0,0,0.0,1.0,1,0,0,1,0,0,0,0,0,0,0,0,0,0,0,0,0,1,0,0,0,0,1,0,0,0,0,0,0,0,0,0,0,0,0,0,0,0,0,0,1,0,0,0,0,1,0,0,0,0,0,0,0,0,0,0,0,0,0,0,0,0,0,0,1,0,0,0,1,0,0,0,0,0,0,0,0,0,0,0,0,0,0,0,0,0,0,0,1,0,0,0,0,0,0,0,0,0,0,0,0,1.8018688576976563,1.0,1.5587538998814305,1.0,1.16381250863438,1.0,1.395641280144529,1.0,178668.53499999992,664049.2749999999
2,0,6,175876.00999999978,658912.0899999999,0,0.0,2.4187898726851853,1540,0,0,0,0,0,0,0,0,1,0,0,0,0.0,1.0,2,0,6,176533.04000000004,658207.4299999997,0,963.0245166666666,0.0,1295,0,0,0,0,0,1,0,0,0,0,0,0,0.0,1.0,2,0,6,176533.04000000004,658207.4299999997,0,963.0245166666666,0.0,1295,0,0,0,0,0,1,0,0,0,0,0,0,0.0,1.0,2,0,6,176533.04000000004,658207.4299999997,0,963.0245166666666,0.0,1295,0,0,0,0,0,1,0,0,0,0,0,0,0.0,1.0,0,0,0,1,0,0,0,0,0,0,0,0,0,0,0,0,0,1,0,0,0,0,1,0,0,0,0,0,0,0,0,0,0,0,0,0,0,0,0,0,1,0,0,0,0,1,0,0,0,0,0,0,0,0,0,0,0,0,0,0,0,0,0,0,1,0,0,0,1,0,0,0,0,0,0,0,0,0,0,0,0,0,0,0,0,0,0,0,1,0,0,3,0,0,0,0,0,0,0,0,0,2.45098776245749,1.0,0.8169959208191634,1.0,0.8169959208191634,1.0,0.8169959208191634,1.0,176368.78249999997,658383.5949999997
1,0,10,182134.7000000002,666640.9199999999,0,0.0,53.860944189814816,1353,0,0,0,0,0,0,0,1,0,0,0,0,0.0,1.0,1,0,10,182281.0499999998,666002.6300000008,0,0.0,49.08066653935185,2205,0,0,0,0,1,0,0,0,0,0,0,0,0.0,1.0,1,0,10,182329.61000000036,665960.5199999996,0,0.0,49.12233192129629,2205,0,0,0,0,1,0,0,0,0,0,0,0,0.0,1.0,2,5,5,184620.1299999999,662398.2100000009,0,30.692783333333335,0.0,1000,0,0,0,0,0,1,0,0,0,0,0,0,0.6156614753256584,-0.7880107536067219,0,0,0,1,0,0,0,0,0,0,0,0,0,0,0,0,0,1,0,0,0,0,1,0,0,0,0,0,0,0,0,0,0,0,0,0,0,0,0,0,1,0,0,0,0,1,0,0,0,0,0,0,0,0,0,0,0,0,0,0,0,0,0,0,1,0,0,1,0,0,0,0,0,0,0,0,0,0,0,0,0,0,0,0,1,0,0,0,0,0,0,2,0,0,0,0,0,0,0,0,0,1.1560552877346926,1.0,0.6951643037188342,1.0,0.6487096035743457,1.0,2.4916888882338424,1.0,182841.37250000006,665250.5700000003
2,0,10,178618.1799999997,665686.4600000009,0,0.0,53.91180836805555,1540,0,0,0,0,0,0,0,0,1,0,0,0,0.0,1.0,1,0,6,179719.23000000045,665936.1300000008,0,0.0,10.870164849537037,1366,0,0,0,0,0,0,0,0,1,0,0,0,0.0,1.0,2,5,5,180387.5,666662.2799999993,0,9.337316666666666,0.0,649,0,0,0,0,0,0,1,0,0,0,0,0,-0.034899496702500823,0.9993908270190958,2,5,5,178352.25999999978,661813.4399999995,0,7.203983333333333,0.0,649,0,0,0,0,0,0,1,0,0,0,0,0,0.01745240643728351,0.9998476951563913,1,0,0,1,0,0,0,0,0,0,0,0,0,0,0,0,0,1,0,0,0,0,1,0,0,0,0,0,0,0,0,0,0,0,0,0,0,0,0,0,1,0,0,0,1,0,0,0,0,0,0,0,0,0,0,0,0,0,0,0,0,0,1,0,0,0,0,1,0,0,0,0,0,0,0,0,0,0,0,0,0,0,0,0,0,0,1,0,0,0,0,0,0,0,0,0,0,0,0,0,0,0.6845622879212704,1.0,0.7495119665023354,1.0,1.4621175989963697,1.0,2.462257863780041,1.0,179269.29249999998,665024.5775000001
2,5,5,191233.4000000004,677065.5099999998,0,19.499033333333333,0.0,860,0,0,0,1,0,0,0,0,0,0,0,0,-0.9702957262759966,0.24192189559966742,2,4,5,192020.25,675480.9900000002,0,12.981283333333334,0.0,860,0,0,0,1,0,0,0,0,0,0,0,0,-0.22495105434386498,-0.9743700647852352,1,5,5,191399.1799999997,675248.5800000001,0,12.748716666666667,0.0,860,0,0,0,1,0,0,0,0,0,0,0,0,0.29237170472273677,0.9563047559630354,2,5,5,191011.53000000023,676028.7400000002,0,7.5482,0.0,860,0,0,0,1,0,0,0,0,0,0,0,0,-0.2419218955996675,-0.9702957262759965,0,0,1,0,0,0,0,0,0,0,0,0,0,0,1,0,0,0,0,0,0,1,0,0,0,0,0,0,0,0,0,0,0,0,0,0,0,0,1,0,0,0,0,0,1,0,0,0,0,0,0,0,0,0,0,0,0,0,0,0,0,0,1,0,0,0,0,1,0,0,0,0,0,0,0,0,0,0,0,0,0,0,0,0,0,0,1,0,0,0,0,0,0,0,0,0,0,0,0,0,0,2.0913598587414097,1.0,1.4292840032368674,1.0,1.3159675678892675,1.0,0.7644897426446867,1.0,191416.09000000008,675955.9550000001
2,0,6,186214.3899999997,659530.0600000005,0,0.0,131.55271465277778,790,0,0,0,0,0,0,0,0,0,0,1,0,0.0,1.0,2,0,10,186260.91999999995,659751.1099999994,0,0.0,131.55269153935185,790,0,0,0,0,0,0,0,0,0,0,1,0,0.0,1.0,1,0,10,187422.34999999963,659473.8200000003,0,0.0,127.66182342592593,787,0,0,0,0,0,0,0,0,0,1,0,0,0.0,1.0,20,0,6,187249.4699999997,659502.8599999994,0,1013.0366333333334,0.0,787,0,0,0,0,0,0,0,0,0,1,0,0,0.0,1.0,0,0,0,1,0,0,0,0,0,0,0,0,0,0,0,0,0,1,0,0,0,0,1,0,0,0,0,0,0,0,0,0,0,0,0,0,0,0,0,0,1,0,0,0,0,1,0,0,0,0,0,0,0,0,0,0,0,0,0,0,0,0,0,0,1,0,0,0,1,0,0,0,0,0,0,0,0,0,0,0,0,0,0,0,0,0,0,0,1,0,0,2,0,0,0,0,0,0,0,0,0,1.7315024746774446,1.0,1.6849368436919683,1.0,1.9385643043074607,1.0,1.4094493427597057,1.0,186786.78249999974,659564.4624999999
2,0,6,177412.58000000007,662309.3499999996,0,0.0,100.44983175925925,2205,0,0,0,0,1,0,0,0,0,0,0,0,0.0,1.0,2,0,7,177349.91999999993,661773.3100000005,0,0.0,100.44983175925925,2205,0,0,0,0,1,0,0,0,0,0,0,0,0.0,1.0,2,0,10,179116.7000000002,665979.1099999994,0,0.0,57.322308622685185,1141,0,0,0,0,0,0,1,0,0,0,0,0,0.0,1.0,1,0,10,179116.38999999966,665972.2300000004,0,0.0,56.41315353009259,2205,0,0,0,0,1,0,0,0,0,0,0,0,0.0,1.0,1,0,0,1,0,0,0,0,0,0,0,0,0,0,0,0,0,1,0,0,0,0,1,0,0,0,0,0,0,0,0,0,0,0,0,0,0,0,0,0,1,0,0,0,0,1,0,0,0,0,0,0,0,0,0,0,0,0,0,0,0,0,0,0,1,0,0,0,1,0,0,0,0,0,0,0,0,0,0,0,0,0,0,0,0,0,0,0,1,0,0,2,0,0,0,0,0,0,0,0,0,1.331698934091365,1.0,1.6941070212999603,1.0,1.5141123322884418,1.0,1.5095978996551285,1.0,178248.89749999996,664008.5
2,0,10,177363.59999999963,661768.3800000008,0,0.0,109.92426541666667,785,0,0,0,0,0,0,0,1,0,0,0,0,0.0,1.0,16,0,10,178580.53000000026,663032.5,0,0.0,77.65144131944444,790,0,0,0,0,0,0,0,0,0,0,1,0,0.0,1.0,1,0,6,180770.2999999998,661493.5800000001,0,0.0,32.03104778935185,1141,0,0,0,0,0,0,1,0,0,0,0,0,0.0,1.0,2,5,5,182040.6200000001,669681.1699999999,0,5.925533333333333,0.0,1141,0,0,0,0,0,0,1,0,0,0,0,0,0.9335804264972017,-0.35836794954530027,1,0,0,1,0,0,0,0,0,0,0,0,0,0,0,0,0,1,0,0,0,0,1,0,0,0,0,0,0,0,0,0,0,0,0,0,0,0,0,0,1,0,0,0,0,1,0,0,0,0,0,0,0,0,0,0,0,0,0,0,0,0,0,0,1,0,0,1,0,0,0,0,0,0,0,0,0,0,0,0,0,0,0,0,1,0,0,0,0,0,0,0,0,0,0,0,0,0,0,0,0,1.24743813286044,1.0,0.5686206462002451,1.0,1.0558311514791152,1.0,2.3852605626047674,1.0,179688.76249999995,663993.9075000002
2,0,10,179182.24000000022,665961.1099999994,0,0.0,63.86398163194445,1141,0,0,0,0,0,0,1,0,0,0,0,0,0.0,1.0,1,0,9,180789.41999999995,661429.6300000008,0,0.0,6.8435301620370375,1141,0,0,0,0,0,0,1,0,0,0,0,0,0.0,1.0,2,4,5,181544.86000000036,663415.0700000003,0,28.883466666666667,0.0,2324,0,0,0,0,1,0,0,0,0,0,0,0,-0.9961946980917455,0.08715574274765789,2,5,5,179339.7000000002,663921.7599999998,0,11.43345,0.0,2324,0,0,0,0,1,0,0,0,0,0,0,0,0.9455185755993168,-0.3255681544571564,1,0,0,1,0,0,0,0,0,0,0,0,0,0,0,0,0,1,0,0,0,0,1,0,0,0,0,0,0,0,0,0,0,0,0,0,0,0,0,0,1,0,0,0,1,0,0,0,0,0,0,0,0,0,0,0,0,0,0,0,0,0,1,0,0,0,0,1,0,0,0,0,0,0,0,0,0,0,0,0,0,0,0,1,0,0,0,0,0,0,0,0,0,0,0,0,0,0,0,0,0,1.9219270478142818,1.0,1.7857260277349578,1.0,1.0426549590192347,1.0,0.6964863446959831,1.0,180214.05500000017,663681.8925000001
2,0,10,177408.16000000015,662268.3399999999,0,0.0,107.15816662037037,2205,0,0,0,0,1,0,0,0,0,0,0,0,0.0,1.0,1,0,6,180789.41999999995,661429.6300000008,0,0.0,7.010192083333333,1141,0,0,0,0,0,0,1,0,0,0,0,0,0.0,1.0,2,5,5,179477.9299999997,663510.1600000001,0,13.976566666666667,0.0,1141,0,0,0,0,0,0,1,0,0,0,0,0,-0.9563047559630353,-0.2923717047227371,1,5,5,177644.6900000004,662532.5899999999,0,7.80995,0.0,1141,0,0,0,0,0,0,1,0,0,0,0,0,-0.9659258262890682,0.25881904510252113,1,0,0,1,0,0,0,0,0,0,0,0,0,0,0,0,0,1,0,0,0,0,1,0,0,0,0,0,0,0,0,0,0,0,0,0,0,0,0,0,1,0,0,0,1,0,0,0,0,0,0,0,0,0,0,0,0,0,0,1,0,0,0,0,0,0,0,1,0,0,0,0,0,0,0,0,0,0,0,0,0,0,0,0,0,0,1,0,0,0,0,0,0,0,0,0,0,0,0,0,0,1.3452416896459782,1.0,2.069415164132277,1.0,1.1793721980108713,1.0,1.1175753461947044,1.0,178830.05000000005,662435.1800000002
2,5,6,177083.01999999955,659004.3300000001,0,26.530933333333333,0.0,860,0,0,0,1,0,0,0,0,0,0,0,0,0.9993908270190958,-0.03489949670250073,2,5,5,177340.49000000022,658988.8300000001,0,15.331233333333333,0.0,860,0,0,0,1,0,0,0,0,0,0,0,0,1.0,6.123233995736766e-17,2,5,5,176839.91000000015,656670.6300000008,0,7.047016666666667,0.0,860,0,0,0,1,0,0,0,0,0,0,0,0,0.9659258262890683,-0.25881904510252085,2,5,5,176895.11000000034,656673.4199999999,0,2.1976,0.0,860,0,0,0,1,0,0,0,0,0,0,0,0,-0.9612616959383188,0.2756373558169994,0,0,1,0,0,0,0,0,0,0,0,0,0,1,0,0,0,0,0,0,0,1,0,0,0,0,0,0,0,0,0,0,0,0,0,0,0,0,1,0,0,0,0,0,1,0,0,0,0,0,0,0,0,0,0,0,0,0,0,1,0,0,0,0,0,0,0,1,0,0,0,0,0,0,0,0,0,0,0,0,0,0,0,0,0,0,1,0,0,0,0,2,2,0,0,0,0,0,0,0,0,1.7243752967912576,1.0,1.7571477489803933,1.0,1.7388906010882224,1.0,1.7229206283239302,1.0,177039.63250000007,657834.3025000002
2,0,10,179177.2000000002,662945.9700000007,0,0.0,155.08467049768518,1141,0,0,0,0,0,0,1,0,0,0,0,0,0.0,1.0,2,0,10,179075.4500000002,663147.9499999993,0,0.0,103.23114042824074,2205,0,0,0,0,1,0,0,0,0,0,0,0,0.0,1.0,2,0,10,179107.7000000002,663112.9000000004,0,0.0,103.2311404513889,2205,0,0,0,0,1,0,0,0,0,0,0,0,0.0,1.0,2,0,10,177386.4299999997,662058.9399999995,0,0.0,100.24149924768518,2205,0,0,0,0,1,0,0,0,0,0,0,0,0.0,1.0,1,0,0,1,0,0,0,0,0,0,0,0,0,0,0,0,0,1,0,0,0,0,1,0,0,0,0,0,0,0,0,0,0,0,0,0,0,0,0,0,1,0,0,0,0,1,0,0,0,0,0,0,0,0,0,0,0,0,0,0,0,0,0,0,1,0,0,0,1,0,0,0,0,0,0,0,0,0,0,0,0,0,0,0,0,0,0,0,1,0,0,0,0,0,0,0,0,0,0,0,0,0.8486729386061304,1.0,0.8546796584069244,1.0,0.8613729189790909,1.0,2.5173547830368235,0.0,238248.92666666675,883755.2533333333
2,0,7,177403.1200000001,662212.1300000008,0,0.0,107.1581665162037,2205,0,0,0,0,1,0,0,0,0,0,0,0,0.0,1.0,2,0,10,177437.83000000007,662499.7699999996,0,0.0,107.15816653935185,2205,0,0,0,0,1,0,0,0,0,0,0,0,0.0,1.0,2,0,10,179116.7000000002,665979.1099999994,0,0.0,103.0527035763889,1000,0,0,0,0,0,1,0,0,0,0,0,0,0.0,1.0,2,0,10,180344.96,664164.5899999999,0,0.0,16.745122569444444,787,0,0,0,0,0,0,0,0,0,1,0,0,0.0,1.0,1,0,0,1,0,0,0,0,0,0,0,0,0,0,0,0,0,1,0,0,0,0,1,0,0,0,0,0,0,0,0,0,0,0,0,0,0,0,0,0,1,0,0,0,0,1,0,0,0,0,0,0,0,0,0,0,0,0,0,0,0,0,0,0,1,0,0,0,1,0,0,0,0,0,0,0,0,0,0,0,0,0,0,0,0,0,0,0,1,0,0,2,0,0,0,0,0,0,0,0,0,1.3909967374635475,1.0,1.2148036675590044,1.0,1.700279334363934,1.0,1.3329655086480003,1.0,178575.65250000008,663713.8999999999
2,0,10,177363.59999999963,661768.3800000008,0,0.0,102.7992652662037,785,0,0,0,0,0,0,0,1,0,0,0,0,0.0,1.0,2,0,10,178693.75,665885.8900000006,0,0.0,55.74514490740741,1540,0,0,0,0,0,0,0,0,1,0,0,0,0.0,1.0,1,0,6,180770.2999999998,661493.5800000001,0,0.0,24.90604763888889,1141,0,0,0,0,0,0,1,0,0,0,0,0,0.0,1.0,2,5,8,183783.91999999995,670392.8200000003,0,16.42535,0.0,2205,0,0,0,0,1,0,0,0,0,0,0,0,-0.6691306063588582,-0.7431448254773942,1,0,0,1,0,0,0,0,0,0,0,0,0,0,0,0,0,1,0,0,0,0,1,0,0,0,0,0,0,0,0,0,0,0,0,0,0,0,0,0,1,0,0,0,0,1,0,0,0,0,0,0,0,0,0,0,0,0,0,0,0,0,0,0,1,0,0,1,0,0,0,0,0,0,0,0,0,0,0,0,0,0,0,0,0,0,1,0,0,0,0,0,0,0,0,0,0,0,0,0,0,1.3833305309117028,1.0,0.5851736694846675,1.0,1.1401378453304336,1.0,2.1817873824937934,1.0,180152.89249999984,664885.1675000004
17,0,10,178491.23000000045,663020.3100000005,0,0.0,77.65144179398148,790,0,0,0,0,0,0,0,0,0,0,1,0,0.0,1.0,2,0,10,179182.24000000022,665961.1099999994,0,0.0,64.03064306712963,1141,0,0,0,0,0,0,1,0,0,0,0,0,0.0,1.0,2,4,6,179115.61000000034,663463.8499999996,0,18.609516666666668,0.0,1141,0,0,0,0,0,0,1,0,0,0,0,0,0.9702957262759965,-0.24192189559966779,2,5,6,179693.3099999996,662465.5199999996,0,2.3760666666666665,0.0,1141,0,0,0,0,0,0,1,0,0,0,0,0,0.0697564737441253,0.9975640502598242,1,0,0,1,0,0,0,0,0,0,0,0,0,0,0,0,0,1,0,0,0,0,1,0,0,0,0,0,0,0,0,0,0,0,0,0,0,0,0,0,1,0,0,0,1,0,0,0,0,0,0,0,0,0,0,0,0,0,0,0,0,1,0,0,0,0,0,0,0,1,0,0,0,0,0,1,0,0,0,0,0,0,0,0,0,0,0,0,0,0,0,0,0,0,0,0,0,0,0,0,0,1.073704325307059,1.0,2.5336330977007306,0.0,0.2992540175550709,1.0,1.5717500054958429,1.0,238827.46333333352,884970.2633333331
2,0,8,177956.8700000001,658813.6199999992,0,0.0,82.2604671875,1540,0,0,0,0,0,0,0,0,1,0,0,0,0.0,1.0,2,0,6,178296.5599999996,659853.6199999992,0,773.0058666666666,0.0,1295,0,0,0,0,0,1,0,0,0,0,0,0,0.0,1.0,2,0,6,177947.29000000004,658711.3100000005,0,773.0059666666667,0.0,1295,0,0,0,0,0,1,0,0,0,0,0,0,0.0,1.0,2,0,6,177956.8700000001,658813.5099999998,0,773.0060166666667,0.0,1295,0,0,0,0,0,1,0,0,0,0,0,0,0.0,1.0,0,0,0,1,0,0,0,0,0,0,0,0,0,0,0,0,0,1,0,0,0,0,1,0,0,0,0,0,0,0,0,0,0,0,0,0,0,0,0,0,1,0,0,0,0,1,0,0,0,0,0,0,0,0,0,0,0,0,0,0,0,0,0,0,1,0,0,0,1,0,0,0,0,0,0,0,0,0,0,0,0,0,0,0,0,0,0,0,1,0,0,3,0,0,0,0,0,0,0,0,0,0.8074572634333227,1.0,2.7478170619851903,0.0,1.1342654443179652,1.0,0.8077944126498897,1.0,237385.86333333328,878730.6866666662
2,0,6,177412.58000000007,662309.3499999996,0,0.0,100.32483886574074,2205,0,0,0,0,1,0,0,0,0,0,0,0,0.0,1.0,2,5,5,180076.79000000004,662404.0700000003,0,18.234616666666668,0.0,1540,0,0,0,0,0,0,0,0,1,0,0,0,1.0,6.123233995736766e-17,2,5,5,181165.5499999998,661637.9100000001,0,9.01795,0.0,1540,0,0,0,0,0,0,0,0,1,0,0,0,-0.15643446504023073,-0.9876883405951378,2,5,6,181129.99000000025,666116.0999999996,0,8.1846,0.0,1540,0,0,0,0,0,0,0,0,1,0,0,0,0.20791169081775931,0.9781476007338057,1,0,0,1,0,0,0,0,0,0,0,0,0,0,0,0,0,1,0,0,0,1,0,0,0,0,0,0,0,0,0,0,0,0,0,0,0,0,1,0,0,0,0,0,1,0,0,0,0,0,0,0,0,0,0,0,0,0,0,0,0,0,1,0,0,0,0,1,0,0,0,0,0,0,0,0,0,0,0,0,0,0,0,0,0,0,1,0,0,0,0,0,0,0,0,0,0,0,0,0,0,1.619785118011875,1.0,0.44139737804540774,1.0,1.167548863288659,1.0,1.964049004043,1.0,179946.22750000004,663116.8574999999
2,0,10,177334.5,661514.4299999997,0,0.0,101.84094263888889,785,0,0,0,0,0,0,0,1,0,0,0,0,0.0,1.0,2,0,10,177347.7999999998,661625.0600000005,0,0.0,101.84094265046296,785,0,0,0,0,0,0,0,1,0,0,0,0,0.0,1.0,2,0,6,177434.91000000015,662363.7100000009,0,0.0,101.84093104166666,785,0,0,0,0,0,0,0,1,0,0,0,0,0.0,1.0,1,5,5,177885.9299999997,663558.2100000009,0,17.524016666666668,0.0,1295,0,0,0,0,0,1,0,0,0,0,0,0,0.5591929034707469,0.8290375725550417,1,0,0,1,0,0,0,0,0,0,0,0,0,0,0,0,0,1,0,0,0,0,1,0,0,0,0,0,0,0,0,0,0,0,0,0,0,0,0,0,1,0,0,0,0,1,0,0,0,0,0,0,0,0,0,0,0,0,0,0,0,0,0,0,1,0,0,1,0,0,0,0,0,0,0,0,0,0,0,0,0,0,0,0,0,0,1,0,0,0,0,3,0,0,0,0,0,0,0,0,0,1.4785044216700893,1.0,1.2655117243221827,1.0,0.22756680379340727,1.0,2.5932606777355933,0.0,236667.71333333323,883020.4700000007
2,0,10,179100.08999999985,663100.0700000003,0,0.0,158.3370992476852,1141,0,0,0,0,0,0,1,0,0,0,0,0,0.0,1.0,1,0,10,179022.34999999963,665899.0600000005,0,0.0,58.161809884259256,1366,0,0,0,0,0,0,0,0,1,0,0,0,0.0,1.0,1,0,6,179062.41999999993,665885.5,0,0.0,58.16180990740741,1366,0,0,0,0,0,0,0,0,1,0,0,0,0.0,1.0,1,0,10,179115.53000000026,665875.9800000004,0,0.0,56.45483074074074,2205,0,0,0,0,1,0,0,0,0,0,0,0,0.0,1.0,1,0,0,1,0,0,0,0,0,0,0,0,0,0,0,0,0,1,0,0,0,0,1,0,0,0,0,0,0,0,0,0,0,0,0,0,0,0,0,0,1,0,0,0,0,1,0,0,0,0,0,0,0,0,0,0,0,0,0,0,0,0,0,0,1,0,0,0,1,0,0,0,0,0,0,0,0,0,0,0,0,0,0,0,0,0,0,0,1,0,0,2,0,0,0,0,0,0,0,0,0,3.36374218841779,0.0,1.1439754065846564,1.0,1.119186060147406,1.0,1.1055961889849015,1.0,238766.79666666655,886920.2033333337
1,0,10,182329.61000000036,665960.5199999996,0,0.0,42.58066435185185,2205,0,0,0,0,1,0,0,0,0,0,0,0,0.0,1.0,2,0,6,185539.86000000036,663891.3399999999,0,833.0069333333333,0.0,1295,0,0,0,0,0,1,0,0,0,0,0,0,0.0,1.0,2,5,8,185148.0,662016.1899999995,0,17.50675,0.0,134,0,0,0,0,0,0,0,0,0,0,0,1,-0.891006524188368,0.45399049973954664,1,5,5,185024.26999999955,662096.7200000007,0,6.9403,0.0,134,0,0,0,0,0,0,0,0,0,0,0,1,-0.39073112848927355,-0.9205048534524404,0,0,0,1,0,0,0,0,0,0,0,0,0,0,0,0,0,1,0,0,0,0,1,0,0,0,0,0,0,0,0,0,0,0,0,0,0,0,0,0,1,0,0,0,0,0,1,0,0,0,0,0,1,0,0,0,0,0,0,0,0,0,0,0,0,0,0,0,0,1,0,0,0,0,1,0,0,0,0,0,0,0,0,0,0,0,0,0,0,0,0,0,0,0,0,0,0,0,0,0,0,2.2845470530580205,1.0,0.765885808999613,1.0,1.1142997141412874,1.0,1.0305527949262558,1.0,184510.43500000006,663491.1924999999
1,0,10,180135.2000000002,662368.6999999993,0,0.0,107.67569391203703,1353,0,0,0,0,0,0,0,1,0,0,0,0,0.0,1.0,17,0,10,178491.23000000045,663020.3100000005,0,0.0,71.44311289351852,790,0,0,0,0,0,0,0,0,0,0,1,0,0.0,1.0,2,5,5,178685.91000000015,665246.8499999996,0,6.58265,0.0,860,0,0,0,1,0,0,0,0,0,0,0,0,-0.9975640502598243,0.06975647374412522,2,5,5,184194.6399999997,669257.1699999999,0,2.166,0.0,860,0,0,0,1,0,0,0,0,0,0,0,0,-0.01745240643728445,0.9998476951563913,1,0,0,1,0,0,0,0,0,0,0,0,0,0,0,0,0,1,0,0,0,0,1,0,0,0,0,0,0,0,0,0,0,0,0,0,0,0,0,0,1,0,0,0,1,0,0,0,0,0,0,0,0,0,0,0,0,0,0,0,0,0,1,0,0,0,0,1,0,0,0,0,0,0,0,0,0,0,0,0,0,0,0,0,0,0,1,0,0,0,0,0,0,0,0,0,0,0,0,0,0,1.048881161178497,1.0,1.0885340952756295,1.0,0.6868251530915611,1.0,2.301001545717618,1.0,180376.7450000001,664973.2574999998
1,0,10,188285.58999999985,659377.2899999991,0,0.0,158.59106457175926,738,0,0,0,0,0,0,0,0,0,1,0,0,0.0,1.0,1,0,10,188285.58999999985,659377.2899999991,0,0.0,123.53680594907408,170,0,0,0,0,0,0,0,0,0,0,1,0,0.0,1.0,1,0,10,189948.21,659628.6099999994,0,0.0,32.54825200231482,787,0,0,0,0,0,0,0,0,0,1,0,0,0.0,1.0,1,0,9,189608.8799999999,659721.5999999996,0,0.0,12.603263634259259,738,0,0,0,0,0,0,0,0,0,1,0,0,0.0,1.0,0,0,0,1,0,0,0,0,0,0,0,0,0,0,0,0,0,1,0,0,0,0,1,0,0,0,0,0,0,0,0,0,0,0,0,0,0,0,0,0,1,0,0,0,0,1,0,0,0,0,0,0,0,0,0,0,0,0,0,0,0,0,0,0,1,0,0,0,1,0,0,0,0,0,0,0,0,0,0,0,0,0,0,0,0,0,0,0,1,0,0,2,0,0,0,0,0,0,0,0,0,1.6756024370960303,1.0,1.6756024370960303,1.0,2.0292740122178747,1.0,1.3406219347752413,1.0,189032.0674999999,659526.1974999993
1,5,5,184495.1200000001,665403.1999999993,0,31.926083333333334,0.0,738,0,0,0,0,0,0,0,0,0,1,0,0,0.9781476007338057,-0.20791169081775912,1,5,5,185070.4000000004,665606.9499999993,0,22.226483333333334,0.0,738,0,0,0,0,0,0,0,0,0,1,0,0,0.29237170472273705,-0.9563047559630354,1,5,5,184807.0599999996,666431.5399999991,0,7.2759,0.0,738,0,0,0,0,0,0,0,0,0,1,0,0,0.5446390350150269,-0.8386705679454242,1,5,5,184338.83999999985,667503.3100000005,0,2.89355,0.0,738,0,0,0,0,0,0,0,0,0,1,0,0,0.9563047559630354,0.29237170472273677,0,0,1,0,0,0,0,0,0,0,0,0,0,1,0,0,0,0,0,0,1,0,0,0,0,0,1,0,0,0,0,0,0,0,0,0,0,0,0,0,0,0,0,0,1,0,0,0,0,0,0,0,0,0,0,0,0,0,0,0,0,0,1,0,0,0,0,1,0,0,0,0,0,0,0,0,0,0,0,0,0,0,0,0,0,0,1,0,0,0,0,0,0,0,0,0,0,0,0,0,0,1.5378920610274383,1.0,1.3374410100550895,1.0,0.4222477489582928,1.0,2.365162852640739,1.0,184677.85499999998,666236.2499999995
1,0,7,179719.23000000045,665936.1300000008,0,0.0,13.328499421296296,1366,0,0,0,0,0,0,0,0,1,0,0,0,0.0,1.0,2,0,6,178627.33999999985,661095.3599999994,0,952.9891166666666,0.0,2205,0,0,0,0,1,0,0,0,0,0,0,0,0.0,1.0,2,0,6,180123.75,664122.7300000004,0,952.98915,0.0,2205,0,0,0,0,1,0,0,0,0,0,0,0,0.0,1.0,2,0,6,180282.23000000045,662389.2100000009,0,533.0391666666667,0.0,1540,0,0,0,0,0,0,0,0,1,0,0,0,0.0,1.0,1,0,0,1,0,0,0,0,0,0,0,0,0,0,0,0,0,1,0,0,0,0,1,0,0,0,0,0,0,0,0,0,0,0,0,0,0,0,0,0,1,0,0,0,0,1,0,0,0,0,0,0,0,0,0,0,0,0,0,0,0,0,0,0,1,0,0,0,1,0,0,0,0,0,0,0,0,0,0,0,0,0,0,0,0,0,0,0,1,0,0,0,0,0,0,0,0,0,0,0,0,2.066424743631549,1.0,2.045160390933902,1.0,0.6935463381336877,1.0,0.9400780968939009,1.0,179688.1375000002,663385.8575000004
2,0,10,179211.83999999985,663036.8800000008,0,0.0,158.00376583333335,1141,0,0,0,0,0,0,1,0,0,0,0,0,0.0,1.0,2,0,10,178747.04000000004,666085.1899999995,0,0.0,96.05268944444444,1000,0,0,0,0,0,1,0,0,0,0,0,0,0.0,1.0,2,0,10,178578.91999999993,665596.5600000005,0,0.0,55.87014313657407,1540,0,0,0,0,0,0,0,0,1,0,0,0,0.0,1.0,1,0,10,182658.25999999975,669383.8599999994,0,0.0,47.814321400462966,1366,0,0,0,0,0,0,0,0,1,0,0,0,0.0,1.0,1,0,0,1,0,0,0,0,0,0,0,0,0,0,0,0,0,1,0,0,0,0,1,0,0,0,0,0,0,0,0,0,0,0,0,0,0,0,0,0,1,0,0,0,0,1,0,0,0,0,0,0,0,0,0,0,0,0,0,0,0,0,0,0,1,0,0,0,1,0,0,0,0,0,0,0,0,0,0,0,0,0,0,0,0,0,0,0,1,0,0,0,0,0,0,0,0,0,0,0,0,1.5519631793978597,1.0,0.5368708792102935,1.0,0.6589944513057702,1.0,2.247310336012088,1.0,179799.0149999999,666025.6225
1,0,10,182134.7000000002,666640.9199999999,0,0.0,47.15261072916667,1353,0,0,0,0,0,0,0,1,0,0,0,0,0.0,1.0,2,5,5,181691.9500000002,665596.6600000001,0,19.5924,0.0,738,0,0,0,0,0,0,0,0,0,1,0,0,0.9659258262890683,0.25881904510252074,1,5,5,181308.58999999985,665406.7100000009,0,10.608883333333333,0.0,738,0,0,0,0,0,0,0,0,0,1,0,0,0.6819983600624985,0.7313537016191706,2,5,5,184376.46,664421.4700000007,0,8.225733333333332,0.0,738,0,0,0,0,0,0,0,0,0,1,0,0,-0.15643446504023073,-0.9876883405951378,0,0,0,1,0,0,0,0,0,0,0,0,0,0,0,0,0,1,0,0,0,1,0,0,0,0,0,0,0,0,0,0,0,0,0,0,0,0,1,0,0,0,0,0,1,0,0,0,0,0,0,0,0,0,0,0,0,0,0,0,0,0,1,0,0,0,0,1,0,0,0,0,0,0,0,0,0,0,0,0,0,0,0,1,0,0,0,0,0,0,0,0,0,0,0,0,0,0,0,0,0,1.1632745469870986,1.0,0.6983279170137071,1.0,1.0869009389225521,1.0,2.3041725943488265,1.0,182377.92500000005,665516.4400000004
2,0,10,186214.3899999997,659530.0600000005,0,0.0,139.63602429398148,790,0,0,0,0,0,0,0,0,0,0,1,0,0.0,1.0,1,0,10,187667.66999999995,659861.0099999998,0,0.0,90.9117996875,1353,0,0,0,0,0,0,0,1,0,0,0,0,0.0,1.0,17,0,6,186255.74000000025,659726.9600000009,0,0.0,4.891568055555555,1353,0,0,0,0,0,0,0,1,0,0,0,0,0.0,1.0,1,0,6,187414.4500000002,659484.5999999996,0,63.6083,0.0,1000,0,0,0,0,0,1,0,0,0,0,0,0,0.0,1.0,0,0,0,1,0,0,0,0,0,0,0,0,0,0,0,0,0,1,0,0,0,0,1,0,0,0,0,0,0,0,0,0,0,0,0,0,0,0,0,0,1,0,0,0,0,1,0,0,0,0,0,0,0,0,0,0,0,0,0,0,0,0,0,0,1,0,0,0,1,0,0,0,0,0,0,0,0,0,0,0,0,0,0,0,0,0,0,0,1,0,0,2,0,0,0,0,0,0,0,0,0,1.687578385793546,1.0,1.991137833196083,1.0,1.570519417624476,1.0,1.3610449167335474,1.0,186888.06250000003,659650.6575000002
2,0,10,186290.9000000004,659876.8599999994,0,0.0,132.4693744675926,790,0,0,0,0,0,0,0,0,0,0,1,0,0.0,1.0,2,0,8,186255.74000000025,659726.9600000009,0,0.0,132.46936305555556,790,0,0,0,0,0,0,0,0,0,0,1,0,0.0,1.0,20,0,6,187270.0,659512.6500000004,0,0.0,1.5785064120370371,787,0,0,0,0,0,0,0,0,0,1,0,0,0.0,1.0,2,0,6,186323.24000000025,660235.4700000007,0,34.34931666666667,0.0,2324,0,0,0,0,1,0,0,0,0,0,0,0,0.0,1.0,0,0,0,1,0,0,0,0,0,0,0,0,0,0,0,0,0,1,0,0,0,0,1,0,0,0,0,0,0,0,0,0,0,0,0,0,0,0,0,0,1,0,0,0,0,1,0,0,0,0,0,0,0,0,0,0,0,0,0,0,0,0,0,0,1,0,0,0,1,0,0,0,0,0,0,0,0,0,0,0,0,0,0,0,0,0,0,0,1,0,0,2,0,0,0,0,0,0,0,0,0,0.7179119152768336,1.0,0.8728722399681051,1.0,2.3349116536780867,1.0,1.3082060270831943,1.0,186534.9700000002,659837.9850000003
2,0,10,179182.24000000022,665961.1099999994,0,0.0,56.905642962962965,1141,0,0,0,0,0,0,1,0,0,0,0,0,0.0,1.0,2,0,10,178678.98000000045,665826.8399999999,0,0.0,55.74514523148148,1540,0,0,0,0,0,0,0,0,1,0,0,0,0.0,1.0,2,5,7,179931.9400000004,663919.9700000007,0,44.09251666666667,0.0,2205,0,0,0,0,1,0,0,0,0,0,0,0,-0.7071067811865475,-0.7071067811865477,2,5,5,179375.40000000037,665098.6400000006,0,1.77585,0.0,2205,0,0,0,0,1,0,0,0,0,0,0,0,0.01745240643728344,-0.9998476951563913,1,0,0,1,0,0,0,0,0,0,0,0,0,0,0,0,0,1,0,0,0,0,1,0,0,0,0,0,0,0,0,0,0,0,0,0,0,0,0,0,1,0,0,0,1,0,0,0,0,0,0,0,0,0,0,0,0,0,0,1,0,0,0,0,0,0,0,1,0,0,0,0,0,0,0,0,0,0,0,0,0,0,0,0,0,0,1,0,0,0,0,0,0,0,0,0,0,0,0,0,0,1.2201095175539407,1.0,1.3923247745145555,1.0,2.2776087211765557,1.0,0.21058047431042137,1.0,179292.14000000036,665201.6400000001
17,0,10,178626.95999999996,663024.7799999993,0,0.0,71.19310591435185,790,0,0,0,0,0,0,0,0,0,0,1,0,0.0,1.0,1,0,7,180759.6799999997,661531.8699999992,0,0.0,25.57271241898148,1141,0,0,0,0,0,0,1,0,0,0,0,0,0.0,1.0,2,0,6,179696.1799999997,662499.6600000001,0,713.0058333333334,0.0,785,0,0,0,0,0,0,0,1,0,0,0,0,0.0,1.0,2,0,6,178073.21999999974,664542.1099999994,0,473.0391666666667,0.0,738,0,0,0,0,0,0,0,0,0,1,0,0,0.0,1.0,1,0,0,1,0,0,0,0,0,0,0,0,0,0,0,0,0,1,0,0,0,0,1,0,0,0,0,0,0,0,0,0,0,0,0,0,0,0,0,0,1,0,0,0,0,1,0,0,0,0,0,0,0,0,0,0,0,0,0,0,0,0,0,0,1,0,0,0,1,0,0,0,0,0,0,0,0,0,0,0,0,0,0,0,0,0,0,0,1,0,0,0,0,0,0,0,0,0,0,0,0,0.6358700966383024,1.0,1.8953756116813998,1.0,0.5386272835389562,1.0,1.928542032807509,1.0,179289.00999999978,662899.6049999995
1,0,10,187498.5599999996,659374.9499999993,0,0.0,85.91181798611112,787,0,0,0,0,0,0,0,0,0,1,0,0,0.0,1.0,1,0,10,186004.1399999997,659312.2799999993,0,0.0,40.87610039351852,787,0,0,0,0,0,0,0,0,0,1,0,0,0.0,1.0,1,0,6,187269.54000000004,659426.4900000002,0,0.0,1.911841087962963,787,0,0,0,0,0,0,0,0,0,1,0,0,0.0,1.0,1,0,6,187286.83999999985,659459.1400000006,0,0.0,1.911841087962963,787,0,0,0,0,0,0,0,0,0,1,0,0,0.0,1.0,0,0,0,1,0,0,0,0,0,0,0,0,0,0,0,0,0,1,0,0,0,0,1,0,0,0,0,0,0,0,0,0,0,0,0,0,0,0,0,0,1,0,0,0,0,1,0,0,0,0,0,0,0,0,0,0,0,0,0,0,0,0,0,0,1,0,0,0,1,0,0,0,0,0,0,0,0,0,0,0,0,0,0,0,0,0,0,0,1,0,0,2,0,0,0,0,0,0,0,0,0,1.4989823167944607,1.0,3.139140256571757,0.0,0.7955208601938611,1.0,0.8667627497810243,1.0,249353.02666666638,879190.9533333331
2,0,10,186290.9000000004,659876.8599999994,0,0.0,133.3860349537037,790,0,0,0,0,0,0,0,0,0,0,1,0,0.0,1.0,2,0,10,186260.91999999995,659751.1099999994,0,0.0,133.18464722222222,790,0,0,0,0,0,0,0,0,0,0,1,0,0.0,1.0,2,0,10,186214.3899999997,659530.0600000005,0,0.0,133.3860232060185,790,0,0,0,0,0,0,0,0,0,0,1,0,0.0,1.0,1,0,10,187667.66999999995,659861.0099999998,0,0.0,84.66179857638889,1353,0,0,0,0,0,0,0,1,0,0,0,0,0.0,1.0,0,0,0,1,0,0,0,0,0,0,0,0,0,0,0,0,0,1,0,0,0,0,1,0,0,0,0,0,0,0,0,0,0,0,0,0,0,0,0,0,1,0,0,0,0,1,0,0,0,0,0,0,0,0,0,0,0,0,0,0,0,0,0,0,1,0,0,0,1,0,0,0,0,0,0,0,0,0,0,0,0,0,0,0,0,0,0,0,1,0,0,3,0,0,0,0,0,0,0,0,0,0.9065514953892253,1.0,0.9260962409707865,1.0,1.2087210966055824,1.0,2.8363965996243587,0.0,248811.29333333333,879673.0133333331
2,5,6,184374.46,676136.25,0,18.73475,0.0,2324,0,0,0,0,1,0,0,0,0,0,0,0,-0.9902680687415704,0.13917310096006547,2,5,6,186287.03000000023,675238.7699999996,0,9.11775,0.0,2324,0,0,0,0,1,0,0,0,0,0,0,0,0.24192189559966773,-0.9702957262759965,2,5,5,186301.5,674903.7100000009,0,7.619233333333334,0.0,2324,0,0,0,0,1,0,0,0,0,0,0,0,0.0348994967025007,-0.9993908270190958,2,5,5,183949.4699999997,674835.5399999991,0,5.9516,0.0,2324,0,0,0,0,1,0,0,0,0,0,0,0,-0.22495105434386498,-0.9743700647852352,0,0,1,0,0,0,0,0,0,0,0,0,0,0,0,0,1,0,0,0,0,1,0,0,0,0,0,0,0,0,0,0,0,0,0,0,1,0,0,0,0,0,0,0,1,0,0,0,0,0,0,0,0,0,0,0,0,0,0,1,0,0,0,0,0,0,0,1,0,0,0,0,0,0,0,0,0,0,0,0,0,0,0,0,1,0,0,0,0,0,0,2,0,0,0,0,0,0,0,0,0,1.5174956527156342,1.0,1.3288415183492335,1.0,1.4257717558818108,1.0,1.6969702657494368,1.0,185228.115,675278.5674999999
1,0,7,179275.6900000004,645032.3599999994,0,0.0,8.74513392361111,1366,0,0,0,0,0,0,0,0,1,0,0,0,0.0,1.0,1,0,10,179078.8099999996,645173.0500000007,0,0.0,8.745134467592592,1366,0,0,0,0,0,0,0,0,1,0,0,0,0.0,1.0,1,0,6,179078.8099999996,645173.0500000007,0,0.0,8.745134837962963,1366,0,0,0,0,0,0,0,0,1,0,0,0,0.0,1.0,1,0,10,179030.88999999966,644755.5,0,0.0,3.8150997685185186,1353,0,0,0,0,0,0,0,1,0,0,0,0,0.0,1.0,0,0,0,1,0,0,0,0,0,0,0,0,0,0,0,0,0,1,0,0,0,0,1,0,0,0,0,0,0,0,0,0,0,0,0,0,0,0,0,0,1,0,0,0,0,1,0,0,0,0,0,0,0,0,0,0,0,0,0,0,0,0,0,0,1,0,0,0,1,0,0,0,0,0,0,0,0,0,0,0,0,0,0,0,0,0,0,0,1,0,0,0,0,0,0,0,0,0,0,0,0,1.2062858063674087,1.0,1.0914263660159855,1.0,1.0914263660159855,1.0,2.1968720501120647,1.0,179116.0499999998,645033.4900000002
2,0,10,177334.5,661514.4299999997,0,0.0,103.71594782407408,785,0,0,0,0,0,0,0,1,0,0,0,0,0.0,1.0,2,0,10,177347.7999999998,661625.0600000005,0,0.0,103.71594783564815,785,0,0,0,0,0,0,0,1,0,0,0,0,0.0,1.0,2,0,10,177321.38999999966,661428.4299999997,0,0.0,103.7159362037037,785,0,0,0,0,0,0,0,1,0,0,0,0,0.0,1.0,2,5,5,178002.78000000026,662198.8900000006,0,30.981566666666666,0.0,860,0,0,0,1,0,0,0,0,0,0,0,0,0.25881904510252074,0.9659258262890683,1,0,0,1,0,0,0,0,0,0,0,0,0,0,0,0,0,1,0,0,0,0,1,0,0,0,0,0,0,0,0,0,0,0,0,0,0,0,0,0,1,0,0,0,0,1,0,0,0,0,0,0,0,0,0,0,0,0,0,0,0,0,0,0,1,0,0,1,0,0,0,0,0,0,0,0,0,0,0,0,0,0,0,0,1,0,0,0,0,0,0,3,0,0,0,0,0,0,0,0,0,0.825148725660457,1.0,0.5677657881503102,1.0,1.0806121248687697,1.0,2.414971629520675,1.0,177501.61749999993,661691.7025000001
2,5,6,181545.59999999963,663740.6500000004,0,23.6511,0.0,2324,0,0,0,0,1,0,0,0,0,0,0,0,-0.6427876096865396,0.7660444431189778,1,5,5,182315.5599999996,664463.5299999993,0,19.4173,0.0,2324,0,0,0,0,1,0,0,0,0,0,0,0,-0.9993908270190958,0.03489949670250128,2,5,5,181515.9400000004,664017.2200000007,0,17.16765,0.0,2324,0,0,0,0,1,0,0,0,0,0,0,0,-0.08715574274765832,0.9961946980917455,1,5,5,182535.66999999995,664596.6600000001,0,8.01705,0.0,2324,0,0,0,0,1,0,0,0,0,0,0,0,-0.9945218953682734,0.10452846326765299,0,0,1,0,0,0,0,0,0,0,0,0,0,0,0,0,1,0,0,0,0,1,0,0,0,0,0,0,0,0,0,0,0,0,0,1,0,0,0,0,0,0,0,0,1,0,0,0,0,0,0,0,0,0,0,0,0,0,0,0,0,0,1,0,0,0,0,1,0,0,0,0,0,0,0,0,0,0,0,0,0,0,0,0,0,0,1,0,0,0,0,0,0,0,0,0,0,0,0,0,0,1.5907614223588695,1.0,1.0667244671051415,1.0,1.2508744544858272,1.0,1.7094115193967847,1.0,181978.1924999999,664204.5150000001
2,0,10,186214.3899999997,659530.0600000005,0,0.0,131.5943542824074,790,0,0,0,0,0,0,0,0,0,0,1,0,0.0,1.0,1,0,10,187667.66999999995,659861.0099999998,0,0.0,82.8701296875,1353,0,0,0,0,0,0,0,1,0,0,0,0,0.0,1.0,20,0,6,187244.58999999985,659513.1899999995,0,1013.0366666666666,0.0,787,0,0,0,0,0,0,0,0,0,1,0,0,0.0,1.0,1,0,6,187286.83999999985,659459.1400000006,0,1013.0369666666667,0.0,787,0,0,0,0,0,0,0,0,0,1,0,0,0.0,1.0,0,0,0,1,0,0,0,0,0,0,0,0,0,0,0,0,0,1,0,0,0,0,1,0,0,0,0,0,0,0,0,0,0,0,0,0,0,0,0,0,1,0,0,0,0,1,0,0,0,0,0,0,0,0,0,0,0,0,0,0,0,0,0,0,1,0,0,0,1,0,0,0,0,0,0,0,0,0,0,0,0,0,0,0,0,0,0,0,1,0,0,0,0,0,0,0,0,0,0,0,0,2.5560422247620127,0.0,1.7946602320324478,1.0,0.4623029624806768,1.0,0.6478586915232926,1.0,249471.1633333331,879454.4666666668
2,5,5,188266.08000000007,690971.5199999996,0,27.683016666666667,0.0,860,0,0,0,1,0,0,0,0,0,0,0,0,-0.891006524188368,0.45399049973954664,1,5,5,187623.91999999995,692871.5399999991,0,13.316733333333334,0.0,860,0,0,0,1,0,0,0,0,0,0,0,0,-0.34202014332566866,-0.9396926207859084,2,5,5,188000.7199999997,689062.75,0,12.81625,0.0,860,0,0,0,1,0,0,0,0,0,0,0,0,-0.9876883405951377,-0.15643446504023104,2,4,5,186222.0599999996,692684.0199999996,0,11.865833333333333,0.0,860,0,0,0,1,0,0,0,0,0,0,0,0,0.05233595624294383,0.9986295347545738,0,0,1,0,0,0,0,0,0,0,0,0,0,0,0,1,0,0,0,0,0,1,0,0,0,0,0,0,0,0,0,0,0,0,0,1,0,0,0,0,0,0,0,0,1,0,0,0,0,0,0,0,0,0,0,0,0,0,0,0,1,0,0,0,0,0,0,1,0,0,0,0,0,0,0,0,0,0,0,0,0,0,0,0,0,1,0,0,0,0,0,0,0,0,0,0,0,0,0,0,0,0.7326621842422071,1.0,1.2702869891949156,1.0,2.0484070044570855,1.0,1.5765781130569982,1.0,187528.19499999983,691397.4574999996
2,0,6,186214.3899999997,659530.0600000005,0,0.0,133.01104497685185,790,0,0,0,0,0,0,0,0,0,0,1,0,0.0,1.0,1,0,10,187492.6399999997,659382.8399999999,0,0.0,129.1201535648148,787,0,0,0,0,0,0,0,0,0,1,0,0,0.0,1.0,1,0,10,187422.34999999963,659473.8200000003,0,0.0,129.12015376157407,787,0,0,0,0,0,0,0,0,0,1,0,0,0.0,1.0,1,0,6,187667.66999999995,659861.0099999998,0,0.0,84.28679708333334,1353,0,0,0,0,0,0,0,1,0,0,0,0,0.0,1.0,0,0,0,1,0,0,0,0,0,0,0,0,0,0,0,0,0,1,0,0,0,0,1,0,0,0,0,0,0,0,0,0,0,0,0,0,0,0,0,0,1,0,0,0,0,1,0,0,0,0,0,0,0,0,0,0,0,0,0,0,0,0,0,0,1,0,0,0,1,0,0,0,0,0,0,0,0,0,0,0,0,0,0,0,0,0,0,0,1,0,0,2,0,0,0,0,0,0,0,0,0,2.6065821021411897,0.0,0.9092238462092722,1.0,0.6344804574081119,1.0,1.4700766033976784,1.0,249599.01666666628,879415.9100000001
2,5,6,183054.46,663392.5099999998,0,26.8434,0.0,2205,0,0,0,0,1,0,0,0,0,0,0,0,-0.7660444431189781,0.6427876096865393,1,5,5,183045.83000000007,664942.7100000009,0,26.393483333333332,0.0,2205,0,0,0,0,1,0,0,0,0,0,0,0,0.984807753012208,-0.1736481776669303,2,5,9,182072.33000000007,663999.2599999998,0,23.95955,0.0,2205,0,0,0,0,1,0,0,0,0,0,0,0,0.01745240643728351,0.9998476951563913,2,5,5,183116.0700000003,665099.4700000007,0,7.3585666666666665,0.0,2205,0,0,0,0,1,0,0,0,0,0,0,0,0.224951054343865,0.9743700647852352,0,0,1,0,0,0,0,0,0,0,0,0,0,0,0,0,1,0,0,0,0,1,0,0,0,0,0,0,0,0,0,0,0,0,0,1,0,0,0,0,0,0,0,0,0,0,1,0,0,0,1,0,0,0,0,0,0,0,0,0,0,0,0,0,0,0,0,1,0,0,0,0,0,0,0,0,0,0,0,0,0,0,0,0,1,0,0,0,0,0,0,0,0,0,0,0,0,0,0,0,0,1.7546543273611614,1.0,1.1048261370808856,1.0,1.4684306399808797,1.0,1.4078348946489092,1.0,182822.1725000001,664358.4875000003
2,5,5,186260.66999999995,667499.4800000004,0,23.8756,0.0,1295,0,0,0,0,0,1,0,0,0,0,0,0,-0.9781476007338056,-0.2079116908177598,2,5,5,189344.34999999963,666553.3300000001,0,12.958533333333333,0.0,1295,0,0,0,0,0,1,0,0,0,0,0,0,-0.017452406437283192,-0.9998476951563913,20,1,6,187691.9299999997,666217.1500000004,0,11.804833333333333,0.0,1000,0,0,0,0,0,1,0,0,0,0,0,0,0.9455185755993167,0.32556815445715676,2,5,5,187550.6299999999,666496.9100000001,0,4.321433333333333,0.0,1000,0,0,0,0,0,1,0,0,0,0,0,0,0.9961946980917455,-0.08715574274765824,0,0,1,0,0,0,0,0,0,0,0,0,0,0,0,0,1,0,0,0,0,1,0,0,0,0,0,0,0,0,0,0,0,0,0,1,0,0,0,0,0,0,0,1,0,0,0,0,0,1,0,0,0,0,0,0,0,0,0,0,0,0,0,0,0,0,0,1,0,0,0,0,0,0,0,0,0,0,0,0,0,0,0,0,0,1,0,0,0,0,0,0,0,0,0,0,0,0,0,0,0,2.104290221584525,1.0,2.075690467072463,1.0,0.6017947892421147,1.0,0.32041166828755646,1.0,187711.8949999998,666691.7175000003
2,0,10,177334.5,661514.4299999997,0,0.0,100.96593953703703,785,0,0,0,0,0,0,0,1,0,0,0,0,0.0,1.0,2,0,10,177347.7999999998,661625.0600000005,0,0.0,100.96593954861112,785,0,0,0,0,0,0,0,1,0,0,0,0,0.0,1.0,2,0,10,177401.2000000002,662045.3599999994,0,0.0,100.96593956018519,785,0,0,0,0,0,0,0,1,0,0,0,0,0.0,1.0,2,0,6,177434.91000000015,662363.7100000009,0,0.0,100.96592796296297,785,0,0,0,0,0,0,0,1,0,0,0,0,0.0,1.0,1,0,0,1,0,0,0,0,0,0,0,0,0,0,0,0,0,1,0,0,0,0,1,0,0,0,0,0,0,0,0,0,0,0,0,0,0,0,0,0,1,0,0,0,0,1,0,0,0,0,0,0,0,0,0,0,0,0,0,0,0,0,0,0,1,0,0,0,1,0,0,0,0,0,0,0,0,0,0,0,0,0,0,0,0,0,0,0,1,0,0,4,0,0,0,0,0,0,0,0,0,1.9782556800340083,1.0,1.3911135820092877,1.0,0.8414431872421466,1.0,2.528053914088946,0.0,236506.13666666672,882516.1866666669
2,0,10,179055.76999999955,663114.8699999992,0,0.0,156.03037541666666,1141,0,0,0,0,0,0,1,0,0,0,0,0,0.0,1.0,17,0,10,178491.23000000045,663020.3100000005,0,0.0,70.65144021990741,790,0,0,0,0,0,0,0,0,0,0,1,0,0.0,1.0,2,0,10,179182.24000000022,665961.1099999994,0,0.0,57.030641539351855,1141,0,0,0,0,0,0,1,0,0,0,0,0,0.0,1.0,2,1,10,181153.1799999997,672126.5999999996,0,23.240516666666668,0.0,1141,0,0,0,0,0,0,1,0,0,0,0,0,0.9271838545667874,-0.37460659341591207,1,0,0,1,0,0,0,0,0,0,0,0,0,0,0,0,0,1,0,0,0,0,1,0,0,0,0,0,0,0,0,0,0,0,0,0,0,0,0,0,1,0,0,0,0,1,0,0,0,0,0,0,0,0,0,0,0,0,0,0,0,0,0,0,1,0,0,0,0,1,0,0,0,0,0,1,0,0,0,0,0,0,0,0,0,0,0,0,0,0,0,0,0,0,0,0,0,0,0,0,0,1.262593722893308,1.0,1.3559214946880285,1.0,0.12901962774495168,1.0,2.6781449394992998,0.0,239294.13999999998,888074.2966666663
2,0,10,178678.98000000045,665826.8399999999,0,0.0,54.78681120370371,1540,0,0,0,0,0,0,0,0,1,0,0,0,0.0,1.0,2,5,9,177997.03000000026,662179.2799999993,0,70.72478333333333,0.0,2205,0,0,0,0,1,0,0,0,0,0,0,0,0.25881904510252074,0.9659258262890683,2,5,6,180606.5700000003,664475.0899999999,0,29.508166666666668,0.0,1295,0,0,0,0,0,1,0,0,0,0,0,0,0.9335804264972017,-0.35836794954530027,2,5,5,184611.2999999998,669556.8900000006,0,4.7581,0.0,1295,0,0,0,0,0,1,0,0,0,0,0,0,0.9961946980917455,0.08715574274765814,1,0,0,1,0,0,0,0,0,0,0,0,0,0,0,0,0,1,0,0,0,1,0,0,0,0,0,0,0,0,0,0,0,0,0,0,0,0,1,0,0,0,0,0,1,0,0,0,0,0,0,0,0,0,0,0,0,0,0,0,0,0,1,0,0,0,0,1,0,0,0,0,0,0,0,0,0,0,0,0,0,0,0,0,0,0,1,0,0,0,0,0,0,0,0,0,0,0,0,0,0,0.6942913065448623,1.0,1.5811495396266932,1.0,0.3973596300499304,1.0,2.205238087517296,1.0,180473.4700000002,665509.5249999999
2,0,6,177405.6900000004,662240.8399999999,0,0.0,107.0748340625,2205,0,0,0,0,1,0,0,0,0,0,0,0,0.0,1.0,2,5,10,178795.78000000026,666800.2599999998,0,26.827733333333335,0.0,1295,0,0,0,0,0,1,0,0,0,0,0,0,-0.30901699437494773,-0.9510565162951535,2,5,5,181390.83999999985,664198.6699999999,0,17.5611,0.0,1295,0,0,0,0,0,1,0,0,0,0,0,0,-0.9335804264972021,0.35836794954529955,2,5,5,177696.24000000022,662758.2799999993,0,10.344433333333333,0.0,1295,0,0,0,0,0,1,0,0,0,0,0,0,-0.9659258262890683,-0.25881904510252063,1,0,0,1,0,0,0,0,0,0,0,0,0,0,0,0,0,1,0,0,0,0,0,1,0,0,0,0,1,0,0,0,0,0,0,0,0,0,0,0,0,0,0,0,1,0,0,0,0,0,0,0,0,0,0,0,0,0,0,1,0,0,0,0,0,0,0,1,0,0,0,0,0,0,0,0,0,0,0,0,0,0,0,0,1,0,0,0,0,0,0,0,0,0,0,0,0,0,0,0,0,1.3521637082457645,1.0,1.6771395677224845,1.0,1.5427346972557359,1.0,1.0034552800682868,1.0,178822.1375000002,663999.5124999997
1,0,6,179062.41999999993,665885.5,0,0.0,57.95348371527778,1366,0,0,0,0,0,0,0,0,1,0,0,0,0.0,1.0,1,0,10,179115.53000000026,665875.9800000004,0,0.0,56.24650453703704,2205,0,0,0,0,1,0,0,0,0,0,0,0,0.0,1.0,2,5,5,180185.71,661628.75,0,24.2832,0.0,1353,0,0,0,0,0,0,0,1,0,0,0,0,0.8910065241883678,0.4539904997395468,2,5,5,177996.03000000026,664322.9499999993,0,3.633183333333333,0.0,1353,0,0,0,0,0,0,0,1,0,0,0,0,0.32556815445715664,0.9455185755993168,1,0,0,1,0,0,0,0,0,0,0,0,0,0,0,0,0,1,0,0,0,0,1,0,0,0,0,0,0,0,0,0,0,0,0,0,0,0,0,0,1,0,0,0,1,0,0,0,0,0,0,0,0,0,0,0,0,0,0,0,0,0,1,0,0,0,0,1,0,0,0,0,0,0,0,0,0,0,0,0,0,0,0,1,0,0,0,0,0,0,0,0,0,0,0,0,0,0,0,0,0,1.1607098085322187,1.0,1.1531018589165878,1.0,2.3942345774372393,1.0,0.87519515783161,1.0,179089.9225000001,664428.2949999999
2,0,10,179055.76999999955,663114.8699999992,0,0.0,154.07203957175926,1141,0,0,0,0,0,0,1,0,0,0,0,0,0.0,1.0,2,0,6,178813.41999999993,666065.5299999993,0,0.0,94.09436596064815,1000,0,0,0,0,0,1,0,0,0,0,0,0,0.0,1.0,1,5,5,178172.16999999993,663843.4499999993,0,20.336983333333333,0.0,649,0,0,0,0,0,0,1,0,0,0,0,0,-0.01745240643728445,0.9998476951563913,2,5,5,181600.6399999997,667902.2300000004,0,11.953616666666667,0.0,649,0,0,0,0,0,0,1,0,0,0,0,0,-0.32556815445715676,-0.9455185755993167,1,0,0,1,0,0,0,0,0,0,0,0,0,0,0,0,0,1,0,0,0,0,1,0,0,0,0,0,0,0,0,0,0,0,0,0,0,0,0,0,1,0,0,0,1,0,0,0,0,0,0,0,0,0,0,0,0,0,0,0,0,1,0,0,0,0,0,1,0,0,0,0,0,0,0,0,0,0,0,0,0,0,0,1,0,0,0,0,0,0,0,0,0,0,0,0,0,0,0,0,0,1.344920237450219,1.0,0.64277126545307,1.0,1.1656903958871758,1.0,2.1644225088099596,1.0,179410.49999999977,665231.5199999996
2,5,9,168224.58999999985,637376.8699999992,0,17.33965,0.0,1000,0,0,0,0,0,1,0,0,0,0,0,0,0.9205048534524403,0.39073112848927394,2,5,10,167243.6299999999,637164.6600000001,0,40.8734,0.0,1141,0,0,0,0,0,0,1,0,0,0,0,0,0.9902680687415703,0.1391731009600657,20,5,5,166117.20999999996,633586.4000000004,0,29.707666666666668,0.0,1141,0,0,0,0,0,0,1,0,0,0,0,0,-0.7071067811865475,-0.7071067811865477,1,5,5,168522.13999999966,637430.75,0,26.8101,0.0,785,0,0,0,0,0,0,0,1,0,0,0,0,-0.4067366430757998,-0.9135454576426011,0,0,0,0,1,0,0,0,0,0,0,1,0,0,0,0,0,0,0,0,0,0,0,1,0,0,0,0,1,0,0,0,0,0,0,0,0,0,0,0,0,0,0,0,0,0,1,0,0,0,0,0,0,0,0,0,0,1,0,0,0,0,0,0,0,0,0,1,0,0,0,0,0,0,0,0,0,0,0,0,0,0,0,0,0,0,1,0,0,0,0,2,0,0,0,0,0,0,0,0,0,0.9433553720927023,1.0,0.643907765454159,1.0,2.448602824863919,1.0,1.1239356756626129,1.0,167526.89249999984,636389.6699999999
2,0,6,177405.6900000004,662240.8399999999,0,0.0,100.24149989583333,2205,0,0,0,0,1,0,0,0,0,0,0,0,0.0,1.0,17,0,10,178661.00999999978,663015.4499999993,0,0.0,70.73477543981481,790,0,0,0,0,0,0,0,0,0,0,1,0,0.0,1.0,2,5,5,178096.00999999978,664643.3800000008,0,10.39325,0.0,785,0,0,0,0,0,0,0,1,0,0,0,0,0.10452846326765346,0.9945218953682733,2,5,5,179960.1200000001,665999.4299999997,0,2.90995,0.0,785,0,0,0,0,0,0,0,1,0,0,0,0,-0.12186934340514774,-0.992546151641322,1,0,0,1,0,0,0,0,0,0,0,0,0,0,0,0,0,1,0,0,0,0,1,0,0,0,0,0,0,0,0,0,0,0,0,0,0,0,0,0,1,0,0,0,1,0,0,0,0,0,0,0,0,0,0,0,0,0,0,0,0,0,1,0,0,0,0,1,0,0,0,0,0,0,0,0,0,0,0,0,0,0,0,0,0,0,1,0,0,0,0,0,0,0,0,0,0,0,0,0,0,1.7276073862166887,1.0,0.8091982525039688,1.0,0.6665707032013527,1.0,2.0715254036726747,1.0,178530.70750000002,663974.7749999999
2,0,10,177347.7999999998,661625.0600000005,0,0.0,101.88260678240741,785,0,0,0,0,0,0,0,1,0,0,0,0,0.0,1.0,2,0,6,177413.54000000004,662175.6099999994,0,0.0,101.8825952199074,785,0,0,0,0,0,0,0,1,0,0,0,0,0.0,1.0,2,0,6,177381.58999999985,662031.7899999991,0,0.0,99.11649569444444,2205,0,0,0,0,1,0,0,0,0,0,0,0,0.0,1.0,2,0,10,180244.75,664183.7100000009,0,0.0,8.703451712962963,787,0,0,0,0,0,0,0,0,0,1,0,0,0.0,1.0,1,0,0,1,0,0,0,0,0,0,0,0,0,0,0,0,0,1,0,0,0,0,1,0,0,0,0,0,0,0,0,0,0,0,0,0,0,0,0,0,1,0,0,0,0,1,0,0,0,0,0,0,0,0,0,0,0,0,0,0,0,0,0,0,1,0,0,0,1,0,0,0,0,0,0,0,0,0,0,0,0,0,0,0,0,0,0,0,1,0,0,3,0,0,0,0,0,0,0,0,0,1.0354022064565502,1.0,0.6797548766002705,1.0,0.7684682989755044,1.0,2.44449869122222,1.0,178096.91999999993,662504.0425
2,0,9,192534.98000000045,673815.4399999995,0,0.0,9.828455613425925,787,0,0,0,0,0,0,0,0,0,1,0,0,0.0,1.0,2,0,9,192609.91000000012,673792.8699999992,0,0.0,9.828456041666668,787,0,0,0,0,0,0,0,0,0,1,0,0,0.0,1.0,2,0,9,192534.98000000045,673815.4399999995,0,0.0,9.870127210648148,787,0,0,0,0,0,0,0,0,0,1,0,0,0.0,1.0,2,0,9,192609.91000000012,673792.8699999992,0,0.0,9.870127534722222,787,0,0,0,0,0,0,0,0,0,1,0,0,0.0,1.0,0,0,0,1,0,0,0,0,0,0,0,0,0,0,0,0,0,1,0,0,0,0,1,0,0,0,0,0,0,0,0,0,0,0,0,0,0,0,0,0,1,0,0,0,0,1,0,0,0,0,0,0,0,0,0,0,0,0,0,0,0,0,0,0,1,0,0,0,1,0,0,0,0,0,0,0,0,0,0,0,0,0,0,0,0,0,0,0,1,0,0,4,0,0,0,0,0,0,0,0,0,1.6052392588727724,1.0,1.605239258871629,1.0,1.6052392588727724,1.0,1.605239258871629,1.0,192572.4450000003,673804.1549999993
1,0,10,187498.5599999996,659374.9499999993,0,0.0,84.7034750925926,787,0,0,0,0,0,0,0,0,0,1,0,0,0.0,1.0,1,0,10,187663.8200000003,659810.7899999991,0,0.0,82.87013024305556,1353,0,0,0,0,0,0,0,1,0,0,0,0,0.0,1.0,1,0,10,186004.1399999997,659312.2799999993,0,0.0,39.6677575,787,0,0,0,0,0,0,0,0,0,1,0,0,0.0,1.0,1,0,6,187269.54000000004,659426.4900000002,0,1013.03735,0.0,787,0,0,0,0,0,0,0,0,0,1,0,0,0.0,1.0,0,0,0,1,0,0,0,0,0,0,0,0,0,0,0,0,0,1,0,0,0,0,1,0,0,0,0,0,0,0,0,0,0,0,0,0,0,0,0,0,1,0,0,0,0,1,0,0,0,0,0,0,0,0,0,0,0,0,0,0,0,0,0,0,1,0,0,0,1,0,0,0,0,0,0,0,0,0,0,0,0,0,0,0,0,0,0,0,1,0,0,0,0,0,0,0,0,0,0,0,0,0.9526330101096195,1.0,1.5226733072413154,1.0,2.6371368532914454,0.0,0.40008489584216556,1.0,249478.68666666653,879308.1699999993
1,0,10,187422.34999999963,659473.8200000003,0,0.0,129.2937791087963,787,0,0,0,0,0,0,0,0,0,1,0,0,0.0,1.0,1,0,10,187422.34999999963,659473.8200000003,0,0.0,129.2937791087963,787,0,0,0,0,0,0,0,0,0,1,0,0,0.0,1.0,1,0,10,187422.34999999963,659473.8200000003,0,0.0,129.2937791087963,787,0,0,0,0,0,0,0,0,0,1,0,0,0.0,1.0,2,0,6,186297.3899999997,659897.9100000001,0,603.0583333333333,0.0,1540,0,0,0,0,0,0,0,0,1,0,0,0,0.0,1.0,0,0,0,1,0,0,0,0,0,0,0,0,0,0,0,0,0,1,0,0,0,0,1,0,0,0,0,0,0,0,0,0,0,0,0,0,0,0,0,0,1,0,0,0,0,1,0,0,0,0,0,0,0,0,0,0,0,0,0,0,0,0,0,0,1,0,0,0,1,0,0,0,0,0,0,0,0,0,0,0,0,0,0,0,0,0,0,0,1,0,0,3,0,0,0,0,0,0,0,0,0,0.8961816639295344,1.0,0.8961816639295344,1.0,0.8961816639295344,1.0,2.6885449917885214,0.0,249521.47999999952,879439.7900000004
2,0,10,186214.3899999997,659530.0600000005,0,0.0,139.46936284722221,790,0,0,0,0,0,0,0,0,0,0,1,0,0.0,1.0,1,0,10,187667.66999999995,659861.0099999998,0,0.0,90.74513824074074,1353,0,0,0,0,0,0,0,1,0,0,0,0,0.0,1.0,2,0,6,186299.49000000025,659875.3900000006,0,0.0,4.724918611111111,1353,0,0,0,0,0,0,0,1,0,0,0,0,0.0,1.0,1,0,6,187513.11000000036,659556.1999999993,0,1116.5989166666666,0.0,785,0,0,0,0,0,0,0,1,0,0,0,0,0.0,1.0,0,0,0,1,0,0,0,0,0,0,0,0,0,0,0,0,0,1,0,0,0,0,1,0,0,0,0,0,0,0,0,0,0,0,0,0,0,0,0,0,1,0,0,0,0,1,0,0,0,0,0,0,0,0,0,0,0,0,0,0,0,0,0,0,1,0,0,0,1,0,0,0,0,0,0,0,0,0,0,0,0,0,0,0,0,0,0,0,1,0,0,0,0,0,0,0,0,0,0,0,0,1.7553827384461806,1.0,1.8259148869399917,1.0,1.553942382261253,1.0,1.4608758539531081,1.0,186923.66500000007,659705.665
2,0,6,191370.46,675506.0700000003,0,0.0,1.138454050925926,1295,0,0,0,0,0,1,0,0,0,0,0,0,0.0,1.0,2,0,6,191556.61000000036,675457.2400000002,0,1013.0409333333333,0.0,790,0,0,0,0,0,0,0,0,0,0,1,0,0.0,1.0,2,0,6,191566.1299999999,675454.4299999997,0,1013.0412166666666,0.0,790,0,0,0,0,0,0,0,0,0,0,1,0,0.0,1.0,2,5,5,191764.58000000007,675596.2899999991,0,29.791233333333334,0.0,649,0,0,0,0,0,0,1,0,0,0,0,0,0.24192189559966773,0.9702957262759965,0,0,0,1,0,0,0,0,0,0,0,0,0,0,0,0,0,1,0,0,0,0,1,0,0,0,0,0,0,0,0,0,0,0,0,0,0,0,0,0,1,0,0,0,0,1,0,0,0,0,0,0,0,0,0,0,0,0,0,0,0,0,0,0,1,0,0,0,0,1,0,0,0,0,1,0,0,0,0,0,0,0,0,0,0,0,0,0,0,0,0,3,0,0,0,0,0,0,0,0,0,1.9717123274250572,1.0,0.47692814691839286,1.0,0.49908643391949886,1.0,2.241997972952822,1.0,191564.44500000007,675503.5074999998
1,0,10,188285.58999999985,659377.2899999991,0,0.0,158.67439212962964,738,0,0,0,0,0,0,0,0,0,1,0,0,0.0,1.0,1,0,10,188285.58999999985,659377.2899999991,0,0.0,123.62013342592593,170,0,0,0,0,0,0,0,0,0,0,1,0,0.0,1.0,2,0,10,190399.8799999999,659472.3200000003,0,0.0,40.74515640046296,1366,0,0,0,0,0,0,0,0,1,0,0,0,0.0,1.0,1,0,9,189608.8799999999,659721.5999999996,0,0.0,12.68659119212963,738,0,0,0,0,0,0,0,0,0,1,0,0,0.0,1.0,0,0,0,1,0,0,0,0,0,0,0,0,0,0,0,0,0,1,0,0,0,0,1,0,0,0,0,0,0,0,0,0,0,0,0,0,0,0,0,0,1,0,0,0,0,1,0,0,0,0,0,0,0,0,0,0,0,0,0,0,0,0,0,0,1,0,0,0,1,0,0,0,0,0,0,0,0,0,0,0,0,0,0,0,0,0,0,0,1,0,0,2,0,0,0,0,0,0,0,0,0,1.6588254032856569,1.0,1.6588254032856569,1.0,2.402853052522164,1.0,0.9952080178830626,1.0,189144.98499999987,659487.1249999995
2,0,6,176526.84999999963,658196.6999999993,0,0.0,2.1618334722222223,1540,0,0,0,0,0,0,0,0,1,0,0,0,0.0,1.0,2,0,6,175881.0700000003,659144.1699999999,0,0.0,2.1618334837962965,1540,0,0,0,0,0,0,0,0,1,0,0,0,0.0,1.0,2,5,10,176613.66000000015,657966.9299999997,0,33.54005,0.0,787,0,0,0,0,0,0,0,0,0,1,0,0,-0.9063077870366498,0.4226182617406996,2,5,5,176498.13999999966,658019.4900000002,0,29.873533333333334,0.0,787,0,0,0,0,0,0,0,0,0,1,0,0,-0.9063077870366498,0.4226182617406996,0,0,0,1,0,0,0,0,0,0,0,0,0,0,0,0,0,1,0,0,0,0,1,0,0,0,0,0,0,0,0,0,0,0,0,0,0,0,0,0,1,0,0,0,1,0,0,0,0,0,0,0,0,0,0,0,0,0,0,0,0,0,1,0,0,0,0,1,0,0,0,0,0,0,0,0,0,0,0,0,0,0,0,0,0,0,1,0,0,0,0,2,0,0,0,0,0,0,0,0,0,0.5199412184098512,1.0,2.483144678136241,1.0,1.1287439112604343,1.0,0.8698844858189725,1.0,176379.92999999993,658331.8224999998
2,0,10,179055.76999999955,663114.8699999992,0,0.0,156.57899824074073,1141,0,0,0,0,0,0,1,0,0,0,0,0,0.0,1.0,2,0,10,179055.76999999955,663114.8699999992,0,0.0,156.57899824074073,1141,0,0,0,0,0,0,1,0,0,0,0,0,0.0,1.0,2,0,6,178813.41999999993,666065.5299999993,0,0.0,96.60132462962963,1000,0,0,0,0,0,1,0,0,0,0,0,0,0.0,1.0,2,0,6,179681.75999999978,662507.3699999992,0,723.02415,0.0,785,0,0,0,0,0,0,0,1,0,0,0,0,0.0,1.0,1,0,0,1,0,0,0,0,0,0,0,0,0,0,0,0,0,1,0,0,0,0,1,0,0,0,0,0,0,0,0,0,0,0,0,0,0,0,0,0,1,0,0,0,0,1,0,0,0,0,0,0,0,0,0,0,0,0,0,0,0,0,0,0,1,0,0,0,1,0,0,0,0,0,0,0,0,0,0,0,0,0,0,0,0,0,0,0,1,0,0,2,0,0,0,0,0,0,0,0,0,0.694525845532242,1.0,0.694525845532242,1.0,2.795163266185806,0.0,1.5277589966703145,1.0,238868.90666666627,884934.2133333323
2,0,10,179211.83999999985,663036.8800000008,0,0.0,156.21209975694444,1141,0,0,0,0,0,0,1,0,0,0,0,0,0.0,1.0,2,0,10,178747.04000000004,666085.1899999995,0,0.0,94.26102336805556,1000,0,0,0,0,0,1,0,0,0,0,0,0,0.0,1.0,2,0,10,180636.83000000007,664833.2699999996,0,0.0,56.37014380787037,2205,0,0,0,0,1,0,0,0,0,0,0,0,0.0,1.0,1,0,10,182658.25999999975,669383.8599999994,0,0.0,46.02265532407407,1366,0,0,0,0,0,0,0,0,1,0,0,0,0.0,1.0,1,0,0,1,0,0,0,0,0,0,0,0,0,0,0,0,0,1,0,0,0,0,1,0,0,0,0,0,0,0,0,0,0,0,0,0,0,0,0,0,1,0,0,0,0,1,0,0,0,0,0,0,0,0,0,0,0,0,0,0,0,0,0,0,1,0,0,0,1,0,0,0,0,0,0,0,0,0,0,0,0,0,0,0,0,0,0,0,1,0,0,0,0,0,0,0,0,0,0,0,0,1.5660647792727236,1.0,0.8261774908922302,1.0,0.5481140489875139,1.0,2.2153483834477425,1.0,180313.49249999993,665834.7999999998
1,0,10,180774.2199999997,661479.4800000004,0,0.0,31.94771449074074,1141,0,0,0,0,0,0,1,0,0,0,0,0,0.0,1.0,2,5,5,177273.96999999974,662179.8000000007,0,26.4088,0.0,1295,0,0,0,0,0,1,0,0,0,0,0,0,-0.6946583704589976,0.7193398003386509,2,5,5,179187.8799999999,667267.8499999996,0,14.808733333333333,0.0,1295,0,0,0,0,0,1,0,0,0,0,0,0,-0.9455185755993168,-0.32556815445715664,2,5,7,182229.8899999997,662490.6400000006,0,2.92555,0.0,1295,0,0,0,0,0,1,0,0,0,0,0,0,-0.8090169943749476,0.5877852522924729,1,0,0,1,0,0,0,0,0,0,0,0,0,0,0,0,0,1,0,0,0,1,0,0,0,0,0,0,0,0,0,0,0,0,0,1,0,0,0,0,0,0,0,0,1,0,0,0,0,0,0,0,0,0,0,0,0,0,0,1,0,0,0,0,0,0,0,0,0,1,0,0,0,0,0,0,1,0,0,0,0,0,0,0,0,0,0,0,0,0,0,0,0,0,0,0,0,0,0,0,0,1.008242000233398,1.0,1.3775737996230502,1.0,1.9223631436407376,1.0,1.2178985657321788,1.0,179866.48999999976,663354.4425000004
2,0,10,179193.58000000007,662978.9499999993,0,0.0,158.54543164351853,1141,0,0,0,0,0,0,1,0,0,0,0,0,0.0,1.0,2,0,10,179100.08999999985,663100.0700000003,0,0.0,158.54543165509259,1141,0,0,0,0,0,0,1,0,0,0,0,0,0.0,1.0,2,0,6,179728.61000000034,662725.3100000005,0,713.0049,0.0,785,0,0,0,0,0,0,0,1,0,0,0,0,0.0,1.0,2,0,6,179702.99000000022,662573.9299999997,0,713.0049166666666,0.0,785,0,0,0,0,0,0,0,1,0,0,0,0,0.0,1.0,1,0,0,1,0,0,0,0,0,0,0,0,0,0,0,0,0,1,0,0,0,0,1,0,0,0,0,0,0,0,0,0,0,0,0,0,0,0,0,0,1,0,0,0,0,1,0,0,0,0,0,0,0,0,0,0,0,0,0,0,0,0,0,0,1,0,0,0,1,0,0,0,0,0,0,0,0,0,0,0,0,0,0,0,0,0,0,0,1,0,0,2,0,0,0,0,0,0,0,0,0,1.107459882262724,1.0,1.6964204022084153,1.0,1.2989867465665998,1.0,1.5550800230269013,1.0,179431.31750000012,662844.565
1,0,10,181954.53000000023,664345.2400000002,0,0.0,44.91183510416667,790,0,0,0,0,0,0,0,0,0,0,1,0,0.0,1.0,2,3,5,182670.9500000002,665034.8399999999,0,13.027883333333333,0.0,738,0,0,0,0,0,0,0,0,0,1,0,0,-0.587785252292473,-0.8090169943749475,2,1,5,182558.41000000012,663602.8599999994,0,12.9281,0.0,738,0,0,0,0,0,0,0,0,0,1,0,0,0.9702957262759965,-0.24192189559966779,2,5,5,182409.28000000023,664788.6500000004,0,3.6265666666666667,0.0,738,0,0,0,0,0,0,0,0,0,1,0,0,0.9205048534524403,0.39073112848927394,0,0,0,1,0,0,0,0,0,0,0,0,0,0,0,0,0,1,0,0,0,1,0,0,0,0,0,0,0,0,0,0,0,0,0,1,0,0,0,0,0,0,0,0,1,0,0,0,0,0,0,0,0,0,0,0,0,0,0,0,1,0,0,0,0,0,0,1,0,0,0,0,0,0,0,0,0,0,0,0,0,0,0,0,0,0,1,0,0,0,0,0,0,0,0,0,0,0,0,0,0,1.1125595206284784,1.0,1.5957454523103587,1.0,2.0938762347537296,1.0,0.8470080697238399,1.0,182398.2925000002,664442.8975
1,0,6,179078.8099999996,645173.0500000007,0,0.0,1.9118006828703704,1366,0,0,0,0,0,0,0,0,1,0,0,0,0.0,1.0,1,0,8,178853.0599999996,645047.1500000004,0,0.0,1.9118010069444444,1366,0,0,0,0,0,0,0,0,1,0,0,0,0.0,1.0,1,0,6,179275.6900000004,645032.3599999994,0,0.0,1.953469849537037,1366,0,0,0,0,0,0,0,0,1,0,0,0,0.0,1.0,2,2,7,182861.28000000023,643467.4499999993,0,31.892916666666668,0.0,785,0,0,0,0,0,0,0,1,0,0,0,0,0.9902680687415703,0.1391731009600657,0,0,0,1,0,0,0,0,0,0,0,0,0,0,0,0,0,1,0,0,0,0,1,0,0,0,0,0,0,0,0,0,0,0,0,0,0,0,0,0,1,0,0,0,0,1,0,0,0,0,0,0,0,0,0,0,0,0,0,0,0,0,0,0,1,0,0,1,0,0,0,0,0,0,0,0,0,0,0,0,0,0,0,0,0,0,1,0,0,0,0,0,0,0,0,0,0,0,0,0,0,0.9017731172661473,1.0,1.038420561573118,1.0,0.6984034636621396,1.0,2.630150398505829,0.0,240022.94666666663,859573.3366666666
2,0,10,177334.5,661514.4299999997,0,0.0,103.21594256944445,785,0,0,0,0,0,0,0,1,0,0,0,0,0.0,1.0,2,0,10,177347.7999999998,661625.0600000005,0,0.0,103.2159425925926,785,0,0,0,0,0,0,0,1,0,0,0,0,0.0,1.0,2,0,6,177434.91000000015,662363.7100000009,0,0.0,103.21593099537037,785,0,0,0,0,0,0,0,1,0,0,0,0,0.0,1.0,2,5,5,181265.11000000036,666373.9600000009,0,8.523933333333334,0.0,787,0,0,0,0,0,0,0,0,0,1,0,0,0.9205048534524404,-0.3907311284892736,1,0,0,1,0,0,0,0,0,0,0,0,0,0,0,0,0,1,0,0,0,0,1,0,0,0,0,0,0,0,0,0,0,0,0,0,0,0,0,0,1,0,0,0,0,1,0,0,0,0,0,0,0,0,0,0,0,0,0,0,0,0,0,0,1,0,0,1,0,0,0,0,0,0,0,0,0,0,0,0,0,0,0,1,0,0,0,0,0,0,0,3,0,0,0,0,0,0,0,0,0,0.9632309847024074,1.0,0.9101562957192936,1.0,0.5945875316750621,1.0,2.438407990489095,1.0,178345.58000000007,662969.2900000005
1,0,10,188285.58999999985,659377.2899999991,0,0.0,123.95346821759259,170,0,0,0,0,0,0,0,0,0,0,1,0,0.0,1.0,1,0,10,190015.04000000004,659611.7300000004,0,0.0,32.964915150462964,787,0,0,0,0,0,0,0,0,0,1,0,0,0.0,1.0,1,0,10,189613.1399999997,659628.6600000001,0,0.0,13.061601921296296,738,0,0,0,0,0,0,0,0,0,1,0,0,0.0,1.0,1,0,6,190137.86000000036,659584.3200000003,0,0.0,1.8440209953703703,134,0,0,0,0,0,0,0,0,0,0,0,1,0.0,1.0,0,0,0,1,0,0,0,0,0,0,0,0,0,0,0,0,0,1,0,0,0,0,1,0,0,0,0,0,0,0,0,0,0,0,0,0,0,0,0,0,1,0,0,0,0,1,0,0,0,0,0,0,0,0,0,0,0,0,0,0,0,0,0,0,1,0,0,0,1,0,0,0,0,0,0,0,0,0,0,0,0,0,0,0,0,0,0,0,1,0,0,0,0,0,0,0,0,0,0,0,0,2.9654990615218204,0.0,1.2102686066431003,1.0,0.3041018793783966,1.0,1.49740878594712,1.0,252683.87666666662,879400.6666666666
1,0,10,183694.99000000025,652624.1099999994,0,0.0,90.68637077546296,738,0,0,0,0,0,0,0,0,0,1,0,0,0.0,1.0,1,0,10,183741.01999999955,652595.0,0,0.0,90.68637152777778,738,0,0,0,0,0,0,0,0,0,1,0,0,0.0,1.0,1,5,5,176848.16000000015,655706.2799999993,0,29.525766666666666,0.0,1295,0,0,0,0,0,1,0,0,0,0,0,0,-0.5150380749100542,-0.8571673007021123,2,5,5,180538.76999999955,653889.2300000004,0,15.507616666666667,0.0,1295,0,0,0,0,0,1,0,0,0,0,0,0,-0.945518575599317,0.3255681544571563,0,0,0,1,0,0,0,0,0,0,0,0,0,0,0,0,0,1,0,0,0,0,1,0,0,0,0,0,0,0,0,0,0,0,0,0,0,0,0,0,1,0,0,0,1,0,0,0,0,0,0,0,0,0,0,0,0,0,0,0,0,0,1,0,0,0,0,1,0,0,0,0,0,0,0,0,0,0,0,0,0,0,0,0,1,0,0,0,0,0,0,2,0,0,0,0,0,0,0,0,0,1.323619060813301,1.0,1.3498764672457182,1.0,2.3395101635909223,1.0,0.3377268615475157,1.0,181205.73499999987,653703.6549999998
2,5,6,187870.84999999963,667718.5,0,22.541083333333333,0.0,1353,0,0,0,0,0,0,0,1,0,0,0,0,-0.3907311284892747,0.9205048534524399,2,5,5,188600.5599999996,666275.4800000004,0,11.691333333333333,0.0,1353,0,0,0,0,0,0,0,1,0,0,0,0,-0.13917310096006552,-0.9902680687415703,2,5,5,187340.5,667729.4900000002,0,10.774533333333334,0.0,1353,0,0,0,0,0,0,0,1,0,0,0,0,0.9702957262759965,0.2419218955996679,2,5,8,186065.16000000012,666657.0,0,25.140183333333333,0.0,1366,0,0,0,0,0,0,0,0,1,0,0,0,-0.9986295347545738,-0.052335956242944306,0,0,1,0,0,0,0,0,0,0,0,0,0,0,0,0,1,0,0,0,0,1,0,0,0,0,0,0,0,0,0,0,0,0,0,1,0,0,0,0,0,0,0,0,1,0,0,0,0,0,0,0,0,0,0,0,0,0,0,0,1,0,0,0,0,0,0,1,0,0,0,0,0,0,0,0,0,0,0,0,0,0,0,0,0,1,0,0,0,0,0,0,0,0,0,0,0,0,0,0,0,0.9451747479478533,1.0,1.7806517049998654,1.0,0.8250729993330461,1.0,1.8748017009925726,1.0,187469.26749999984,667095.1175000002
1,0,10,188285.58999999985,659377.2899999991,0,0.0,159.29939064814815,738,0,0,0,0,0,0,0,0,0,1,0,0,0.0,1.0,1,0,10,189613.1399999997,659628.6600000001,0,0.0,13.318558136574074,738,0,0,0,0,0,0,0,0,0,1,0,0,0.0,1.0,1,0,10,189613.1399999997,659628.6600000001,0,0.0,13.318558136574074,738,0,0,0,0,0,0,0,0,0,1,0,0,0.0,1.0,1,0,9,189608.8799999999,659721.5999999996,0,0.0,13.311589699074075,738,0,0,0,0,0,0,0,0,0,1,0,0,0.0,1.0,0,0,0,1,0,0,0,0,0,0,0,0,0,0,0,0,0,1,0,0,0,0,1,0,0,0,0,0,0,0,0,0,0,0,0,0,0,0,0,0,1,0,0,0,0,1,0,0,0,0,0,0,0,0,0,0,0,0,0,0,0,0,0,0,1,0,0,0,1,0,0,0,0,0,0,0,0,0,0,0,0,0,0,0,0,0,0,0,1,0,0,0,0,0,0,0,0,0,0,0,0,2.896106068338274,0.0,0.9549345882819791,1.0,0.9549345882819791,1.0,1.0093643639501109,1.0,252373.58333333302,879452.0699999997
2,0,10,186255.74000000025,659726.9600000009,0,0.0,139.51102532407407,790,0,0,0,0,0,0,0,0,0,0,1,0,0.0,1.0,2,0,6,186299.49000000025,659875.3900000006,0,0.0,4.766580740740741,1353,0,0,0,0,0,0,0,1,0,0,0,0,0.0,1.0,1,0,8,186080.84999999963,659975.5700000003,0,0.0,4.752009085648148,1353,0,0,0,0,0,0,0,1,0,0,0,0,0.0,1.0,1,0,6,187436.99000000025,659502.4800000004,0,772.9930833333333,0.0,790,0,0,0,0,0,0,0,0,0,0,1,0,0.0,1.0,0,0,0,1,0,0,0,0,0,0,0,0,0,0,0,0,0,1,0,0,0,0,1,0,0,0,0,0,0,0,0,0,0,0,0,0,0,0,0,0,1,0,0,0,0,1,0,0,0,0,0,0,0,0,0,0,0,0,0,0,0,0,0,0,1,0,0,0,1,0,0,0,0,0,0,0,0,0,0,0,0,0,0,0,0,0,0,0,1,0,0,0,0,0,0,0,0,0,0,0,0,0.7444719463776583,1.0,0.6794039197650568,1.0,1.3523200339231347,1.0,2.6776730243293874,0.0,248691.02333333343,879693.4666666674
2,0,10,177419.7000000002,662364.0999999996,0,0.0,100.70678726851853,2205,0,0,0,0,1,0,0,0,0,0,0,0,0.0,1.0,2,0,6,177412.58000000007,662309.3499999996,0,0.0,100.7067872800926,2205,0,0,0,0,1,0,0,0,0,0,0,0,0.0,1.0,2,0,6,177412.58000000007,662309.3499999996,0,0.0,100.7067872800926,2205,0,0,0,0,1,0,0,0,0,0,0,0,0.0,1.0,2,0,6,178254.65000000037,664765.3200000003,0,483.05701666666664,0.0,738,0,0,0,0,0,0,0,0,0,1,0,0,0.0,1.0,1,0,0,1,0,0,0,0,0,0,0,0,0,0,0,0,0,1,0,0,0,0,1,0,0,0,0,0,0,0,0,0,0,0,0,0,0,0,0,0,1,0,0,0,0,1,0,0,0,0,0,0,0,0,0,0,0,0,0,0,0,0,0,0,1,0,0,0,1,0,0,0,0,0,0,0,0,0,0,0,0,0,0,0,0,0,0,0,1,0,0,3,0,0,0,0,0,0,0,0,0,0.8574837875303307,1.0,0.9336410208155325,1.0,0.9336410208155325,1.0,2.72467333454884,0.0,236833.17000000025,883916.0399999997
1,0,10,188285.58999999985,659377.2899999991,0,0.0,159.59106525462963,738,0,0,0,0,0,0,0,0,0,1,0,0,0.0,1.0,2,0,10,190399.8799999999,659472.3200000003,0,0.0,41.66182807870371,1366,0,0,0,0,0,0,0,0,1,0,0,0,0.0,1.0,1,0,10,189948.21,659628.6099999994,0,0.0,33.54825275462963,787,0,0,0,0,0,0,0,0,0,1,0,0,0.0,1.0,1,0,9,189608.8799999999,659721.5999999996,0,0.0,13.603264328703704,738,0,0,0,0,0,0,0,0,0,1,0,0,0.0,1.0,0,0,0,1,0,0,0,0,0,0,0,0,0,0,0,0,0,1,0,0,0,0,1,0,0,0,0,0,0,0,0,0,0,0,0,0,0,0,0,0,1,0,0,0,0,1,0,0,0,0,0,0,0,0,0,0,0,0,0,0,0,0,0,0,1,0,0,0,1,0,0,0,0,0,0,0,0,0,0,0,0,0,0,0,0,0,0,0,1,0,0,0,0,0,0,0,0,0,0,0,0,2.792586010108149,0.0,1.8292364071282106,1.0,0.8583170005637165,1.0,0.3869657149612053,1.0,252747.51999999987,879399.9399999995
1,0,10,183741.01999999955,652595.0,0,0.0,90.6030440625,738,0,0,0,0,0,0,0,0,0,1,0,0,0.0,1.0,1,0,10,183694.99000000025,652624.1099999994,0,0.0,90.64470460648148,738,0,0,0,0,0,0,0,0,0,1,0,0,0.0,1.0,2,5,7,179940.5,652022.6199999992,0,17.867583333333332,0.0,2324,0,0,0,0,1,0,0,0,0,0,0,0,0.8386705679454239,0.5446390350150272,2,5,5,181147.23000000045,651331.4100000001,0,16.057783333333333,0.0,2205,0,0,0,0,1,0,0,0,0,0,0,0,0.9876883405951377,-0.15643446504023104,0,0,0,1,0,0,0,0,0,0,0,0,0,0,0,0,0,1,0,0,0,0,1,0,0,0,0,0,0,0,0,0,0,0,0,0,0,0,0,0,1,0,0,0,1,0,0,0,0,0,0,0,0,0,0,0,0,0,0,0,0,0,1,0,0,0,0,0,0,1,0,0,0,0,0,0,1,0,0,0,0,0,0,0,0,0,0,0,0,0,0,2,0,0,0,0,0,0,0,0,0,1.5412246414936241,1.0,1.508086620922841,1.0,2.0218692200442665,1.0,1.1755308275210816,1.0,182130.93500000006,652143.2849999997
2,0,10,186260.91999999995,659751.1099999994,0,0.0,133.13602270833334,790,0,0,0,0,0,0,0,0,0,0,1,0,0.0,1.0,1,0,10,187492.6399999997,659382.8399999999,0,0.0,86.28680875,787,0,0,0,0,0,0,0,0,0,1,0,0,0.0,1.0,1,0,10,187663.8200000003,659810.7899999991,0,0.0,84.45346366898148,1353,0,0,0,0,0,0,0,1,0,0,0,0,0.0,1.0,1,0,10,187667.66999999995,659861.0099999998,0,0.0,84.45346381944445,1353,0,0,0,0,0,0,0,1,0,0,0,0,0.0,1.0,0,0,0,1,0,0,0,0,0,0,0,0,0,0,0,0,0,1,0,0,0,0,1,0,0,0,0,0,0,0,0,0,0,0,0,0,0,0,0,0,1,0,0,0,0,1,0,0,0,0,0,0,0,0,0,0,0,0,0,0,0,0,0,0,1,0,0,0,1,0,0,0,0,0,0,0,0,0,0,0,0,0,0,0,0,0,0,0,1,0,0,0,0,0,0,0,0,0,0,0,0,2.6084662290314955,0.0,1.0004109858281542,1.0,1.0508096270893872,1.0,1.101908343277595,1.0,249695.0166666666,879601.916666666
1,0,10,180135.2000000002,662368.6999999993,0,0.0,107.7173619675926,1353,0,0,0,0,0,0,0,1,0,0,0,0,0.0,1.0,2,0,6,177381.6299999999,661904.2699999996,0,0.0,103.75760511574074,785,0,0,0,0,0,0,0,1,0,0,0,0,0.0,1.0,1,0,6,179062.41999999993,665885.5,0,0.0,58.661818043981484,1366,0,0,0,0,0,0,0,0,1,0,0,0,0.0,1.0,1,0,10,179115.53000000026,665875.9800000004,0,0.0,56.95483886574074,2205,0,0,0,0,1,0,0,0,0,0,0,0,0.0,1.0,1,0,0,1,0,0,0,0,0,0,0,0,0,0,0,0,0,1,0,0,0,0,1,0,0,0,0,0,0,0,0,0,0,0,0,0,0,0,0,0,1,0,0,0,0,1,0,0,0,0,0,0,0,0,0,0,0,0,0,0,0,0,0,0,1,0,0,0,1,0,0,0,0,0,0,0,0,0,0,0,0,0,0,0,0,0,0,0,1,0,0,0,0,0,0,0,0,0,0,0,0,1.4223330259020572,1.0,1.819957869827692,1.0,1.3128937433579886,1.0,1.309536881207938,1.0,178923.69500000007,664008.6124999998
1,0,10,186647.59999999963,695230.3699999992,0,0.0,30.58569369212963,738,0,0,0,0,0,0,0,0,0,1,0,0,0.0,1.0,1,0,10,186810.84999999963,695239.0700000003,0,0.0,30.585694097222223,738,0,0,0,0,0,0,0,0,0,1,0,0,0.0,1.0,2,5,5,188028.4500000002,690994.1600000001,0,28.0334,0.0,2324,0,0,0,0,1,0,0,0,0,0,0,0,-0.9945218953682734,-0.10452846326765336,2,5,6,187158.91000000012,692585.7599999998,0,29.89913333333333,0.0,2324,0,0,0,0,1,0,0,0,0,0,0,0,0.24192189559966773,0.9702957262759965,0,0,0,1,0,0,0,0,0,0,0,0,0,0,0,0,0,1,0,0,0,0,1,0,0,0,0,0,0,0,0,0,0,0,0,0,0,0,0,0,1,0,0,0,1,0,0,0,0,0,0,0,0,0,0,0,0,0,0,0,0,0,1,0,0,0,0,1,0,0,0,0,0,0,0,0,0,0,0,0,0,0,0,1,0,0,0,0,0,0,0,0,0,0,0,0,0,0,0,0,0,1.5290716046600024,1.0,1.5024122654742462,1.0,2.270933255126292,1.0,0.7900899612401691,1.0,187161.4524999999,693512.3399999999
1,0,10,186647.59999999963,695230.3699999992,0,0.0,27.794018726851853,738,0,0,0,0,0,0,0,0,0,1,0,0,0.0,1.0,1,0,10,186810.84999999963,695239.0700000003,0,0.0,27.794019050925925,738,0,0,0,0,0,0,0,0,0,1,0,0,0.0,1.0,1,5,5,187561.23000000045,692726.4000000004,0,22.120283333333333,0.0,649,0,0,0,0,0,0,1,0,0,0,0,0,0.5150380749100542,0.8571673007021123,2,5,5,187433.96,687687.7200000007,0,18.805033333333334,0.0,1353,0,0,0,0,0,0,0,1,0,0,0,0,-0.9612616959383188,0.2756373558169994,0,0,0,1,0,0,0,0,0,0,0,0,0,0,0,0,0,1,0,0,0,0,1,0,0,0,0,0,0,0,0,0,0,0,0,0,0,0,0,0,1,0,0,0,1,0,0,0,0,0,0,0,0,0,0,0,0,0,0,1,0,0,0,0,0,0,0,1,0,0,0,0,0,0,0,0,0,0,0,0,0,0,0,0,0,0,1,0,0,0,0,0,0,0,0,0,0,0,0,0,0,1.470183194361468,1.0,1.4609355738097785,1.0,0.257969466729338,1.0,2.9050428129983494,0.0,249484.54666666655,923627.8533333335
17,0,6,178698.5599999996,663005.4399999995,0,0.0,71.20006351851852,790,0,0,0,0,0,0,0,0,0,0,1,0,0.0,1.0,17,0,6,178698.5599999996,663005.4399999995,0,0.0,71.20006351851852,790,0,0,0,0,0,0,0,0,0,0,1,0,0.0,1.0,1,0,6,179674.59999999963,663477.4800000004,0,1023.0081333333334,0.0,2205,0,0,0,0,1,0,0,0,0,0,0,0,0.0,1.0,2,5,5,179038.88999999966,665666.2400000002,0,31.558133333333334,0.0,235,1,0,0,0,0,0,0,0,0,0,0,0,0.0,1.0,1,0,0,1,0,0,0,0,0,0,0,0,0,0,0,0,0,1,0,0,0,0,1,0,0,0,0,0,0,0,0,0,0,0,0,0,0,0,0,0,1,0,0,0,0,1,0,0,0,0,0,0,0,0,0,0,0,0,0,0,0,0,0,0,1,0,0,0,1,0,0,0,0,0,0,0,0,0,0,0,0,0,0,0,0,0,0,1,0,0,0,2,0,0,0,0,0,0,0,0,0,1.1330668141297944,1.0,1.1330668141297944,1.0,0.9574803552337731,1.0,2.5042619705261138,0.0,238703.53666666616,885051.5333333332
2,0,10,179084.16000000015,663131.1799999997,0,0.0,156.5720404050926,1141,0,0,0,0,0,0,1,0,0,0,0,0,0.0,1.0,2,0,10,179225.83999999985,663041.8200000003,0,0.0,127.49513065972222,785,0,0,0,0,0,0,0,1,0,0,0,0,0.0,1.0,1,0,10,180135.2000000002,662368.6999999993,0,0.0,107.4256862037037,1353,0,0,0,0,0,0,0,1,0,0,0,0,0.0,1.0,1,0,10,179022.34999999963,665899.0600000005,0,0.0,58.37014226851852,1366,0,0,0,0,0,0,0,0,1,0,0,0,0.0,1.0,1,0,0,1,0,0,0,0,0,0,0,0,0,0,0,0,0,1,0,0,0,0,1,0,0,0,0,0,0,0,0,0,0,0,0,0,0,0,0,0,1,0,0,0,0,1,0,0,0,0,0,0,0,0,0,0,0,0,0,0,0,0,0,0,1,0,0,0,1,0,0,0,0,0,0,0,0,0,0,0,0,0,0,0,0,0,0,0,1,0,0,0,0,0,0,0,0,0,0,0,0,0.6167840845224776,1.0,0.6493690470580862,1.0,1.6189604813698695,1.0,2.566667881232576,0.0,239155.84999999995,884813.5866666666
1,0,9,180759.6799999997,661531.8699999992,0,0.0,23.947702118055556,1141,0,0,0,0,0,0,1,0,0,0,0,0,0.0,1.0,1,0,10,180468.24000000025,661860.9900000002,0,0.0,10.906128067129629,649,0,0,0,0,0,0,1,0,0,0,0,0,0.0,1.0,1,5,5,180241.53000000023,669351.4199999999,0,16.55775,0.0,1295,0,0,0,0,0,1,0,0,0,0,0,0,0.8090169943749475,0.5877852522924731,2,5,6,182646.76999999955,668270.7599999998,0,2.9411,0.0,1295,0,0,0,0,0,1,0,0,0,0,0,0,0.6156614753256582,0.788010753606722,1,0,0,1,0,0,0,0,0,0,0,0,0,0,0,0,0,1,0,0,0,0,1,0,0,0,0,0,0,0,0,0,0,0,0,0,0,0,0,0,1,0,0,0,0,0,1,0,0,0,0,0,0,0,0,0,0,0,0,0,0,0,0,0,0,1,0,1,0,0,0,0,0,0,0,0,0,0,0,0,0,0,0,0,1,0,0,0,0,0,0,0,0,0,0,0,0,0,0,0,0,1.6469506115593486,1.0,1.5177159146537036,1.0,1.8415968245920031,1.0,1.510891236231304,1.0,181029.05499999993,665253.7599999998
2,0,10,178747.04000000004,666085.1899999995,0,0.0,96.17769412037038,1000,0,0,0,0,0,1,0,0,0,0,0,0,0.0,1.0,2,0,10,178578.91999999993,665596.5600000005,0,0.0,55.995147789351854,1540,0,0,0,0,0,0,0,0,1,0,0,0,0.0,1.0,1,5,7,179613.74000000022,663345.6400000006,0,10.262766666666666,0.0,1353,0,0,0,0,0,0,0,1,0,0,0,0,-0.9816271834476641,0.19080899537654425,17,5,6,179283.71999999974,664020.2200000007,0,4.762733333333333,0.0,1353,0,0,0,0,0,0,0,1,0,0,0,0,0.224951054343865,0.9743700647852352,1,0,0,1,0,0,0,0,0,0,0,0,0,0,0,0,0,1,0,0,0,0,1,0,0,0,0,0,0,0,0,0,0,0,0,0,0,0,0,0,1,0,0,0,1,0,0,0,0,0,0,0,0,0,0,0,0,0,0,0,0,0,1,0,0,0,1,0,0,0,1,0,0,0,0,0,0,0,0,0,0,0,0,0,0,0,0,0,0,0,0,0,0,0,0,0,0,0,0,0,0,1.7732953105152294,1.0,1.25451465960858,1.0,1.986450896832849,1.0,1.0125473009670982,1.0,179055.85499999998,664761.9025000003
2,0,6,177412.58000000007,662309.3499999996,0,0.0,98.11649494212963,2205,0,0,0,0,1,0,0,0,0,0,0,0,0.0,1.0,2,0,7,177349.91999999993,661773.3100000005,0,0.0,98.11649495370371,2205,0,0,0,0,1,0,0,0,0,0,0,0,0.0,1.0,2,0,10,179116.7000000002,665979.1099999994,0,0.0,54.988971828703704,1141,0,0,0,0,0,0,1,0,0,0,0,0,0.0,1.0,1,0,10,179116.38999999966,665972.2300000004,0,0.0,54.07981672453704,2205,0,0,0,0,1,0,0,0,0,0,0,0,0.0,1.0,1,0,0,1,0,0,0,0,0,0,0,0,0,0,0,0,0,1,0,0,0,0,1,0,0,0,0,0,0,0,0,0,0,0,0,0,0,0,0,0,1,0,0,0,0,1,0,0,0,0,0,0,0,0,0,0,0,0,0,0,0,0,0,0,1,0,0,0,1,0,0,0,0,0,0,0,0,0,0,0,0,0,0,0,0,0,0,0,1,0,0,2,0,0,0,0,0,0,0,0,0,1.331698934091365,1.0,1.6941070212999603,1.0,1.5141123322884418,1.0,1.5095978996551285,1.0,178248.89749999996,664008.5
2,5,5,184021.9400000004,667362.0099999998,0,29.62425,0.0,1353,0,0,0,0,0,0,0,1,0,0,0,0,0.9396926207859083,0.3420201433256688,2,1,7,185269.16999999995,664971.1199999992,0,28.574266666666666,0.0,1353,0,0,0,0,0,0,0,1,0,0,0,0,0.3090169943749475,-0.9510565162951535,2,5,5,185581.1900000004,666637.0899999999,0,27.407216666666667,0.0,1353,0,0,0,0,0,0,0,1,0,0,0,0,-0.9998476951563913,-0.017452406437283498,2,5,5,185210.1900000004,665147.8800000008,0,19.2405,0.0,1353,0,0,0,0,0,0,0,1,0,0,0,0,0.258819045102521,-0.9659258262890682,0,0,1,0,0,0,0,0,0,0,0,0,0,0,0,0,1,0,0,0,0,1,0,0,0,0,0,0,0,0,0,0,0,0,0,0,0,0,1,0,0,0,0,0,1,0,0,0,0,0,0,0,0,0,0,0,0,0,0,1,0,0,0,0,0,0,0,1,0,0,0,0,0,0,0,0,0,0,0,0,0,0,0,0,0,1,0,0,0,0,0,2,0,0,0,0,0,0,0,0,0,2.0830198939357034,1.0,1.3599903665859705,1.0,1.0340843481992248,1.0,1.128068154975983,1.0,185020.6225000003,666029.5249999999
2,0,10,179193.58000000007,662978.9499999993,0,0.0,158.37876460648147,1141,0,0,0,0,0,0,1,0,0,0,0,0,0.0,1.0,1,0,10,179022.34999999963,665899.0600000005,0,0.0,58.20347525462963,1366,0,0,0,0,0,0,0,0,1,0,0,0,0.0,1.0,1,0,6,179062.41999999993,665885.5,0,0.0,58.203475266203704,1366,0,0,0,0,0,0,0,0,1,0,0,0,0.0,1.0,1,0,10,179115.53000000026,665875.9800000004,0,0.0,56.49649609953704,2205,0,0,0,0,1,0,0,0,0,0,0,0,0.0,1.0,1,0,0,1,0,0,0,0,0,0,0,0,0,0,0,0,0,1,0,0,0,0,1,0,0,0,0,0,0,0,0,0,0,0,0,0,0,0,0,0,1,0,0,0,0,1,0,0,0,0,0,0,0,0,0,0,0,0,0,0,0,0,0,0,1,0,0,0,1,0,0,0,0,0,0,0,0,0,0,0,0,0,0,0,0,0,0,0,1,0,0,2,0,0,0,0,0,0,0,0,0,3.299384624547562,0.0,1.1231178930713894,1.0,1.0980678275250735,1.0,1.0826337373123127,1.0,238797.95999999996,886879.8300000001
2,0,10,178672.3799999999,665806.7899999991,0,0.0,55.8284775,1540,0,0,0,0,0,0,0,0,1,0,0,0,0.0,1.0,2,5,5,179621.24000000022,666276.3900000006,0,18.59095,0.0,1000,0,0,0,0,0,1,0,0,0,0,0,0,-0.15643446504023073,-0.9876883405951378,2,5,5,180332.6399999997,668844.2899999991,0,14.37265,0.0,1141,0,0,0,0,0,0,1,0,0,0,0,0,0.992546151641322,0.12186934340514749,1,5,5,178222.04000000004,663799.6799999997,0,3.0393166666666667,0.0,1141,0,0,0,0,0,0,1,0,0,0,0,0,-0.7660444431189781,0.6427876096865393,1,0,0,1,0,0,0,0,0,0,0,0,0,0,0,0,0,1,0,0,0,1,0,0,0,0,0,0,0,0,0,0,0,0,0,0,0,0,1,0,0,0,0,0,1,0,0,0,0,0,0,0,0,0,0,0,0,0,0,0,1,0,0,0,0,0,0,1,0,0,0,0,0,0,0,0,0,0,0,0,0,0,0,0,0,0,1,0,0,0,0,0,0,0,0,0,0,0,0,0,0,0.5021522695267298,1.0,0.3208883227991329,1.0,2.207238790625441,1.0,1.9710974288273562,1.0,179212.07499999995,666181.7874999996
2,0,10,178578.91999999993,665596.5600000005,0,0.0,56.32847810185185,1540,0,0,0,0,0,0,0,0,1,0,0,0,0.0,1.0,2,0,10,178672.3799999999,665806.7899999991,0,0.0,56.32847810185185,1540,0,0,0,0,0,0,0,0,1,0,0,0,0.0,1.0,2,0,6,179404.41000000015,663471.5099999998,0,892.9917666666666,0.0,2205,0,0,0,0,1,0,0,0,0,0,0,0,0.0,1.0,2,0,6,179485.95999999996,663510.0199999996,0,892.9918166666666,0.0,2205,0,0,0,0,1,0,0,0,0,0,0,0,0.0,1.0,1,0,0,1,0,0,0,0,0,0,0,0,0,0,0,0,0,1,0,0,0,0,1,0,0,0,0,0,0,0,0,0,0,0,0,0,0,0,0,0,1,0,0,0,0,1,0,0,0,0,0,0,0,0,0,0,0,0,0,0,0,0,0,0,1,0,0,0,1,0,0,0,0,0,0,0,0,0,0,0,0,0,0,0,0,0,0,0,1,0,0,2,0,0,0,0,0,0,0,0,0,1.4466769277872762,1.0,1.662783836001333,1.0,1.5573446355625824,1.0,1.5471359730528378,1.0,179035.41749999998,664596.2199999997
1,0,10,186647.59999999963,695230.3699999992,0,0.0,27.627354467592593,738,0,0,0,0,0,0,0,0,0,1,0,0,0.0,1.0,1,0,10,186810.84999999963,695239.0700000003,0,0.0,27.62735486111111,738,0,0,0,0,0,0,0,0,0,1,0,0,0.0,1.0,6,5,5,189072.41000000012,692231.9700000007,0,23.006566666666668,0.0,2205,0,0,0,0,1,0,0,0,0,0,0,0,0.9961946980917455,-0.08715574274765824,6,4,5,188581.0,692302.3699999992,0,20.22445,0.0,2205,0,0,0,0,1,0,0,0,0,0,0,0,-0.992546151641322,0.12186934340514768,0,0,0,1,0,0,0,0,0,0,0,0,0,0,0,0,0,1,0,0,0,0,1,0,0,0,0,0,0,0,0,0,0,0,0,0,0,0,0,0,1,0,0,0,1,0,0,0,0,0,0,0,0,0,0,0,0,0,0,0,0,0,1,0,0,0,0,1,0,0,0,0,0,0,0,0,0,0,0,0,0,0,0,1,0,0,0,0,0,0,0,0,0,0,0,0,0,0,0,0,0,1.461071288962996,1.0,1.3927526261019056,1.0,1.5661336802651198,1.0,1.2997567789659352,1.0,187777.96499999985,693750.9449999998
1,5,8,175760.38999999966,655963.3300000001,0,37.579883333333335,0.0,860,0,0,0,1,0,0,0,0,0,0,0,0,-0.945518575599317,0.3255681544571563,2,5,8,180821.3700000001,653761.9600000009,0,31.94715,0.0,860,0,0,0,1,0,0,0,0,0,0,0,0,-0.7771459614569708,0.6293203910498375,2,5,5,181991.96,651019.1699999999,0,1.84695,0.0,860,0,0,0,1,0,0,0,0,0,0,0,0,-0.46947156278589086,-0.8829475928589269,1,5,5,181115.25999999975,651856.6099999994,0,1.6966833333333333,0.0,860,0,0,0,1,0,0,0,0,0,0,0,0,-0.992546151641322,0.12186934340514768,0,0,0,0,1,0,0,1,0,0,0,0,0,0,0,0,0,0,0,0,0,1,0,0,0,0,0,0,0,0,0,0,0,0,0,1,0,0,0,0,0,0,0,0,1,0,0,0,0,0,0,0,0,0,0,0,0,0,0,0,0,1,0,0,0,0,0,1,0,0,0,0,0,0,0,0,0,0,0,0,0,0,0,0,1,0,0,0,0,0,0,0,0,0,0,0,0,0,0,0,0,2.3121278009930846,1.0,0.5005338447656476,1.0,1.3673521153307546,1.0,0.8099807694386068,1.0,179922.24499999988,653150.2675000001
1,0,10,179748.33000000007,666135.5099999998,0,0.0,182.70348840277777,395,0,0,0,1,0,0,0,0,0,0,0,0,0.0,1.0,17,0,10,178626.95999999996,663024.7799999993,0,0.0,71.06810649305555,790,0,0,0,0,0,0,0,0,0,0,1,0,0.0,1.0,1,0,7,180759.6799999997,661531.8699999992,0,0.0,25.447712974537037,1141,0,0,0,0,0,0,1,0,0,0,0,0,0.0,1.0,1,0,6,179222.96999999974,663009.2200000007,0,773.0066833333333,0.0,1295,0,0,0,0,0,1,0,0,0,0,0,0,0.0,1.0,1,0,0,1,0,0,0,0,0,0,0,0,0,0,0,0,0,1,0,0,0,0,1,0,0,0,0,0,0,0,0,0,0,0,0,0,0,0,0,0,1,0,0,0,0,1,0,0,0,0,0,0,0,0,0,0,0,0,0,0,0,0,0,0,1,0,0,0,1,0,0,0,0,0,0,0,0,0,0,0,0,0,0,0,0,0,0,0,1,0,0,0,0,0,0,0,0,0,0,0,0,2.2057640422052778,1.0,0.8470611824910981,1.0,1.8085191799049924,1.0,0.4505432103422246,1.0,179589.48499999987,663425.3449999997
1,0,10,186810.84999999963,695239.0700000003,0,0.0,30.04402204861111,738,0,0,0,0,0,0,0,0,0,1,0,0,0.0,1.0,1,0,10,186647.59999999963,695230.3699999992,0,0.0,30.085687141203703,738,0,0,0,0,0,0,0,0,0,1,0,0,0.0,1.0,1,0,10,186810.84999999963,695239.0700000003,0,0.0,30.085687407407406,738,0,0,0,0,0,0,0,0,0,1,0,0,0.0,1.0,2,5,5,187734.6500000004,692420.4600000009,0,5.423216666666667,0.0,170,0,0,0,0,0,0,0,0,0,0,1,0,-0.992546151641322,0.12186934340514768,0,0,0,1,0,0,0,0,0,0,0,0,0,0,0,0,0,1,0,0,0,0,1,0,0,0,0,0,0,0,0,0,0,0,0,0,0,0,0,0,1,0,0,0,0,1,0,0,0,0,0,0,0,0,0,0,0,0,0,0,0,0,0,0,1,0,0,1,0,0,0,0,0,0,0,0,0,0,0,0,0,0,0,1,0,0,0,0,0,0,0,0,0,0,0,0,0,0,0,0,0,0.8882756028614163,1.0,0.9495837480785597,1.0,0.8882756028614163,1.0,2.7130439178589922,0.0,249334.64999999976,926042.9900000002
2,0,10,178618.1799999997,665686.4600000009,0,0.0,56.41180939814815,1540,0,0,0,0,0,0,0,0,1,0,0,0,0.0,1.0,1,0,7,179719.23000000045,665936.1300000008,0,0.0,13.37016587962963,1366,0,0,0,0,0,0,0,0,1,0,0,0,0.0,1.0,2,0,7,179356.41999999993,663419.3599999994,0,1012.9888833333333,0.0,2205,0,0,0,0,1,0,0,0,0,0,0,0,0.0,1.0,2,0,6,180282.23000000045,662389.2100000009,0,593.0388833333334,0.0,1540,0,0,0,0,0,0,0,0,1,0,0,0,0.0,1.0,1,0,0,1,0,0,0,0,0,0,0,0,0,0,0,0,0,1,0,0,0,0,1,0,0,0,0,0,0,0,0,0,0,0,0,0,0,0,0,0,1,0,0,0,0,1,0,0,0,0,0,0,0,0,0,0,0,0,0,0,0,0,0,0,1,0,0,0,1,0,0,0,0,0,0,0,0,0,0,0,0,0,0,0,0,0,0,0,1,0,0,0,0,0,0,0,0,0,0,0,0,1.5121441977954777,1.0,1.5149563559976347,1.0,0.9012460390136449,1.0,2.0149503033033036,1.0,179494.01500000013,664357.7900000005
2,0,6,177434.91000000015,662363.7100000009,0,0.0,103.4728874537037,785,0,0,0,0,0,0,0,1,0,0,0,0,0.0,1.0,2,0,6,179434.73000000045,663473.0600000005,0,1023.0079333333333,0.0,2205,0,0,0,0,1,0,0,0,0,0,0,0,0.0,1.0,2,0,6,183021.00999999975,668137.2799999993,0,963.0245666666667,0.0,1295,0,0,0,0,0,1,0,0,0,0,0,0,0.0,1.0,2,0,6,183021.00999999975,668137.2799999993,0,963.0245666666667,0.0,1295,0,0,0,0,0,1,0,0,0,0,0,0,0.0,1.0,1,0,0,1,0,0,0,0,0,0,0,0,0,0,0,0,0,1,0,0,0,0,1,0,0,0,0,0,0,0,0,0,0,0,0,0,0,0,0,0,1,0,0,0,0,1,0,0,0,0,0,0,0,0,0,0,0,0,0,0,0,0,0,0,1,0,0,0,1,0,0,0,0,0,0,0,0,0,0,0,0,0,0,0,0,0,0,0,1,0,0,2,0,0,0,0,0,0,0,0,0,1.8127991799969254,1.0,0.9637386702342712,1.0,1.378946796819109,1.0,1.378946796819109,1.0,180727.91500000004,665527.8325
1,5,5,184004.9299999997,664916.0199999996,0,14.126333333333333,0.0,2205,0,0,0,0,1,0,0,0,0,0,0,0,-0.08715574274765832,0.9961946980917455,1,5,5,184056.51999999955,664953.8599999994,0,9.743366666666667,0.0,2205,0,0,0,0,1,0,0,0,0,0,0,0,-0.9876883405951377,-0.15643446504023104,1,5,5,185224.8700000001,664570.3000000007,0,9.3431,0.0,2205,0,0,0,0,1,0,0,0,0,0,0,0,0.9702957262759965,-0.24192189559966779,2,5,5,183676.8200000003,667250.4299999997,0,2.593383333333333,0.0,2205,0,0,0,0,1,0,0,0,0,0,0,0,0.9455185755993167,0.32556815445715676,0,0,1,0,0,0,0,0,0,0,0,0,0,0,0,0,1,0,0,0,0,1,0,0,0,0,0,0,0,0,0,0,0,0,0,0,0,0,1,0,0,0,0,0,1,0,0,0,0,0,0,0,0,0,0,0,0,0,0,0,0,0,1,0,0,0,0,0,0,1,0,0,0,0,1,0,0,0,0,0,0,0,0,0,0,0,0,0,0,0,0,0,0,0,0,0,0,0,0,0,0,0.6764294872282257,1.0,0.6096927888267266,1.0,1.5758299298124416,1.0,2.3152860374432622,1.0,184240.78499999992,665422.6524999999
2,0,10,179084.16000000015,663131.1799999997,0,0.0,156.78037508101852,1141,0,0,0,0,0,0,1,0,0,0,0,0,0.0,1.0,2,0,10,179225.83999999985,663041.8200000003,0,0.0,127.70346534722222,785,0,0,0,0,0,0,0,1,0,0,0,0,0.0,1.0,2,0,10,177424.86000000034,662262.4000000004,0,0.0,103.67426391203703,785,0,0,0,0,0,0,0,1,0,0,0,0,0.0,1.0,2,5,5,181157.98000000045,671596.9600000009,0,3.7567666666666666,0.0,395,0,0,0,1,0,0,0,0,0,0,0,0,-0.5299192642332048,-0.8480480961564261,1,0,0,1,0,0,0,0,0,0,0,0,0,0,0,0,0,1,0,0,0,0,1,0,0,0,0,0,0,0,0,0,0,0,0,0,0,0,0,0,1,0,0,0,0,1,0,0,0,0,0,0,0,0,0,0,0,0,0,0,0,0,0,0,1,0,0,1,0,0,0,0,0,0,0,0,0,0,0,0,0,0,0,0,1,0,0,0,0,0,0,0,0,0,0,0,0,0,0,0,0,0.7320840852376173,1.0,0.7648433612722348,1.0,1.2767174560121552,1.0,2.671160223651496,0.0,238964.28000000026,886677.4533333337
1,5,8,178565.36000000034,654781.8200000003,0,25.365383333333334,0.0,1353,0,0,0,0,0,0,0,1,0,0,0,0,-0.45399049973954625,-0.8910065241883681,2,1,5,178162.61000000034,655588.8699999992,0,18.76605,0.0,1353,0,0,0,0,0,0,0,1,0,0,0,0,-0.898794046299167,0.4383711467890774,2,5,7,180426.71,653925.9100000001,0,13.53275,0.0,1353,0,0,0,0,0,0,0,1,0,0,0,0,-0.9816271834476641,0.19080899537654425,2,5,5,178479.1900000004,654692.4399999995,0,9.681916666666666,0.0,1353,0,0,0,0,0,0,0,1,0,0,0,0,0.8660254037844387,-0.4999999999999998,0,0,1,0,0,0,0,0,0,0,0,0,0,1,0,0,0,0,0,0,1,0,0,0,0,0,1,0,0,0,0,0,0,0,0,0,0,0,0,0,0,0,0,0,1,0,0,0,0,0,0,0,0,0,0,0,0,0,0,1,0,0,0,0,0,0,0,1,0,0,0,0,0,0,0,0,0,0,0,0,0,0,0,0,1,0,0,0,0,0,0,0,0,0,0,0,0,0,0,0,0,0.4665807511732589,1.0,1.5215387426872293,1.0,2.3355496339610866,1.0,0.5855383959600539,1.0,178908.46750000026,654747.2599999998
2,0,6,191566.1299999999,675454.4299999997,0,892.9685,0.0,790,0,0,0,0,0,0,0,0,0,0,1,0,0.0,1.0,2,0,6,191484.1399999997,675480.1400000006,0,892.96875,0.0,790,0,0,0,0,0,0,0,0,0,0,1,0,0.0,1.0,2,0,6,191556.61000000036,675457.2400000002,0,892.97015,0.0,790,0,0,0,0,0,0,0,0,0,0,1,0,0.0,1.0,1,5,5,191803.8899999997,675829.5700000003,0,16.286266666666666,0.0,1000,0,0,0,0,0,1,0,0,0,0,0,0,-0.9612616959383188,0.2756373558169994,0,0,0,1,0,0,0,0,0,0,0,0,0,0,0,0,0,1,0,0,0,0,1,0,0,0,0,0,0,0,0,0,0,0,0,0,0,0,0,0,1,0,0,0,0,1,0,0,0,0,0,0,0,0,0,0,0,0,0,0,0,0,0,0,1,0,0,1,0,0,0,0,0,0,0,0,0,0,0,0,0,0,0,0,0,1,0,0,0,0,0,3,0,0,0,0,0,0,0,0,0,0.7692866384831443,1.0,1.0062324296458176,1.0,0.7768462438647773,1.0,2.4376893794386345,1.0,191602.6924999999,675555.3450000002
2,5,5,186163.0,664936.9100000001,0,21.792433333333335,0.0,2205,0,0,0,0,1,0,0,0,0,0,0,0,-0.01745240643728445,0.9998476951563913,2,5,6,185772.2000000002,663790.5399999991,0,19.908583333333333,0.0,2205,0,0,0,0,1,0,0,0,0,0,0,0,-0.848048096156426,-0.529919264233205,1,5,5,185688.83000000007,665475.4199999999,0,13.524783333333334,0.0,2205,0,0,0,0,1,0,0,0,0,0,0,0,-0.587785252292473,-0.8090169943749475,2,5,5,186018.08000000007,664075.7200000007,0,5.575716666666667,0.0,2205,0,0,0,0,1,0,0,0,0,0,0,0,0.20791169081775931,0.9781476007338057,0,0,1,0,0,0,0,0,0,0,0,0,0,0,0,0,1,0,0,0,0,1,0,0,0,0,0,0,0,0,0,0,0,0,0,1,0,0,0,0,0,0,0,0,1,0,0,0,0,0,0,0,0,0,0,0,0,0,0,0,0,0,1,0,0,0,0,1,0,0,0,0,0,0,0,0,0,0,0,0,0,0,0,0,0,0,1,0,0,0,0,0,0,0,0,0,0,0,0,0,0,1.0346933566829704,1.0,1.8370985077086859,1.0,2.1649549098132574,1.0,1.1735950171987133,1.0,185910.52750000008,664569.6475
1,0,10,187492.6399999997,659382.8399999999,0,0.0,127.66182315972222,787,0,0,0,0,0,0,0,0,0,1,0,0,0.0,1.0,1,0,6,187667.66999999995,659861.0099999998,0,0.0,82.8284666550926,1353,0,0,0,0,0,0,0,1,0,0,0,0,0.0,1.0,20,0,6,187301.4000000004,659492.1300000008,0,953.0419333333333,0.0,787,0,0,0,0,0,0,0,0,0,1,0,0,0.0,1.0,20,0,6,187270.0,659512.6500000004,0,953.0419333333333,0.0,787,0,0,0,0,0,0,0,0,0,1,0,0,0.0,1.0,0,0,0,1,0,0,0,0,0,0,0,0,0,0,0,0,0,1,0,0,0,0,1,0,0,0,0,0,0,0,0,0,0,0,0,0,0,0,0,0,1,0,0,0,0,1,0,0,0,0,0,0,0,0,0,0,0,0,0,0,0,0,0,0,1,0,0,0,1,0,0,0,0,0,0,0,0,0,0,0,0,0,0,0,0,0,0,0,1,0,0,0,0,0,0,0,0,0,0,0,0,1.1132324937911644,1.0,2.2383962882611534,1.0,0.8776818692362269,1.0,1.0029973681858346,1.0,187432.92750000002,659562.1575000002
2,0,10,190399.8799999999,659472.3200000003,0,0.0,41.036838009259256,1366,0,0,0,0,0,0,0,0,1,0,0,0,0.0,1.0,1,0,10,189948.21,659628.6099999994,0,0.0,32.92326253472222,787,0,0,0,0,0,0,0,0,0,1,0,0,0.0,1.0,1,0,9,189608.8799999999,659721.5999999996,0,0.0,12.978274166666667,738,0,0,0,0,0,0,0,0,0,1,0,0,0.0,1.0,2,5,6,187927.3799999999,660053.3200000003,0,10.497466666666666,0.0,1366,0,0,0,0,0,0,0,0,1,0,0,0,-0.22495105434386534,0.9743700647852351,0,0,0,1,0,0,0,0,0,0,0,0,0,0,0,0,0,1,0,0,0,0,1,0,0,0,0,0,0,0,0,0,0,0,0,0,0,0,0,0,1,0,0,0,0,1,0,0,0,0,0,0,0,0,0,0,0,0,0,0,0,0,0,0,1,0,0,1,0,0,0,0,0,0,0,0,0,0,0,0,0,0,0,1,0,0,0,0,0,0,0,0,0,0,0,0,0,0,0,0,0,1.6756612948395047,1.0,0.8467422090280989,1.0,0.24031214872876955,1.0,2.754170921381227,0.0,252628.11666666655,879625.2833333332
2,0,6,177930.33999999985,658470.2899999991,0,963.0247166666667,0.0,1295,0,0,0,0,0,1,0,0,0,0,0,0,0.0,1.0,2,0,6,177930.33999999985,658470.2899999991,0,963.0247166666667,0.0,1295,0,0,0,0,0,1,0,0,0,0,0,0,0.0,1.0,2,0,6,180689.86000000036,657504.1899999995,0,963.0247833333333,0.0,1295,0,0,0,0,0,1,0,0,0,0,0,0,0.0,1.0,2,0,6,180689.86000000036,657504.1899999995,0,963.0247833333333,0.0,1295,0,0,0,0,0,1,0,0,0,0,0,0,0.0,1.0,0,0,0,1,0,0,0,0,0,0,0,0,0,0,0,0,0,1,0,0,0,0,1,0,0,0,0,0,0,0,0,0,0,0,0,0,0,0,0,0,1,0,0,0,0,1,0,0,0,0,0,0,0,0,0,0,0,0,0,0,0,0,0,0,1,0,0,0,1,0,0,0,0,0,0,0,0,0,0,0,0,0,0,0,0,0,0,0,1,0,0,2,2,0,0,0,0,0,0,0,0,1.5695361136302786,1.0,1.5695361136302786,1.0,1.569536113630308,1.0,1.569536113630308,1.0,179310.1000000001,657987.2399999993
2,0,10,179100.08999999985,663100.0700000003,0,0.0,165.00376828703705,1141,0,0,0,0,0,0,1,0,0,0,0,0,0.0,1.0,2,0,10,179193.58000000007,662978.9499999993,0,0.0,165.00376828703705,1141,0,0,0,0,0,0,1,0,0,0,0,0,0.0,1.0,17,0,10,178733.74000000022,662995.6600000001,0,0.0,77.65144189814815,790,0,0,0,0,0,0,0,0,0,0,1,0,0.0,1.0,1,0,10,179115.53000000026,665875.9800000004,0,0.0,63.12149978009259,2205,0,0,0,0,1,0,0,0,0,0,0,0,0.0,1.0,1,0,0,1,0,0,0,0,0,0,0,0,0,0,0,0,0,1,0,0,0,0,1,0,0,0,0,0,0,0,0,0,0,0,0,0,0,0,0,0,1,0,0,0,0,1,0,0,0,0,0,0,0,0,0,0,0,0,0,0,0,0,0,0,1,0,0,0,1,0,0,0,0,0,0,0,0,0,0,0,0,0,0,0,0,0,0,0,1,0,0,0,0,0,0,0,0,0,0,0,0,0.9068301582475448,1.0,1.0966283933285441,1.0,1.1336279341491373,1.0,3.0279861165507227,0.0,238714.31333333347,884983.5533333333
2,0,10,179055.76999999955,663114.8699999992,0,0.0,156.53037414351851,1141,0,0,0,0,0,0,1,0,0,0,0,0,0.0,1.0,2,0,6,178813.41999999993,666065.5299999993,0,0.0,96.55270053240741,1000,0,0,0,0,0,1,0,0,0,0,0,0,0.0,1.0,17,0,10,178491.23000000045,663020.3100000005,0,0.0,71.15143894675926,790,0,0,0,0,0,0,0,0,0,0,1,0,0.0,1.0,2,0,6,181436.3700000001,668475.5,0,893.0054166666666,0.0,1295,0,0,0,0,0,1,0,0,0,0,0,0,0.0,1.0,1,0,0,1,0,0,0,0,0,0,0,0,0,0,0,0,0,1,0,0,0,0,1,0,0,0,0,0,0,0,0,0,0,0,0,0,0,0,0,0,1,0,0,0,0,1,0,0,0,0,0,0,0,0,0,0,0,0,0,0,0,0,0,0,1,0,0,0,1,0,0,0,0,0,0,0,0,0,0,0,0,0,0,0,0,0,0,0,1,0,0,0,0,0,0,0,0,0,0,0,0,1.2186506076576913,1.0,0.6403688780106532,1.0,1.3707815355994046,1.0,2.247708838607697,1.0,179449.1975,665169.0524999998
2,0,8,177947.29000000004,658711.3100000005,0,0.0,82.59380150462962,1540,0,0,0,0,0,0,0,0,1,0,0,0,0.0,1.0,2,0,10,177937.33999999985,658564.3000000007,0,0.0,82.59380179398148,1540,0,0,0,0,0,0,0,0,1,0,0,0,0.0,1.0,2,5,5,178736.58000000007,658814.6699999999,0,8.95795,0.0,395,0,0,0,1,0,0,0,0,0,0,0,0,0.8910065241883678,0.4539904997395468,2,5,6,178803.70999999996,659231.6999999993,0,6.407816666666666,0.0,395,0,0,0,1,0,0,0,0,0,0,0,0,-0.24192189559966787,0.9702957262759965,0,0,0,1,0,0,0,0,0,0,0,0,0,0,0,0,0,1,0,0,0,0,1,0,0,0,0,0,0,0,0,0,0,0,0,0,0,0,0,0,1,0,0,0,1,0,0,0,0,0,0,0,0,0,0,0,0,0,0,0,0,0,1,0,0,0,0,1,0,0,0,0,0,0,0,0,0,0,0,0,0,0,0,0,0,0,1,0,0,0,0,2,0,0,0,0,0,0,0,0,0,1.2854275871978766,1.0,1.4977596654107197,1.0,1.1487980785763583,1.0,1.8136808164675278,1.0,178356.22999999998,658830.4950000001
2,0,6,177381.6299999999,661904.2699999996,0,0.0,103.67426487268519,785,0,0,0,0,0,0,0,1,0,0,0,0,0.0,1.0,2,0,7,177403.1200000001,662212.1300000008,0,0.0,100.90816534722222,2205,0,0,0,0,1,0,0,0,0,0,0,0,0.0,1.0,2,0,10,177437.83000000007,662499.7699999996,0,0.0,100.9081653587963,2205,0,0,0,0,1,0,0,0,0,0,0,0,0.0,1.0,2,0,10,179116.7000000002,665979.1099999994,0,0.0,96.80270238425926,1000,0,0,0,0,0,1,0,0,0,0,0,0,0.0,1.0,1,0,0,1,0,0,0,0,0,0,0,0,0,0,0,0,0,1,0,0,0,0,1,0,0,0,0,0,0,0,0,0,0,0,0,0,0,0,0,0,1,0,0,0,0,1,0,0,0,0,0,0,0,0,0,0,0,0,0,0,0,0,0,0,1,0,0,0,1,0,0,0,0,0,0,0,0,0,0,0,0,0,0,0,0,0,0,0,1,0,0,3,0,0,0,0,0,0,0,0,0,1.109316587615182,1.0,0.8638249260804157,1.0,0.6372277868351148,1.0,2.6022769989964285,0.0,237113.0933333334,884198.4266666664
17,0,10,178491.23000000045,663020.3100000005,0,0.0,71.40144064814815,790,0,0,0,0,0,0,0,0,0,0,1,0,0.0,1.0,2,0,10,179182.24000000022,665961.1099999994,0,0.0,57.78064194444445,1141,0,0,0,0,0,0,1,0,0,0,0,0,0.0,1.0,2,0,10,178678.98000000045,665826.8399999999,0,0.0,56.620144224537036,1540,0,0,0,0,0,0,0,0,1,0,0,0,0.0,1.0,2,5,5,177424.8799999999,662931.6300000008,0,6.574366666666666,0.0,395,0,0,0,1,0,0,0,0,0,0,0,0,0.6691306063588582,0.7431448254773942,1,0,0,1,0,0,0,0,0,0,0,0,0,0,0,0,0,1,0,0,0,0,1,0,0,0,0,0,0,0,0,0,0,0,0,0,0,0,0,0,1,0,0,0,0,1,0,0,0,0,0,0,0,0,0,0,0,0,0,0,0,0,0,0,1,0,0,1,0,0,0,0,0,0,0,0,0,0,0,0,0,0,0,1,0,0,0,0,0,0,0,0,0,0,0,0,0,0,0,0,0,1.3476343810915659,1.0,1.6139650450943877,1.0,1.3438910024700017,1.0,1.729390565925059,1.0,178444.33250000025,664434.9725000001
1,0,6,179719.23000000045,665936.1300000008,0,0.0,13.036849791666667,1366,0,0,0,0,0,0,0,0,1,0,0,0,0.0,1.0,2,5,5,180896.99000000025,662947.5600000005,0,12.247033333333333,0.0,1366,0,0,0,0,0,0,0,0,1,0,0,0,0.9998476951563913,-0.017452406437283477,2,5,5,180834.54000000004,666525.5199999996,0,11.380366666666667,0.0,1366,0,0,0,0,0,0,0,0,1,0,0,0,-0.20791169081775987,0.9781476007338056,2,5,5,184884.75,668682.0299999993,0,1.7135833333333332,0.0,1366,0,0,0,0,0,0,0,0,1,0,0,0,-0.5446390350150271,-0.838670567945424,1,0,0,1,0,0,0,0,0,0,0,0,0,0,0,0,0,1,0,0,0,1,0,0,0,0,0,0,0,0,0,0,0,0,0,1,0,0,0,0,0,0,0,0,1,0,0,0,0,0,0,0,0,0,0,0,0,0,0,0,0,0,1,0,0,0,0,1,0,0,0,0,0,0,0,0,0,0,0,0,0,0,0,0,0,0,1,0,0,0,0,0,0,0,0,0,0,0,0,0,0,0.9307168939972855,1.0,1.57110195344131,1.0,0.44990837210680606,1.0,2.1134522565503215,1.0,181583.87750000018,666022.81
2,0,10,179075.4500000002,663147.9499999993,0,0.0,103.10613891203704,2205,0,0,0,0,1,0,0,0,0,0,0,0,0.0,1.0,2,0,10,179107.7000000002,663112.9000000004,0,0.0,103.10613893518519,2205,0,0,0,0,1,0,0,0,0,0,0,0,0.0,1.0,2,0,10,177386.4299999997,662058.9399999995,0,0.0,100.11649771990741,2205,0,0,0,0,1,0,0,0,0,0,0,0,0.0,1.0,1,0,7,180759.6799999997,661531.8699999992,0,0.0,24.989379641203705,1141,0,0,0,0,0,0,1,0,0,0,0,0,0.0,1.0,1,0,0,1,0,0,0,0,0,0,0,0,0,0,0,0,0,1,0,0,0,0,1,0,0,0,0,0,0,0,0,0,0,0,0,0,0,0,0,0,1,0,0,0,0,1,0,0,0,0,0,0,0,0,0,0,0,0,0,0,0,0,0,0,1,0,0,0,1,0,0,0,0,0,0,0,0,0,0,0,0,0,0,0,0,0,0,0,1,0,0,0,0,0,0,0,0,0,0,0,0,0.7265332464477764,1.0,0.6898508690122376,1.0,1.8488518745094706,1.0,2.0345498055921327,1.0,179082.31499999994,662462.9149999996
2,5,5,184093.0700000003,663733.7899999991,0,23.62545,0.0,1366,0,0,0,0,0,0,0,0,1,0,0,0,0.0,1.0,2,5,6,182215.83999999985,665931.9000000004,0,20.1757,0.0,1366,0,0,0,0,0,0,0,0,1,0,0,0,0.8829475928589271,-0.46947156278589053,2,2,7,185532.8200000003,663988.9499999993,0,19.69165,0.0,1366,0,0,0,0,0,0,0,0,1,0,0,0,-0.0348994967025009,-0.9993908270190958,2,5,5,184093.0700000003,663733.7899999991,0,13.491883333333334,0.0,1366,0,0,0,0,0,0,0,0,1,0,0,0,0.0,1.0,0,0,0,1,0,0,0,0,0,0,0,0,0,0,0,0,0,0,1,0,0,1,0,0,0,0,0,0,0,0,0,0,0,0,0,1,0,0,0,0,0,0,0,0,1,0,0,0,0,0,0,0,0,0,0,0,0,0,0,0,0,0,1,0,0,0,0,0,1,0,0,0,0,0,0,0,0,0,0,0,0,0,0,0,0,0,0,1,0,0,0,2,0,0,0,0,0,0,0,0,0,0.5936914243961483,1.0,2.2625474691359164,1.0,1.5152017791043229,1.0,0.5936914243961483,1.0,183983.7000000002,664347.1074999995
2,0,7,177349.91999999993,661773.3100000005,0,0.0,107.11650018518519,2205,0,0,0,0,1,0,0,0,0,0,0,0,0.0,1.0,1,0,10,179116.38999999966,665972.2300000004,0,0.0,63.07982196759259,2205,0,0,0,0,1,0,0,0,0,0,0,0,0.0,1.0,2,0,6,178693.75,665885.8900000006,0,0.0,62.82847939814815,1540,0,0,0,0,0,0,0,0,1,0,0,0,0.0,1.0,2,5,5,178490.1299999999,663028.3000000007,0,13.260333333333334,0.0,1000,0,0,0,0,0,1,0,0,0,0,0,0,-0.13917310096006588,0.9902680687415703,1,0,0,1,0,0,0,0,0,0,0,0,0,0,0,0,0,1,0,0,0,0,1,0,0,0,0,0,0,0,0,0,0,0,0,0,0,0,0,0,1,0,0,0,0,1,0,0,0,0,0,0,0,0,0,0,0,0,0,0,0,0,0,0,1,0,0,1,0,0,0,0,0,0,0,0,0,0,0,0,0,0,0,0,0,0,1,0,0,0,0,0,0,0,0,0,0,0,0,0,0,2.116427063089895,1.0,1.5684899805901185,1.0,1.4101988494055104,1.0,0.9213359094179367,1.0,178412.54749999987,664164.9325000006
2,0,6,191566.1299999999,675454.4299999997,0,893.0371666666666,0.0,790,0,0,0,0,0,0,0,0,0,0,1,0,0.0,1.0,2,0,6,191556.61000000036,675457.2400000002,0,893.0372833333333,0.0,790,0,0,0,0,0,0,0,0,0,0,1,0,0.0,1.0,2,0,6,191283.08999999985,675529.3599999994,0,79.36986666666667,0.0,1295,0,0,0,0,0,1,0,0,0,0,0,0,0.0,1.0,2,0,6,191370.46,675506.0700000003,0,79.37053333333333,0.0,1295,0,0,0,0,0,1,0,0,0,0,0,0,0.0,1.0,0,0,0,1,0,0,0,0,0,0,0,0,0,0,0,0,0,1,0,0,0,0,1,0,0,0,0,0,0,0,0,0,0,0,0,0,0,0,0,0,1,0,0,0,0,1,0,0,0,0,0,0,0,0,0,0,0,0,0,0,0,0,0,0,1,0,0,0,1,0,0,0,0,0,0,0,0,0,0,0,0,0,0,0,0,0,0,0,1,0,0,4,0,0,0,0,0,0,0,0,0,1.6465502645601502,1.0,1.5171708253427727,1.0,2.1713963121585396,1.0,0.9923242680549701,1.0,191444.0725,675486.7749999999
2,0,10,179107.7000000002,663112.9000000004,0,0.0,102.1061371412037,2205,0,0,0,0,1,0,0,0,0,0,0,0,0.0,1.0,2,0,10,177386.4299999997,662058.9399999995,0,0.0,99.1164959375,2205,0,0,0,0,1,0,0,0,0,0,0,0,0.0,1.0,2,0,6,177412.58000000007,662309.3499999996,0,0.0,99.11649597222222,2205,0,0,0,0,1,0,0,0,0,0,0,0,0.0,1.0,2,0,7,177349.91999999993,661773.3100000005,0,0.0,99.11649597222222,2205,0,0,0,0,1,0,0,0,0,0,0,0,0.0,1.0,1,0,0,1,0,0,0,0,0,0,0,0,0,0,0,0,0,1,0,0,0,0,1,0,0,0,0,0,0,0,0,0,0,0,0,0,0,0,0,0,1,0,0,0,0,1,0,0,0,0,0,0,0,0,0,0,0,0,0,0,0,0,0,0,1,0,0,0,1,0,0,0,0,0,0,0,0,0,0,0,0,0,0,0,0,0,0,0,1,0,0,3,0,0,0,0,0,0,0,0,0,2.440557374375947,1.0,0.7990067058166916,1.0,0.6445852705425203,1.0,1.1433676952683145,1.0,177814.15749999997,662313.625
1,0,6,185909.0499999998,672709.9700000007,0,0.0,35.21387068287037,2324,0,0,0,0,1,0,0,0,0,0,0,0,0.0,1.0,1,0,7,184364.5599999996,672116.1099999994,0,238.02355,0.0,2205,0,0,0,0,1,0,0,0,0,0,0,0,0.0,1.0,1,0,6,184348.9299999997,672070.2599999998,0,238.02413333333334,0.0,2205,0,0,0,0,1,0,0,0,0,0,0,0,0.0,1.0,1,0,7,184348.9299999997,672070.2599999998,0,238.00686666666667,0.0,2205,0,0,0,0,1,0,0,0,0,0,0,0,0.0,1.0,0,0,0,1,0,0,0,0,0,0,0,0,0,0,0,0,0,1,0,0,0,0,1,0,0,0,0,0,0,0,0,0,0,0,0,0,0,0,0,0,1,0,0,0,0,1,0,0,0,0,0,0,0,0,0,0,0,0,0,0,0,0,0,0,1,0,0,0,1,0,0,0,0,0,0,0,0,0,0,0,0,0,0,0,0,0,0,0,1,0,0,2,0,0,0,0,0,0,0,0,0,2.6614998665010607,0.0,0.8441579765026012,1.0,0.9098372502601341,1.0,0.9098372502601341,1.0,246323.82333333293,896322.1999999998
2,0,8,175870.9400000004,659360.8900000006,0,0.0,2.4118326157407406,1540,0,0,0,0,0,0,0,0,1,0,0,0,0.0,1.0,2,0,6,176768.33000000007,658079.6799999997,0,0.0,2.4118326736111113,1540,0,0,0,0,0,0,0,0,1,0,0,0,0.0,1.0,2,0,6,176533.04000000004,658207.4299999997,0,953.0051666666667,0.0,1295,0,0,0,0,0,1,0,0,0,0,0,0,0.0,1.0,2,0,6,176687.16999999993,658147.6300000008,0,953.0056333333333,0.0,1295,0,0,0,0,0,1,0,0,0,0,0,0,0.0,1.0,0,0,0,1,0,0,0,0,0,0,0,0,0,0,0,0,0,1,0,0,0,0,1,0,0,0,0,0,0,0,0,0,0,0,0,0,0,0,0,0,1,0,0,0,0,1,0,0,0,0,0,0,0,0,0,0,0,0,0,0,0,0,0,0,1,0,0,0,1,0,0,0,0,0,0,0,0,0,0,0,0,0,0,0,0,0,0,0,1,0,0,3,0,0,0,0,0,0,0,0,0,2.4688909544724758,1.0,1.0841888588565378,1.0,0.5692042083527731,1.0,0.8493608379433844,1.0,176464.8700000001,658448.9075000002
2,0,10,178618.1799999997,665686.4600000009,0,0.0,56.41876667824074,1540,0,0,0,0,0,0,0,0,1,0,0,0,0.0,1.0,2,0,10,178618.1799999997,665686.4600000009,0,0.0,56.41876667824074,1540,0,0,0,0,0,0,0,0,1,0,0,0,0.0,1.0,2,0,6,181342.98000000045,668185.9800000004,0,963.024,0.0,1295,0,0,0,0,0,1,0,0,0,0,0,0,0.0,1.0,2,0,6,181342.98000000045,668185.9800000004,0,963.024,0.0,1295,0,0,0,0,0,1,0,0,0,0,0,0,0.0,1.0,1,0,0,1,0,0,0,0,0,0,0,0,0,0,0,0,0,1,0,0,0,0,1,0,0,0,0,0,0,0,0,0,0,0,0,0,0,0,0,0,1,0,0,0,0,1,0,0,0,0,0,0,0,0,0,0,0,0,0,0,0,0,0,0,1,0,0,0,1,0,0,0,0,0,0,0,0,0,0,0,0,0,0,0,0,0,0,0,1,0,0,2,2,0,0,0,0,0,0,0,0,1.4155277851477501,1.0,1.4155277851477501,1.0,1.4155277851477501,1.0,1.4155277851477501,1.0,179980.58000000007,666936.2200000007
2,4,7,184557.0599999996,662510.8900000006,0,31.6642,0.0,1353,0,0,0,0,0,0,0,1,0,0,0,0,-0.5877852522924734,0.8090169943749473,1,5,5,185195.5499999998,661889.5899999999,0,16.98045,0.0,1353,0,0,0,0,0,0,0,1,0,0,0,0,0.5150380749100542,0.8571673007021123,2,5,5,182645.2999999998,662875.0800000001,0,13.5139,0.0,1353,0,0,0,0,0,0,0,1,0,0,0,0,-0.9993908270190957,-0.03489949670250165,2,5,8,181480.3700000001,666279.1099999994,0,6.896816666666667,0.0,1353,0,0,0,0,0,0,0,1,0,0,0,0,-0.8480480961564261,0.5299192642332047,0,0,1,0,0,0,0,0,0,0,0,0,0,0,0,0,1,0,0,0,0,1,0,0,0,0,0,0,0,0,0,0,0,0,0,0,0,0,1,0,0,0,0,0,1,0,0,0,0,0,0,0,0,0,0,0,0,0,0,0,1,0,0,0,0,0,0,1,0,0,0,0,0,0,0,0,0,0,0,0,0,0,0,1,0,0,0,0,0,0,0,0,0,0,0,0,0,0,0,0,0,0.8765710535449031,1.0,1.433892118525516,1.0,0.6091469998951847,1.0,2.2007899206713453,1.0,183469.56999999983,663388.6675
1,0,10,186810.84999999963,695239.0700000003,0,0.0,29.835689722222224,738,0,0,0,0,0,0,0,0,0,1,0,0,0.0,1.0,1,0,10,186647.59999999963,695230.3699999992,0,0.0,29.87735931712963,738,0,0,0,0,0,0,0,0,0,1,0,0,0.0,1.0,6,5,6,188601.0499999998,692299.8499999996,0,26.531,0.0,1353,0,0,0,0,0,0,0,1,0,0,0,0,-0.992546151641322,0.12186934340514768,1,5,5,187731.58999999985,692825.0099999998,0,16.2473,0.0,1353,0,0,0,0,0,0,0,1,0,0,0,0,0.03489949670250097,0.9993908270190958,0,0,0,1,0,0,0,0,0,0,0,0,0,0,0,0,0,1,0,0,0,0,1,0,0,0,0,0,0,0,0,0,0,0,0,0,0,0,0,0,1,0,0,0,1,0,0,0,0,0,0,0,0,0,0,0,0,0,0,0,1,0,0,0,0,0,1,0,0,0,0,0,1,0,0,0,0,0,0,0,0,0,0,0,0,0,0,0,0,0,0,0,0,0,0,0,0,0,0,0,0,1.3917994453767704,1.0,1.4570471864751269,1.0,1.8486678232499694,1.0,1.0413752467888082,1.0,187447.77249999973,693898.5749999997
2,0,8,177947.29000000004,658711.3100000005,0,0.0,88.6771412037037,1540,0,0,0,0,0,0,0,0,1,0,0,0,0.0,1.0,2,0,10,178201.46999999974,659792.7699999996,0,0.0,5.953471770833334,1295,0,0,0,0,0,1,0,0,0,0,0,0,0.0,1.0,2,0,10,178116.9299999997,659656.1300000008,0,0.0,5.953471875,1295,0,0,0,0,0,1,0,0,0,0,0,0,0.0,1.0,6,5,5,182655.75999999975,657427.3499999996,0,26.082816666666666,0.0,2324,0,0,0,0,1,0,0,0,0,0,0,0,0.49999999999999994,-0.8660254037844387,0,0,0,1,0,0,0,0,0,0,0,0,0,0,0,0,0,1,0,0,0,0,1,0,0,0,0,0,0,0,0,0,0,0,0,0,0,0,0,0,1,0,0,0,0,1,0,0,0,0,0,0,0,0,0,0,0,0,0,0,0,0,0,0,1,0,0,1,0,0,0,0,0,0,0,0,0,0,0,0,0,0,0,0,0,0,1,0,0,0,0,2,0,0,0,0,0,0,0,0,0,0.886475626582599,1.0,0.9328648024899775,1.0,0.9215075271879917,1.0,2.5486849484106653,0.0,238973.81666666642,878529.1866666669
2,0,6,176768.33000000007,658079.6799999997,0,0.0,2.286833298611111,1540,0,0,0,0,0,0,0,0,1,0,0,0,0.0,1.0,2,0,7,176440.09999999963,658214.3300000001,0,0.0,2.286833344907407,1540,0,0,0,0,0,0,0,0,1,0,0,0,0.0,1.0,2,0,6,176526.84999999963,658196.6999999993,0,0.0,2.328500034722222,1540,0,0,0,0,0,0,0,0,1,0,0,0,0.0,1.0,2,0,6,176687.16999999993,658147.6300000008,0,773.00745,0.0,1295,0,0,0,0,0,1,0,0,0,0,0,0,0.0,1.0,0,0,0,1,0,0,0,0,0,0,0,0,0,0,0,0,0,1,0,0,0,0,1,0,0,0,0,0,0,0,0,0,0,0,0,0,0,0,0,0,1,0,0,0,0,1,0,0,0,0,0,0,0,0,0,0,0,0,0,0,0,0,0,0,1,0,0,0,1,0,0,0,0,0,0,0,0,0,0,0,0,0,0,0,0,0,0,0,1,0,0,4,0,0,0,0,0,0,0,0,0,1.9990501103870577,1.0,1.9224427696676345,1.0,0.9601583444397883,1.0,0.9089883718221494,1.0,176605.6124999998,658159.585
2,0,8,177947.29000000004,658711.3100000005,0,0.0,88.76046994212963,1540,0,0,0,0,0,0,0,0,1,0,0,0,0.0,1.0,2,0,10,178134.86000000034,659696.8800000008,0,0.0,6.036800474537037,1295,0,0,0,0,0,1,0,0,0,0,0,0,0.0,1.0,2,0,10,178201.46999999974,659792.7699999996,0,0.0,6.036800555555556,1295,0,0,0,0,0,1,0,0,0,0,0,0,0.0,1.0,2,0,10,178116.9299999997,659656.1300000008,0,0.0,6.036800659722222,1295,0,0,0,0,0,1,0,0,0,0,0,0,0.0,1.0,0,0,0,1,0,0,0,0,0,0,0,0,0,0,0,0,0,1,0,0,0,0,1,0,0,0,0,0,0,0,0,0,0,0,0,0,0,0,0,0,1,0,0,0,0,1,0,0,0,0,0,0,0,0,0,0,0,0,0,0,0,0,0,0,1,0,0,0,1,0,0,0,0,0,0,0,0,0,0,0,0,0,0,0,0,0,0,0,1,0,0,3,0,0,0,0,0,0,0,0,0,2.892533720440887,0.0,0.8854129226382057,1.0,1.2942152236951243,1.0,0.7250576230186133,1.0,237466.84999999995,879285.6966666672
2,0,6,186214.3899999997,659530.0600000005,0,0.0,133.18467032407406,790,0,0,0,0,0,0,0,0,0,0,1,0,0.0,1.0,2,0,6,186214.3899999997,659530.0600000005,0,0.0,133.18467032407406,790,0,0,0,0,0,0,0,0,0,0,1,0,0.0,1.0,2,0,6,186214.3899999997,659530.0600000005,0,0.0,133.18467032407406,790,0,0,0,0,0,0,0,0,0,0,1,0,0.0,1.0,2,0,6,186214.3899999997,659530.0600000005,0,0.0,133.18467032407406,790,0,0,0,0,0,0,0,0,0,0,1,0,0.0,1.0,0,0,0,1,0,0,0,0,0,0,0,0,0,0,0,0,0,1,0,0,0,0,1,0,0,0,0,0,0,0,0,0,0,0,0,0,0,0,0,0,1,0,0,0,0,1,0,0,0,0,0,0,0,0,0,0,0,0,0,0,0,0,0,0,1,0,0,0,1,0,0,0,0,0,0,0,0,0,0,0,0,0,0,0,0,0,0,0,1,0,0,4,0,0,0,0,0,0,0,0,0,0.0,1.0,0.0,1.0,0.0,1.0,0.0,1.0,186214.3899999997,659530.0600000005
2,0,10,179182.24000000022,665961.1099999994,0,0.0,57.07230857638889,1141,0,0,0,0,0,0,1,0,0,0,0,0,0.0,1.0,2,0,10,178678.98000000045,665826.8399999999,0,0.0,55.911810868055554,1540,0,0,0,0,0,0,0,0,1,0,0,0,0.0,1.0,2,5,6,179404.36000000034,663892.2400000002,0,31.691066666666668,0.0,649,0,0,0,0,0,0,1,0,0,0,0,0,0.8660254037844387,-0.4999999999999998,1,5,5,178086.8700000001,663395.4299999997,0,14.857633333333334,0.0,649,0,0,0,0,0,0,1,0,0,0,0,0,0.39073112848927416,-0.9205048534524402,1,0,0,1,0,0,0,0,0,0,0,0,0,0,0,0,0,1,0,0,0,0,1,0,0,0,0,0,0,0,0,0,0,0,0,0,0,0,0,0,1,0,0,0,1,0,0,0,0,0,0,0,0,0,0,0,0,0,0,1,0,0,0,0,0,0,0,1,0,0,0,0,0,0,0,0,0,0,0,0,0,0,0,1,0,0,0,0,0,0,0,0,0,0,0,0,0,0,0,0,0,1.5069943444514573,1.0,1.2992720359126895,1.0,1.2674538655283982,1.0,1.9012385640578604,1.0,178838.11250000028,664768.9049999998
2,0,10,177401.2000000002,662045.3599999994,0,0.0,103.75761421296296,785,0,0,0,0,0,0,0,1,0,0,0,0,0.0,1.0,2,0,6,177413.54000000004,662175.6099999994,0,0.0,103.75760265046296,785,0,0,0,0,0,0,0,1,0,0,0,0,0.0,1.0,2,5,6,180526.84999999963,667801.8300000001,0,27.4478,0.0,2324,0,0,0,0,1,0,0,0,0,0,0,0,0.9659258262890683,-0.25881904510252085,2,5,5,180738.01999999955,666936.9600000009,0,21.197883333333333,0.0,2324,0,0,0,0,1,0,0,0,0,0,0,0,0.22495105434386478,-0.9743700647852352,1,0,0,1,0,0,0,0,0,0,0,0,0,0,0,0,0,1,0,0,0,0,1,0,0,0,0,0,0,0,0,0,0,0,0,0,0,0,0,0,1,0,0,0,1,0,0,0,0,0,0,0,0,0,0,0,0,0,0,1,0,0,0,0,0,0,0,1,0,0,0,0,0,0,0,0,0,0,0,0,0,0,0,0,0,0,1,0,0,0,0,2,0,0,0,0,0,0,0,0,0,1.4751368245027203,1.0,1.4200058149391614,1.0,1.6014828246808126,1.0,1.3088495941091156,1.0,179019.90249999985,664739.94
2,0,10,179055.76999999955,663114.8699999992,0,0.0,156.86371457175926,1141,0,0,0,0,0,0,1,0,0,0,0,0,0.0,1.0,2,0,6,178813.41999999993,666065.5299999993,0,0.0,96.88604096064815,1000,0,0,0,0,0,1,0,0,0,0,0,0,0.0,1.0,1,0,10,179022.34999999963,665899.0600000005,0,0.0,58.661816458333334,1366,0,0,0,0,0,0,0,0,1,0,0,0,0.0,1.0,2,5,5,181538.58999999985,663735.3599999994,0,3.7323333333333335,0.0,2324,0,0,0,0,1,0,0,0,0,0,0,0,-0.12186934340514811,0.992546151641322,1,0,0,1,0,0,0,0,0,0,0,0,0,0,0,0,0,1,0,0,0,0,1,0,0,0,0,0,0,0,0,0,0,0,0,0,0,0,0,0,1,0,0,0,0,1,0,0,0,0,0,0,0,0,0,0,0,0,0,0,0,0,0,0,1,0,0,1,0,0,0,0,0,0,0,0,0,0,0,0,0,0,0,0,0,0,1,0,0,0,0,0,0,0,0,0,0,0,0,0,0,1.39152714152887,1.0,1.3042675902831369,1.0,1.1011212714492318,1.0,1.787275025410415,1.0,179607.53249999974,664703.7049999996
1,0,10,186316.4500000002,664041.9800000004,0,0.0,20.205896377314815,1141,0,0,0,0,0,0,1,0,0,0,0,0,0.0,1.0,2,5,7,186008.01999999955,664031.0600000005,0,24.80695,0.0,1366,0,0,0,0,0,0,0,0,1,0,0,0,0.20791169081775931,0.9781476007338057,1,5,5,186475.7000000002,665225.0500000007,0,8.04215,0.0,1366,0,0,0,0,0,0,0,0,1,0,0,0,-0.35836794954530043,-0.9335804264972017,2,5,5,185617.36000000036,664821.8699999992,0,2.4753,0.0,1366,0,0,0,0,0,0,0,0,1,0,0,0,-0.39073112848927355,-0.9205048534524404,0,0,0,1,0,0,0,0,0,0,0,0,0,0,0,0,0,1,0,0,0,1,0,0,0,0,0,0,0,0,0,0,0,0,0,0,0,0,1,0,0,0,0,0,1,0,0,0,0,0,0,0,0,0,0,0,0,0,0,1,0,0,0,0,0,0,0,1,0,0,0,0,0,0,0,0,0,0,0,0,0,0,0,0,0,0,1,0,0,0,0,0,0,0,0,0,0,0,0,0,0,1.264975615564781,1.0,1.2080482867184559,1.0,1.8734088538222677,1.0,1.3498306785646048,1.0,186104.38250000007,664529.9900000002
2,5,6,189282.91999999995,665892.1999999993,0,33.70826666666667,0.0,1366,0,0,0,0,0,0,0,0,1,0,0,0,-0.9998476951563913,-0.017452406437283498,1,5,5,189802.9400000004,668073.4800000004,0,16.957983333333335,0.0,1366,0,0,0,0,0,0,0,0,1,0,0,0,0.6560590289905072,0.754709580222772,1,5,6,186378.25,666440.0199999996,0,12.62485,0.0,1366,0,0,0,0,0,0,0,0,1,0,0,0,-0.19080899537654472,-0.981627183447664,2,5,6,186953.9699999997,667640.9100000001,0,5.1250333333333336,0.0,1366,0,0,0,0,0,0,0,0,1,0,0,0,0.9702957262759965,0.2419218955996679,0,0,1,0,0,0,0,0,0,0,0,0,0,0,1,0,0,0,0,0,0,1,0,0,0,0,0,0,0,0,0,0,0,0,0,0,0,1,0,0,0,0,0,0,1,0,0,0,0,0,0,0,0,0,0,0,0,0,0,0,0,0,1,0,0,0,0,0,0,1,0,0,0,0,0,0,0,0,0,0,1,0,0,0,0,0,0,0,0,0,0,0,0,0,0,0,0,0,0,0,0,1.386147828907463,1.0,1.7082280867151718,1.0,1.5508209450528734,1.0,1.118380832953219,1.0,188104.52000000002,667011.6524999999
1,5,10,183131.78000000023,666088.3399999999,0,28.730766666666668,0.0,1366,0,0,0,0,0,0,0,0,1,0,0,0,0.39073112848927416,-0.9205048534524402,1,5,5,181381.66000000012,665732.5700000003,0,15.197616666666667,0.0,1366,0,0,0,0,0,0,0,0,1,0,0,0,-1.0,-1.8369701987210297e-16,2,5,5,183325.73000000045,664662.3100000005,0,10.86445,0.0,1366,0,0,0,0,0,0,0,0,1,0,0,0,0.9993908270190958,-0.03489949670250073,2,5,5,182670.8200000003,666200.1999999993,0,6.680933333333333,0.0,1366,0,0,0,0,0,0,0,0,1,0,0,0,-0.8746197071393959,-0.48480962024633684,0,0,0,0,1,0,0,0,0,1,0,0,0,0,0,0,0,0,0,0,0,1,0,0,0,0,0,0,0,0,0,0,0,0,0,0,0,0,1,0,0,0,0,0,1,0,0,0,0,0,0,0,0,0,0,0,0,0,0,1,0,0,0,0,0,0,0,1,0,0,0,0,0,0,0,0,0,0,0,0,0,0,0,1,0,0,0,0,0,0,0,0,0,0,0,0,0,0,0,0,0,0.9592656706687968,1.0,1.8277179584597383,1.0,1.7973776086904036,1.0,0.778222898081345,1.0,182627.4975000003,665670.855
2,0,6,177413.54000000004,662175.6099999994,0,0.0,102.84093123842592,785,0,0,0,0,0,0,0,1,0,0,0,0,0.0,1.0,2,0,6,177381.58999999985,662031.7899999991,0,0.0,100.07483171296296,2205,0,0,0,0,1,0,0,0,0,0,0,0,0.0,1.0,17,0,10,178540.1799999997,663026.1099999994,0,0.0,70.56811876157407,790,0,0,0,0,0,0,0,0,0,0,1,0,0.0,1.0,2,0,10,180244.75,664183.7100000009,0,0.0,9.661787743055555,787,0,0,0,0,0,0,0,0,0,1,0,0,0.0,1.0,1,0,0,1,0,0,0,0,0,0,0,0,0,0,0,0,0,1,0,0,0,0,1,0,0,0,0,0,0,0,0,0,0,0,0,0,0,0,0,0,1,0,0,0,0,1,0,0,0,0,0,0,0,0,0,0,0,0,0,0,0,0,0,0,1,0,0,0,1,0,0,0,0,0,0,0,0,0,0,0,0,0,0,0,0,0,0,0,1,0,0,2,0,0,0,0,0,0,0,0,0,1.1803704216584636,1.0,1.2910836328779016,1.0,0.2224882826100099,1.0,2.2532559919388726,1.0,178395.0149999999,662854.3049999997
2,0,6,183423.9299999997,668158.7100000009,0,963.025,0.0,1295,0,0,0,0,0,1,0,0,0,0,0,0,0.0,1.0,2,0,6,183423.9299999997,668158.7100000009,0,963.025,0.0,1295,0,0,0,0,0,1,0,0,0,0,0,0,0.0,1.0,2,0,6,180067.6200000001,662404.2200000007,0,603.0583333333333,0.0,1540,0,0,0,0,0,0,0,0,1,0,0,0,0.0,1.0,2,0,6,180067.6200000001,662404.2200000007,0,603.0583333333333,0.0,1540,0,0,0,0,0,0,0,0,1,0,0,0,0.0,1.0,1,0,0,1,0,0,0,0,0,0,0,0,0,0,0,0,0,1,0,0,0,0,1,0,0,0,0,0,0,0,0,0,0,0,0,0,0,0,0,0,1,0,0,0,0,1,0,0,0,0,0,0,0,0,0,0,0,0,0,0,0,0,0,0,1,0,0,0,1,0,0,0,0,0,0,0,0,0,0,0,0,0,0,0,0,0,0,0,1,0,0,2,2,0,0,0,0,0,0,0,0,1.462386271630861,1.0,1.462386271630861,1.0,1.462386271630861,1.0,1.462386271630861,1.0,181745.7749999999,665281.4650000008
2,0,10,179193.58000000007,662978.9499999993,0,0.0,156.0454308449074,1141,0,0,0,0,0,0,1,0,0,0,0,0,0.0,1.0,2,0,10,179100.08999999985,663100.0700000003,0,0.0,156.0454308449074,1141,0,0,0,0,0,0,1,0,0,0,0,0,0.0,1.0,1,0,10,180135.2000000002,662368.6999999993,0,0.0,104.92568541666667,1353,0,0,0,0,0,0,0,1,0,0,0,0,0.0,1.0,1,0,10,179022.34999999963,665899.0600000005,0,0.0,55.870141493055556,1366,0,0,0,0,0,0,0,0,1,0,0,0,0.0,1.0,1,0,0,1,0,0,0,0,0,0,0,0,0,0,0,0,0,1,0,0,0,0,1,0,0,0,0,0,0,0,0,0,0,0,0,0,0,0,0,0,1,0,0,0,0,1,0,0,0,0,0,0,0,0,0,0,0,0,0,0,0,0,0,0,1,0,0,0,1,0,0,0,0,0,0,0,0,0,0,0,0,0,0,0,0,0,0,0,1,0,0,0,0,0,0,0,0,0,0,0,0,0.6957203102610996,1.0,0.6098641793931205,1.0,1.5905258356373961,1.0,2.5775748439838115,0.0,239150.4066666666,884782.2599999998
2,5,5,186491.21,665291.6300000008,0,22.975633333333334,0.0,1295,0,0,0,0,0,1,0,0,0,0,0,0,-0.17364817766693047,-0.984807753012208,2,5,5,185528.66000000012,664810.1199999992,0,21.959133333333334,0.0,1295,0,0,0,0,0,1,0,0,0,0,0,0,-0.798635510047293,0.6018150231520479,2,5,6,185997.83999999985,663979.5399999991,0,20.223983333333333,0.0,1295,0,0,0,0,0,1,0,0,0,0,0,0,0.17364817766693033,0.984807753012208,1,5,6,185728.84999999963,665528.0500000007,0,12.059133333333333,0.0,1295,0,0,0,0,0,1,0,0,0,0,0,0,-0.601815023152048,-0.798635510047293,0,0,1,0,0,0,0,0,0,0,0,0,0,0,0,0,1,0,0,0,0,1,0,0,0,0,0,0,0,0,0,0,0,0,0,1,0,0,0,0,0,0,0,0,1,0,0,0,0,0,0,0,0,0,0,0,0,0,0,1,0,0,0,0,0,0,0,1,0,0,0,0,0,0,0,0,0,0,0,0,0,0,0,0,0,0,1,0,0,0,0,0,0,0,0,0,0,0,0,0,0,1.421758553201121,1.0,0.8776704805872779,1.0,1.940578229649812,1.0,1.3834571617118274,1.0,185936.6399999999,664902.335
2,0,10,179107.7000000002,663112.9000000004,0,0.0,103.14780574074074,2205,0,0,0,0,1,0,0,0,0,0,0,0,0.0,1.0,2,0,10,177386.4299999997,662058.9399999995,0,0.0,100.15816453703704,2205,0,0,0,0,1,0,0,0,0,0,0,0,0.0,1.0,2,5,5,182894.6900000004,669547.1999999993,0,19.707,0.0,1141,0,0,0,0,0,0,1,0,0,0,0,0,-0.9902680687415704,0.13917310096006547,1,0,6,180774.2199999997,661479.4800000004,0,14.656933333333333,0.0,1141,0,0,0,0,0,0,1,0,0,0,0,0,0.0,1.0,1,0,0,1,0,0,0,0,0,0,0,0,0,0,0,0,0,1,0,0,0,0,1,0,0,0,0,0,0,0,0,0,0,0,0,0,0,0,0,0,1,0,0,0,1,0,0,0,0,0,0,0,0,0,0,0,0,0,0,1,0,0,0,0,0,0,0,0,1,0,0,0,0,0,0,0,0,0,0,0,0,0,0,0,0,0,0,0,1,0,0,0,0,0,0,0,0,0,0,0,0,0.5022696680443499,1.0,1.2604298893374115,1.0,2.3531193214244865,1.0,1.0153549639653636,1.0,180040.76,664049.6299999999
1,0,10,183720.41000000012,666760.4499999993,0,0.0,106.21182266203704,2205,0,0,0,0,1,0,0,0,0,0,0,0,0.0,1.0,2,3,5,184551.7199999997,665388.9000000004,0,20.208966666666665,0.0,785,0,0,0,0,0,0,0,1,0,0,0,0,0.25881904510252074,0.9659258262890683,2,5,5,185227.4000000004,665098.8000000007,0,13.10825,0.0,785,0,0,0,0,0,0,0,1,0,0,0,0,0.3420201433256689,-0.9396926207859083,1,5,5,184277.4299999997,667487.6899999995,0,12.79245,0.0,785,0,0,0,0,0,0,0,1,0,0,0,0,0.981627183447664,0.19080899537654492,0,0,0,1,0,0,0,0,0,0,0,0,0,0,0,0,0,1,0,0,0,1,0,0,0,0,0,0,0,0,0,0,0,0,0,1,0,0,0,0,0,0,0,0,1,0,0,0,0,0,0,0,0,0,0,0,0,0,0,0,0,0,1,0,0,0,0,1,0,0,0,0,0,0,0,0,0,0,0,0,0,0,0,0,0,0,1,0,0,0,0,0,0,0,0,0,0,0,0,0,0,1.2156566204113486,1.0,1.0539932611441065,1.0,1.7580956780460424,1.0,1.7267089747828352,1.0,184444.24,666183.96
2,5,6,184071.8799999999,665680.0299999993,0,26.67515,0.0,1295,0,0,0,0,0,1,0,0,0,0,0,0,0.25881904510252074,0.9659258262890683,2,5,5,185118.66000000012,665611.0899999999,0,10.025766666666666,0.0,1295,0,0,0,0,0,1,0,0,0,0,0,0,0.39073112848927416,-0.9205048534524402,2,5,7,185395.59999999963,667540.3499999996,0,8.958383333333334,0.0,1295,0,0,0,0,0,1,0,0,0,0,0,0,-0.9986295347545738,0.052335956242943946,2,5,5,185165.96,665386.5800000001,0,26.58935,0.0,1000,0,0,0,0,0,1,0,0,0,0,0,0,-0.19080899537654467,0.981627183447664,0,0,1,0,0,0,0,0,0,0,0,0,0,0,0,1,0,0,0,0,0,1,0,0,0,0,0,0,0,0,0,0,0,0,0,0,0,0,1,0,0,0,0,0,1,0,0,0,0,0,0,0,0,0,0,0,0,0,0,0,0,0,1,0,0,0,0,1,0,0,0,0,0,0,0,0,0,0,0,0,0,0,0,0,0,0,1,0,0,0,0,2,0,0,0,0,0,0,0,0,0,1.3719540765926688,1.0,0.6961346487514672,1.0,2.2603850263522527,1.0,1.0260991223143492,1.0,184938.0249999999,666054.5124999997
2,0,10,179182.24000000022,665961.1099999994,0,0.0,55.98897291666667,1141,0,0,0,0,0,0,1,0,0,0,0,0,0.0,1.0,2,0,10,178678.98000000045,665826.8399999999,0,0.0,54.82847519675926,1540,0,0,0,0,0,0,0,0,1,0,0,0,0.0,1.0,2,5,5,182863.8200000003,668179.0099999998,0,25.370966666666668,0.0,1000,0,0,0,0,0,1,0,0,0,0,0,0,0.8571673007021123,-0.5150380749100543,2,4,5,178097.3799999999,664655.9100000001,0,25.204266666666665,0.0,1000,0,0,0,0,0,1,0,0,0,0,0,0,0.10452846326765346,0.9945218953682733,1,0,0,1,0,0,0,0,0,0,0,0,0,0,0,0,0,1,0,0,0,0,1,0,0,0,0,0,0,0,0,0,0,0,0,0,0,0,0,0,1,0,0,0,1,0,0,0,0,0,0,0,0,0,0,0,0,0,0,0,0,0,1,0,0,0,0,1,0,0,0,0,0,0,0,0,0,0,0,0,0,0,0,0,0,0,1,0,0,0,0,0,0,0,0,0,0,0,0,0,0,0.3559862199063694,1.0,0.687277817017831,1.0,2.391242838198128,1.0,1.4019792712611798,1.0,179705.6050000002,666155.7174999998
1,0,10,183720.41000000012,666760.4499999993,0,0.0,105.96182793981481,2205,0,0,0,0,1,0,0,0,0,0,0,0,0.0,1.0,2,5,5,185011.66000000012,665880.9600000009,0,27.199266666666666,0.0,2324,0,0,0,0,1,0,0,0,0,0,0,0,0.39073112848927416,-0.9205048534524402,2,5,5,184544.74000000025,665363.5299999993,0,14.482633333333334,0.0,2324,0,0,0,0,1,0,0,0,0,0,0,0,0.24192189559966773,0.9702957262759965,1,5,5,185203.61000000036,664651.4399999995,0,3.9488166666666666,0.0,2324,0,0,0,0,1,0,0,0,0,0,0,0,0.754709580222772,0.6560590289905073,0,0,0,1,0,0,0,0,0,0,0,0,0,0,0,0,0,1,0,0,0,1,0,0,0,0,0,0,0,0,0,0,0,0,0,1,0,0,0,0,0,0,0,0,1,0,0,0,0,0,0,0,0,0,0,0,0,0,0,0,0,0,1,0,0,0,0,1,0,0,0,0,0,0,0,0,0,0,0,0,0,0,0,1,0,0,0,0,0,0,0,0,0,0,0,0,0,0,0,0,0,2.1153104405004233,1.0,0.6675903556466659,1.0,0.4621671125896434,1.0,1.743159437632333,1.0,184620.1050000002,665664.0949999997
1,0,6,182583.49000000025,675756.6799999997,0,952.9605166666666,0.0,170,0,0,0,0,0,0,0,0,0,0,1,0,0.0,1.0,1,0,6,182532.8899999997,675666.3800000008,0,952.9607166666667,0.0,170,0,0,0,0,0,0,0,0,0,0,1,0,0.0,1.0,2,5,5,186219.86000000036,676215.6500000004,0,8.5093,0.0,1000,0,0,0,0,0,1,0,0,0,0,0,0,-0.22495105434386498,-0.9743700647852352,2,5,6,182444.78000000023,674753.7400000002,0,5.242866666666667,0.0,1000,0,0,0,0,0,1,0,0,0,0,0,0,0.9781476007338057,-0.20791169081775912,0,0,0,1,0,0,0,0,0,0,0,0,0,0,0,0,0,1,0,0,0,0,1,0,0,0,0,0,0,0,0,0,0,0,0,0,0,0,0,0,1,0,0,0,1,0,0,0,0,0,0,0,0,0,0,0,0,0,0,0,1,0,0,0,0,0,0,0,0,1,0,0,0,0,1,0,0,0,0,0,0,0,0,0,0,0,0,0,0,0,0,2,0,0,0,0,0,0,0,0,0,0.8216688073790357,1.0,0.8579434342050697,1.0,2.6654932784335994,0.0,1.2276436872589,1.0,244593.67333333354,900797.4833333337
6,5,9,190719.51999999955,667329.8100000005,0,32.72476666666667,0.0,1141,0,0,0,0,0,0,1,0,0,0,0,0,-0.01745240643728445,0.9998476951563913,6,5,8,190869.0700000003,666295.2899999991,0,23.2088,0.0,1141,0,0,0,0,0,0,1,0,0,0,0,0,-0.17364817766693047,-0.984807753012208,2,5,5,186172.71,666634.8499999996,0,20.84225,0.0,1141,0,0,0,0,0,0,1,0,0,0,0,0,0.9993908270190958,0.03489949670250108,2,5,6,187300.25999999975,666552.8599999994,0,10.25845,0.0,1141,0,0,0,0,0,0,1,0,0,0,0,0,-0.9961946980917455,0.08715574274765789,0,0,1,0,0,0,0,0,0,0,0,0,0,0,0,0,1,0,0,0,0,1,0,0,0,0,0,0,0,0,0,0,0,0,0,0,0,0,1,0,0,0,0,0,1,0,0,0,0,0,0,0,0,0,0,0,0,0,0,1,0,0,0,0,0,0,0,1,0,0,0,0,0,0,0,0,0,0,0,0,0,0,0,1,0,0,0,0,0,0,0,2,0,0,0,0,0,0,0,0,0,1.6743743325716294,1.0,1.7484004063258716,1.0,2.1161491259228473,1.0,1.2017030267568987,1.0,188765.3899999999,666703.2024999997
1,0,10,179748.33000000007,666135.5099999998,0,0.0,182.49517230324074,395,0,0,0,1,0,0,0,0,0,0,0,0,0.0,1.0,2,0,10,177395.46999999974,662145.5199999996,0,0.0,100.36562366898148,2205,0,0,0,0,1,0,0,0,0,0,0,0,0.0,1.0,1,0,10,180468.24000000025,661860.9900000002,0,0.0,12.19781119212963,649,0,0,0,0,0,0,1,0,0,0,0,0,0.0,1.0,2,5,5,179919.45999999996,663647.5500000007,0,7.281416666666667,0.0,1366,0,0,0,0,0,0,0,0,1,0,0,0,0.9902680687415704,-0.13917310096006535,1,0,0,1,0,0,0,0,0,0,0,0,0,0,0,0,0,1,0,0,0,0,1,0,0,0,0,0,0,0,0,0,0,0,0,0,0,0,0,0,1,0,0,0,0,1,0,0,0,0,0,0,0,0,0,0,0,0,0,0,0,0,0,0,1,0,0,1,0,0,0,0,0,0,0,0,0,0,0,0,0,0,0,0,0,0,1,0,0,0,0,0,0,0,0,0,0,0,0,0,0,1.8893169733850328,1.0,1.6546198497488374,1.0,1.338655119455866,1.0,0.3988482325407344,1.0,179382.875,663447.3925000001
1,0,6,179062.41999999993,665885.5,0,0.0,58.377100219907405,1366,0,0,0,0,0,0,0,0,1,0,0,0,0.0,1.0,1,0,6,179062.41999999993,665885.5,0,0.0,58.377100219907405,1366,0,0,0,0,0,0,0,0,1,0,0,0,0.0,1.0,1,0,10,179115.53000000026,665875.9800000004,0,0.0,56.67012105324074,2205,0,0,0,0,1,0,0,0,0,0,0,0,0.0,1.0,1,0,10,179115.53000000026,665875.9800000004,0,0.0,56.67012105324074,2205,0,0,0,0,1,0,0,0,0,0,0,0,0.0,1.0,1,0,0,1,0,0,0,0,0,0,0,0,0,0,0,0,0,1,0,0,0,0,1,0,0,0,0,0,0,0,0,0,0,0,0,0,0,0,0,0,1,0,0,0,0,1,0,0,0,0,0,0,0,0,0,0,0,0,0,0,0,0,0,0,1,0,0,0,1,0,0,0,0,0,0,0,0,0,0,0,0,0,0,0,0,0,0,0,1,0,0,2,2,0,0,0,0,0,0,0,0,1.7230236978684088,1.0,1.7230236978684088,1.0,1.7230236978684088,1.0,1.7230236978684088,1.0,179088.9750000001,665880.7400000002
1,0,10,182134.7000000002,666640.9199999999,0,0.0,53.90261011574074,1353,0,0,0,0,0,0,0,1,0,0,0,0,0.0,1.0,1,0,10,182281.0499999998,666002.6300000008,0,0.0,49.12233241898148,2205,0,0,0,0,1,0,0,0,0,0,0,0,0.0,1.0,2,5,5,183688.03000000023,665389.3900000006,0,7.891466666666667,0.0,1141,0,0,0,0,0,0,1,0,0,0,0,0,0.0,1.0,1,5,7,181303.1900000004,665401.8499999996,0,6.708666666666667,0.0,1141,0,0,0,0,0,0,1,0,0,0,0,0,0.754709580222772,0.6560590289905073,0,0,0,1,0,0,0,0,0,0,0,0,0,0,0,0,0,1,0,0,0,0,1,0,0,0,0,0,0,0,0,0,0,0,0,0,0,0,0,0,1,0,0,0,1,0,0,0,0,0,0,0,0,0,0,0,0,0,0,0,0,1,0,0,0,0,0,1,0,0,0,0,0,0,0,0,0,0,0,0,0,0,0,0,0,0,1,0,0,0,0,0,0,0,0,0,0,0,0,0,0,1.1832816664467247,1.0,0.2337421088786752,1.0,2.064468793068542,1.0,1.6671881312405616,1.0,182351.74250000017,665858.6975000002
2,5,5,182189.1200000001,652759.8800000008,0,30.290616666666665,0.0,1366,0,0,0,0,0,0,0,0,1,0,0,0,-0.017452406437283192,-0.9998476951563913,2,5,5,182817.1500000004,652722.8000000007,0,20.27488333333333,0.0,1366,0,0,0,0,0,0,0,0,1,0,0,0,0.08715574274765864,-0.9961946980917455,2,5,5,179450.34999999963,654077.5299999993,0,20.125116666666667,0.0,1366,0,0,0,0,0,0,0,0,1,0,0,0,0.9563047559630355,-0.29237170472273666,1,5,5,181111.3799999999,653639.5500000007,0,10.140766666666666,0.0,1366,0,0,0,0,0,0,0,0,1,0,0,0,-0.5446390350150271,-0.838670567945424,0,0,1,0,0,0,0,0,0,0,0,0,0,0,1,0,0,0,0,0,0,1,0,0,0,0,0,0,0,0,0,0,0,0,0,0,0,0,1,0,0,0,0,0,1,0,0,0,0,0,0,0,0,0,0,0,0,0,0,1,0,0,0,0,0,0,0,1,0,0,0,0,0,0,0,0,0,0,0,0,0,0,0,1,0,0,0,0,0,0,0,0,0,0,0,0,0,0,0,0,0,1.037512561631687,1.0,1.656819237375339,1.0,2.2537718514056064,1.0,0.47471338557215725,1.0,181392.0,653299.9400000004
17,0,10,178540.1799999997,663026.1099999994,0,0.0,71.15145016203704,790,0,0,0,0,0,0,0,0,0,0,1,0,0.0,1.0,1,0,10,180749.91999999995,661572.5,0,0.0,25.531045069444446,1141,0,0,0,0,0,0,1,0,0,0,0,0,0.0,1.0,2,0,10,180244.75,664183.7100000009,0,0.0,10.245119131944444,787,0,0,0,0,0,0,0,0,0,1,0,0,0.0,1.0,2,0,6,180183.76999999955,662400.3399999999,0,533.0382333333333,0.0,1540,0,0,0,0,0,0,0,0,1,0,0,0,0.0,1.0,1,0,0,1,0,0,0,0,0,0,0,0,0,0,0,0,0,1,0,0,0,0,1,0,0,0,0,0,0,0,0,0,0,0,0,0,0,0,0,0,1,0,0,0,0,1,0,0,0,0,0,0,0,0,0,0,0,0,0,0,0,0,0,0,1,0,0,0,1,0,0,0,0,0,0,0,0,0,0,0,0,0,0,0,0,0,0,0,1,0,0,0,0,0,0,0,0,0,0,0,0,1.5783834830436119,1.0,1.650425907333977,1.0,1.5950867151980606,1.0,0.5266528229476269,1.0,179929.6549999998,662795.665
2,0,10,177401.2000000002,662045.3599999994,0,0.0,103.47289907407408,785,0,0,0,0,0,0,0,1,0,0,0,0,0.0,1.0,2,0,10,177408.16000000015,662268.3399999999,0,0.0,100.70678796296296,2205,0,0,0,0,1,0,0,0,0,0,0,0,0.0,1.0,2,0,6,181415.41999999995,668955.0800000001,0,963.0246666666667,0.0,1295,0,0,0,0,0,1,0,0,0,0,0,0,0.0,1.0,2,0,6,181415.41999999995,668955.0800000001,0,963.0246666666667,0.0,1295,0,0,0,0,0,1,0,0,0,0,0,0,0.0,1.0,1,0,0,1,0,0,0,0,0,0,0,0,0,0,0,0,0,1,0,0,0,0,1,0,0,0,0,0,0,0,0,0,0,0,0,0,0,0,0,0,1,0,0,0,0,1,0,0,0,0,0,0,0,0,0,0,0,0,0,0,0,0,0,0,1,0,0,0,1,0,0,0,0,0,0,0,0,0,0,0,0,0,0,0,0,0,0,0,1,0,0,2,2,0,0,0,0,0,0,0,0,1.4965507459374956,1.0,1.4241908998352397,1.0,1.4602358016682981,1.0,1.4602358016682981,1.0,179410.05000000005,665555.9649999999
2,0,10,186290.9000000004,659876.8599999994,0,0.0,130.5110342013889,790,0,0,0,0,0,0,0,0,0,0,1,0,0.0,1.0,2,0,10,186214.3899999997,659530.0600000005,0,0.0,130.51102244212964,790,0,0,0,0,0,0,0,0,0,0,1,0,0.0,1.0,2,0,10,186255.74000000025,659726.9600000009,0,0.0,130.51102280092593,790,0,0,0,0,0,0,0,0,0,0,1,0,0.0,1.0,1,0,10,187667.66999999995,659861.0099999998,0,0.0,81.78679783564814,1353,0,0,0,0,0,0,0,1,0,0,0,0,0.0,1.0,0,0,0,1,0,0,0,0,0,0,0,0,0,0,0,0,0,1,0,0,0,0,1,0,0,0,0,0,0,0,0,0,0,0,0,0,0,0,0,0,1,0,0,0,0,1,0,0,0,0,0,0,0,0,0,0,0,0,0,0,0,0,0,0,1,0,0,0,1,0,0,0,0,0,0,0,0,0,0,0,0,0,0,0,0,0,0,0,1,0,0,3,0,0,0,0,0,0,0,0,0,0.9076870837683189,1.0,1.195760226736559,1.0,0.9365785425706608,1.0,2.836596888823082,0.0,248809.56666666677,879664.9633333335
2,5,5,181013.8700000001,665391.0800000001,0,16.145366666666668,0.0,860,0,0,0,1,0,0,0,0,0,0,0,0,-0.848048096156426,-0.529919264233205,1,5,6,182357.74000000025,665232.4100000001,0,2.5450166666666667,0.0,860,0,0,0,1,0,0,0,0,0,0,0,0,-0.25881904510252035,-0.9659258262890684,2,5,5,183618.58000000007,664327.9700000007,0,1.8787166666666666,0.0,860,0,0,0,1,0,0,0,0,0,0,0,0,0.05233595624294383,0.9986295347545738,1,5,5,181687.4500000002,666266.1300000008,0,1.82855,0.0,860,0,0,0,1,0,0,0,0,0,0,0,0,-0.9563047559630354,0.2923717047227367,0,0,1,0,0,0,0,0,0,0,0,0,0,0,1,0,0,0,0,0,0,1,0,0,0,0,0,0,0,0,0,0,0,0,0,1,0,0,0,0,0,0,0,0,1,0,0,0,0,0,0,0,0,0,0,0,0,0,0,0,0,0,1,0,0,0,0,1,0,0,0,0,0,0,0,0,0,0,0,0,0,0,0,0,1,0,0,0,0,0,0,0,0,0,0,0,0,0,0,0,0,1.4048032915271234,1.0,0.24442429913390692,1.0,2.1184162391281576,1.0,1.3041244075102787,1.0,182169.41000000015,665304.3975000004
2,0,10,178578.91999999993,665596.5600000005,0,0.0,56.41180967592592,1540,0,0,0,0,0,0,0,0,1,0,0,0,0.0,1.0,2,0,6,179404.41000000015,663471.5099999998,0,1012.9892666666667,0.0,2205,0,0,0,0,1,0,0,0,0,0,0,0,0.0,1.0,1,0,6,179222.96999999974,663009.2200000007,0,953.0059166666666,0.0,1295,0,0,0,0,0,1,0,0,0,0,0,0,0.0,1.0,2,0,6,179699.8799999999,662552.4299999997,0,713.0059166666666,0.0,785,0,0,0,0,0,0,0,1,0,0,0,0,0.0,1.0,1,0,0,1,0,0,0,0,0,0,0,0,0,0,0,0,0,1,0,0,0,0,1,0,0,0,0,0,0,0,0,0,0,0,0,0,0,0,0,0,1,0,0,0,0,1,0,0,0,0,0,0,0,0,0,0,0,0,0,0,0,0,0,0,1,0,0,0,1,0,0,0,0,0,0,0,0,0,0,0,0,0,0,0,0,0,0,0,1,0,0,0,0,0,0,0,0,0,0,0,0,2.593472547330355,0.0,0.3263985882338871,1.0,0.8223077380846106,1.0,1.5249536424845371,1.0,238968.72666666657,884876.5733333336
2,0,10,177321.38999999966,661428.4299999997,0,0.0,103.47288737268518,785,0,0,0,0,0,0,0,1,0,0,0,0,0.0,1.0,2,0,10,179116.7000000002,665979.1099999994,0,0.0,96.60132487268518,1000,0,0,0,0,0,1,0,0,0,0,0,0,0.0,1.0,2,0,6,180185.3200000003,662409.4299999997,0,603.0578166666667,0.0,1540,0,0,0,0,0,0,0,0,1,0,0,0,0.0,1.0,2,0,6,180185.3200000003,662409.4299999997,0,603.0578166666667,0.0,1540,0,0,0,0,0,0,0,0,1,0,0,0,0.0,1.0,1,0,0,1,0,0,0,0,0,0,0,0,0,0,0,0,0,1,0,0,0,0,1,0,0,0,0,0,0,0,0,0,0,0,0,0,0,0,0,0,1,0,0,0,0,1,0,0,0,0,0,0,0,0,0,0,0,0,0,0,0,0,0,0,1,0,0,0,1,0,0,0,0,0,0,0,0,0,0,0,0,0,0,0,0,0,0,0,1,0,0,2,0,0,0,0,0,0,0,0,0,1.7129947442796079,1.0,2.0133135916148177,1.0,0.8105046036655899,1.0,0.8105046036655899,1.0,179202.1825000001,663056.5999999996
1,0,6,179078.8099999996,645173.0500000007,0,1072.99205,0.0,1366,0,0,0,0,0,0,0,0,1,0,0,0,0.0,1.0,1,0,6,178853.0599999996,645047.1500000004,0,1072.9924833333334,0.0,1366,0,0,0,0,0,0,0,0,1,0,0,0,0.0,1.0,1,5,5,182292.28000000023,645135.8599999994,0,28.092433333333332,0.0,1295,0,0,0,0,0,1,0,0,0,0,0,0,0.24192189559966773,-0.9702957262759965,1,5,5,182346.26999999955,644919.4199999999,0,27.058916666666665,0.0,1295,0,0,0,0,0,1,0,0,0,0,0,0,0.29237170472273705,-0.9563047559630354,0,0,0,1,0,0,0,0,0,0,0,0,0,0,0,0,0,1,0,0,0,0,1,0,0,0,0,0,0,0,0,0,0,0,0,0,0,0,0,0,1,0,0,0,1,0,0,0,0,0,0,0,0,0,0,0,0,0,0,1,0,0,0,0,0,0,0,1,0,0,0,0,0,0,0,0,0,0,0,0,0,0,0,0,0,0,1,0,0,0,0,2,0,0,0,0,0,0,0,0,0,1.7646011700371576,1.0,2.0150217426762147,1.0,1.858922581693658,1.0,1.925546172586907,1.0,180642.60499999975,645068.8700000001
2,0,10,177408.16000000015,662268.3399999999,0,0.0,99.11649633101852,2205,0,0,0,0,1,0,0,0,0,0,0,0,0.0,1.0,2,0,10,178747.04000000004,666085.1899999995,0,0.0,54.82847548611111,1540,0,0,0,0,0,0,0,0,1,0,0,0,0.0,1.0,2,0,10,178618.1799999997,665686.4600000009,0,0.0,54.82847554398148,1540,0,0,0,0,0,0,0,0,1,0,0,0,0.0,1.0,1,5,5,179117.66000000015,663981.2599999998,0,31.904683333333335,0.0,1000,0,0,0,0,0,1,0,0,0,0,0,0,-0.8660254037844385,-0.5000000000000004,1,0,0,1,0,0,0,0,0,0,0,0,0,0,0,0,0,1,0,0,0,0,1,0,0,0,0,0,0,0,0,0,0,0,0,0,0,0,0,0,1,0,0,0,0,1,0,0,0,0,0,0,0,0,0,0,0,0,0,0,0,0,0,0,1,0,0,0,1,0,0,0,0,0,0,0,0,0,0,0,0,0,0,0,0,0,0,1,0,0,0,2,0,0,0,0,0,0,0,0,0,2.298663378488972,1.0,1.4878323556385633,1.0,1.1042144530969888,1.0,0.7710327550698098,1.0,178472.76,664505.3125
1,0,6,179275.6900000004,645032.3599999994,0,1132.98675,0.0,1366,0,0,0,0,0,0,0,0,1,0,0,0,0.0,1.0,1,0,6,179275.6900000004,645032.3599999994,0,1132.9870166666667,0.0,1366,0,0,0,0,0,0,0,0,1,0,0,0,0.0,1.0,1,0,6,179078.8099999996,645173.0500000007,0,1132.98765,0.0,1366,0,0,0,0,0,0,0,0,1,0,0,0,0.0,1.0,1,0,6,179078.8099999996,645173.0500000007,0,1132.9880333333333,0.0,1366,0,0,0,0,0,0,0,0,1,0,0,0,0.0,1.0,0,0,0,1,0,0,0,0,0,0,0,0,0,0,0,0,0,1,0,0,0,0,1,0,0,0,0,0,0,0,0,0,0,0,0,0,0,0,0,0,1,0,0,0,0,1,0,0,0,0,0,0,0,0,0,0,0,0,0,0,0,0,0,0,1,0,0,0,1,0,0,0,0,0,0,0,0,0,0,0,0,0,0,0,0,0,0,0,1,0,0,0,0,0,0,0,0,0,0,0,0,1.4336715492981915,1.0,1.4336715492981915,1.0,1.4336715492981915,1.0,1.4336715492981915,1.0,179177.25,645102.7050000001
2,5,6,178332.1200000001,652442.0999999996,0,26.666166666666665,0.0,2324,0,0,0,0,1,0,0,0,0,0,0,0,0.5299192642332049,0.848048096156426,2,5,7,179829.01999999955,653963.5399999991,0,26.116,0.0,2324,0,0,0,0,1,0,0,0,0,0,0,0,0.9702957262759965,-0.24192189559966779,1,5,5,181660.33999999985,652918.7899999991,0,9.566516666666667,0.0,2324,0,0,0,0,1,0,0,0,0,0,0,0,-0.8571673007021123,0.5150380749100542,2,5,7,181121.8899999997,653065.4199999999,0,4.7829,0.0,2324,0,0,0,0,1,0,0,0,0,0,0,0,-0.3090169943749477,0.9510565162951535,0,0,1,0,0,0,0,0,0,0,0,0,0,1,0,0,0,0,0,0,0,1,0,0,0,0,0,0,0,0,0,0,0,0,0,0,0,0,1,0,0,0,0,0,1,0,0,0,0,0,0,0,0,0,0,0,0,0,0,1,0,0,0,0,0,0,0,1,0,0,0,0,0,0,0,0,0,0,0,0,0,0,0,0,0,0,1,0,0,0,0,0,0,0,0,0,0,0,0,0,0,2.19383083950895,1.0,1.0426322789768518,1.0,1.5643388576743942,1.0,0.9660960669706916,1.0,180235.8424999998,653097.4624999994
1,5,5,181973.4299999997,674368.9499999993,0,4.2541166666666665,0.0,649,0,0,0,0,0,0,1,0,0,0,0,0,-0.46947156278589086,-0.8829475928589269,2,5,5,186307.1500000004,674639.3200000003,0,1.8206833333333334,0.0,649,0,0,0,0,0,0,1,0,0,0,0,0,-0.034899496702500823,0.9993908270190958,2,5,6,182775.0700000003,676364.1999999993,0,12.472333333333333,0.0,1353,0,0,0,0,0,0,0,1,0,0,0,0,-0.9961946980917455,0.08715574274765789,2,5,5,182673.6399999997,676378.4399999995,0,8.75555,0.0,1353,0,0,0,0,0,0,0,1,0,0,0,0,-0.9848077530122081,0.17364817766692997,0,0,1,0,0,0,0,0,0,0,0,0,0,0,0,0,1,0,0,0,0,1,0,0,0,0,0,0,0,0,0,0,0,0,0,1,0,0,0,0,0,0,0,0,1,0,0,0,0,0,0,0,0,0,0,0,0,0,0,0,0,0,1,0,0,0,0,1,0,0,0,0,0,0,0,0,0,0,0,0,0,0,0,0,0,0,1,0,0,0,0,2,0,0,0,0,0,0,0,0,0,1.3769961467794514,1.0,2.271754755227403,1.0,0.8649007418035245,1.0,0.9201785645454277,1.0,183432.3225,675437.7274999996
2,5,8,168526.61000000034,632404.6300000008,0,41.88353333333333,0.0,2324,0,0,0,0,1,0,0,0,0,0,0,0,0.374606593415912,0.9271838545667874,2,5,5,166713.03000000026,632725.4000000004,0,29.233666666666668,0.0,2324,0,0,0,0,1,0,0,0,0,0,0,0,-0.8746197071393961,0.4848096202463365,2,5,7,168086.58999999985,634222.0500000007,0,14.467316666666667,0.0,2324,0,0,0,0,1,0,0,0,0,0,0,0,-0.9993908270190957,-0.03489949670250165,2,5,5,168269.71999999974,631969.9000000004,0,9.7833,0.0,2324,0,0,0,0,1,0,0,0,0,0,0,0,0.48480962024633706,0.8746197071393957,0,0,1,0,0,0,0,0,0,0,0,0,0,1,0,0,0,0,0,0,0,1,0,0,0,0,0,0,0,0,0,0,0,0,0,0,0,0,1,0,0,0,0,0,0,0,1,0,0,0,0,0,0,0,0,0,0,0,0,0,0,0,0,0,0,1,0,1,0,0,0,0,0,0,0,0,0,0,0,0,0,0,0,0,0,0,1,0,0,0,0,2,0,0,0,0,0,0,0,0,0,0.9791092461097236,1.0,1.5369601072406676,1.0,1.8126189670687793,1.0,1.2096467851355897,1.0,167898.98750000005,632830.4950000006
2,5,6,183006.51999999955,664747.6899999995,0,38.01845,0.0,2324,0,0,0,0,1,0,0,0,0,0,0,0,-0.9993908270190958,0.03489949670250128,1,5,6,181698.7999999998,664159.4700000007,0,26.484866666666665,0.0,2324,0,0,0,0,1,0,0,0,0,0,0,0,-0.7431448254773946,0.6691306063588578,2,5,5,182045.74000000025,663752.5099999998,0,6.851383333333334,0.0,2324,0,0,0,0,1,0,0,0,0,0,0,0,0.9993908270190958,0.03489949670250108,2,5,5,181672.2999999998,664191.7300000004,0,17.965516666666666,0.0,2324,0,0,0,0,1,0,0,0,0,0,0,0,-0.9975640502598243,0.06975647374412522,0,0,1,0,0,0,0,0,0,0,0,0,0,0,0,0,1,0,0,0,0,1,0,0,0,0,0,0,0,0,0,0,0,0,0,0,0,0,1,0,0,0,0,0,1,0,0,0,0,0,0,0,0,0,0,0,0,0,0,0,0,0,1,0,0,0,0,1,0,0,0,0,0,0,0,0,0,0,0,0,0,0,0,0,0,0,1,0,0,0,0,0,0,0,0,0,0,0,0,0,0,2.342167818369244,1.0,0.917908723651088,1.0,1.0380263269134717,1.0,0.9705178050536811,1.0,182105.83999999985,664212.8500000001
1,0,7,179078.8099999996,645173.0500000007,0,0.0,1.703467025462963,1366,0,0,0,0,0,0,0,0,1,0,0,0,0.0,1.0,1,0,6,179078.8099999996,645173.0500000007,0,0.0,1.7034674189814816,1366,0,0,0,0,0,0,0,0,1,0,0,0,0.0,1.0,1,0,8,178853.0599999996,645047.1500000004,0,0.0,1.7034678125,1366,0,0,0,0,0,0,0,0,1,0,0,0,0.0,1.0,2,5,7,183160.96,646691.6199999992,0,6.6433333333333335,0.0,2205,0,0,0,0,1,0,0,0,0,0,0,0,-0.6691306063588581,0.7431448254773942,0,0,0,1,0,0,0,0,0,0,0,0,0,0,0,0,0,1,0,0,0,0,1,0,0,0,0,0,0,0,0,0,0,0,0,0,0,0,0,0,1,0,0,0,0,1,0,0,0,0,0,0,0,0,0,0,0,0,0,0,0,0,0,0,1,0,0,0,0,1,0,0,0,0,0,0,0,0,0,0,0,0,0,0,0,0,0,0,0,0,1,0,0,0,0,0,0,0,0,0,0,0.8265632083390164,1.0,0.8265632083390164,1.0,1.0328104585170264,1.0,2.685599278120762,0.0,240057.2133333329,860694.956666667
2,0,6,180744.7000000002,657539.6899999995,0,963.0242333333333,0.0,1295,0,0,0,0,0,1,0,0,0,0,0,0,0.0,1.0,2,0,6,180744.7000000002,657539.6899999995,0,963.0242333333333,0.0,1295,0,0,0,0,0,1,0,0,0,0,0,0,0.0,1.0,2,0,6,180744.7000000002,657539.6899999995,0,963.0242333333333,0.0,1295,0,0,0,0,0,1,0,0,0,0,0,0,0.0,1.0,2,0,6,177937.33999999985,658564.3000000007,0,963.0243166666667,0.0,1295,0,0,0,0,0,1,0,0,0,0,0,0,0.0,1.0,0,0,0,1,0,0,0,0,0,0,0,0,0,0,0,0,0,1,0,0,0,0,1,0,0,0,0,0,0,0,0,0,0,0,0,0,0,0,0,0,1,0,0,0,0,1,0,0,0,0,0,0,0,0,0,0,0,0,0,0,0,0,0,0,1,0,0,0,1,0,0,0,0,0,0,0,0,0,0,0,0,0,0,0,0,0,0,0,1,0,0,3,0,0,0,0,0,0,0,0,0,0.9005330212218629,1.0,0.9005330212218629,1.0,0.9005330212218629,1.0,2.7015990636655887,0.0,240057.1466666668,877061.1233333331
1,0,10,182134.7000000002,666640.9199999999,0,0.0,45.86094005787037,1353,0,0,0,0,0,0,0,1,0,0,0,0,0.0,1.0,1,0,10,182281.0499999998,666002.6300000008,0,0.0,41.080662395833336,2205,0,0,0,0,1,0,0,0,0,0,0,0,0.0,1.0,2,5,6,181446.6900000004,665576.6300000008,0,26.987816666666667,0.0,1000,0,0,0,0,0,1,0,0,0,0,0,0,0.9781476007338056,0.20791169081775945,2,5,5,182114.24000000025,666286.3599999994,0,7.6371166666666666,0.0,1000,0,0,0,0,0,1,0,0,0,0,0,0,-0.8191520442889916,-0.5735764363510464,0,0,0,1,0,0,0,0,0,0,0,0,0,0,0,0,0,1,0,0,0,0,1,0,0,0,0,0,0,0,0,0,0,0,0,0,0,0,0,0,1,0,0,0,1,0,0,0,0,0,0,0,0,0,0,0,0,0,0,1,0,0,0,0,0,0,0,1,0,0,0,0,0,0,0,0,0,0,0,0,0,0,0,0,0,1,0,0,0,0,0,0,0,0,0,0,0,0,0,0,0,1.4967370991157576,1.0,0.8774081008527509,1.0,2.1786596793955417,1.0,0.5609810852421256,1.0,181994.17000000016,666126.6350000002
2,5,6,183434.49000000025,667168.2899999991,0,27.01803333333333,0.0,1540,0,0,0,0,0,0,0,0,1,0,0,0,0.9396926207859083,0.3420201433256688,1,5,5,183927.3799999999,665258.1899999995,0,16.467966666666666,0.0,1540,0,0,0,0,0,0,0,0,1,0,0,0,0.13917310096006574,-0.9902680687415703,2,5,5,183999.03000000023,667370.1999999993,0,11.767566666666667,0.0,1540,0,0,0,0,0,0,0,0,1,0,0,0,-0.9455185755993168,-0.32556815445715664,2,5,5,184855.29000000004,666648.8200000003,0,6.3345666666666665,0.0,1540,0,0,0,0,0,0,0,0,1,0,0,0,0.9945218953682734,-0.10452846326765333,0,0,1,0,0,0,0,0,0,0,0,0,0,0,0,0,1,0,0,0,0,1,0,0,0,0,0,0,0,0,0,0,0,0,0,0,0,0,1,0,0,0,0,0,1,0,0,0,0,0,0,0,0,0,0,0,0,0,0,0,0,0,1,0,0,0,0,1,0,0,0,0,0,0,0,0,0,0,0,0,0,0,0,0,0,0,1,0,0,0,0,0,0,0,0,0,0,0,0,0,0,1.2475818305351978,1.0,2.035349874357432,1.0,1.139377449258538,1.0,1.2012273300704255,1.0,184054.0475000001,666611.3749999995
1,0,7,179275.6900000004,645032.3599999994,0,0.0,2.0368153935185185,1366,0,0,0,0,0,0,0,0,1,0,0,0,0.0,1.0,1,0,6,179078.8099999996,645173.0500000007,0,0.0,2.036816215277778,1366,0,0,0,0,0,0,0,0,1,0,0,0,0.0,1.0,2,5,5,181021.8099999996,644894.3599999994,0,29.631416666666667,0.0,1366,0,0,0,0,0,0,0,0,1,0,0,0,0.8386705679454239,0.5446390350150272,1,5,5,181541.6900000004,644698.0099999998,0,3.51525,0.0,1366,0,0,0,0,0,0,0,0,1,0,0,0,0.7771459614569708,0.6293203910498375,0,0,0,1,0,0,0,0,0,0,0,0,0,0,0,0,0,1,0,0,0,0,1,0,0,0,0,0,0,0,0,0,0,0,0,0,0,0,0,0,1,0,0,0,1,0,0,0,0,0,0,0,0,0,0,0,0,0,0,1,0,0,0,0,0,0,0,1,0,0,0,0,0,0,0,0,0,0,0,0,0,0,0,1,0,0,0,0,0,0,0,0,0,0,0,0,0,0,0,0,0,1.5368969058208979,1.0,1.8817206125763766,1.0,1.274941635758394,1.0,2.1447404860306705,1.0,180229.5,644949.4449999998
2,0,10,178747.04000000004,666085.1899999995,0,0.0,94.17768866898147,1000,0,0,0,0,0,1,0,0,0,0,0,0,0.0,1.0,2,0,10,178578.91999999993,665596.5600000005,0,0.0,53.995142361111114,1540,0,0,0,0,0,0,0,0,1,0,0,0,0.0,1.0,1,0,10,180774.2199999997,661479.4800000004,0,0.0,23.156045104166665,1141,0,0,0,0,0,0,1,0,0,0,0,0,0.0,1.0,2,3,5,181599.01999999955,669826.6699999999,0,27.788316666666667,0.0,1353,0,0,0,0,0,0,0,1,0,0,0,0,0.981627183447664,-0.1908089953765448,1,0,0,1,0,0,0,0,0,0,0,0,0,0,0,0,0,1,0,0,0,0,1,0,0,0,0,0,0,0,0,0,0,0,0,0,0,0,0,0,1,0,0,0,0,1,0,0,0,0,0,0,0,0,0,0,0,0,0,0,0,0,0,0,1,0,0,1,0,0,0,0,0,0,0,0,0,0,0,0,0,0,0,1,0,0,0,0,0,0,0,0,0,0,0,0,0,0,0,0,0,0.5760760873883177,1.0,0.6366749714838612,1.0,2.045625176194068,1.0,2.0732013351852285,1.0,179924.7999999998,665746.9750000001
1,0,10,186647.59999999963,695230.3699999992,0,0.0,36.66902347222222,738,0,0,0,0,0,0,0,0,0,1,0,0,0.0,1.0,1,0,10,186810.84999999963,695239.0700000003,0,0.0,36.669023877314814,738,0,0,0,0,0,0,0,0,0,1,0,0,0.0,1.0,1,0,10,186647.59999999963,695230.3699999992,0,0.0,36.71069020833333,738,0,0,0,0,0,0,0,0,0,1,0,0,0.0,1.0,1,5,5,187084.66999999995,687990.6799999997,0,24.227133333333335,0.0,1295,0,0,0,0,0,1,0,0,0,0,0,0,0.4383711467890774,0.898794046299167,0,0,0,1,0,0,0,0,0,0,0,0,0,0,0,0,0,1,0,0,0,0,1,0,0,0,0,0,0,0,0,0,0,0,0,0,0,0,0,0,1,0,0,0,0,1,0,0,0,0,0,0,0,0,0,0,0,0,0,0,0,0,0,0,1,0,0,1,0,0,0,0,0,0,0,0,0,0,0,0,0,0,0,0,1,0,0,0,0,0,0,0,0,0,0,0,0,0,0,0,0,1.0944881701114009,1.0,1.0960138368713233,1.0,1.0944881701114009,1.0,3.282027669302696,0.0,249063.57333333293,924563.4966666661
1,0,10,182658.25999999975,669383.8599999994,0,0.0,48.0226718287037,1366,0,0,0,0,0,0,0,0,1,0,0,0,0.0,1.0,1,0,10,180774.2199999997,661479.4800000004,0,0.0,25.239396354166665,1141,0,0,0,0,0,0,1,0,0,0,0,0,0.0,1.0,2,5,5,177496.3700000001,663002.0,0,20.430633333333333,0.0,1366,0,0,0,0,0,0,0,0,1,0,0,0,-0.25881904510252035,-0.9659258262890684,1,5,5,178391.0499999998,663818.5600000005,0,15.564,0.0,1366,0,0,0,0,0,0,0,0,1,0,0,0,0.6156614753256582,0.788010753606722,1,0,0,1,0,0,0,0,0,0,0,0,0,0,0,0,0,1,0,0,0,0,1,0,0,0,0,0,0,0,0,0,0,0,0,0,0,0,0,0,1,0,0,0,1,0,0,0,0,0,0,0,0,0,0,0,0,0,0,0,0,0,1,0,0,0,0,1,0,0,0,0,0,0,0,0,0,0,0,0,0,0,0,1,0,0,0,0,0,0,0,0,0,0,0,0,0,0,0,0,0,2.2798542844542924,1.0,1.2330123039643233,1.0,1.0900554325611707,1.0,0.6226011855589731,1.0,179829.97499999986,664420.9750000001
2,0,6,177405.6900000004,662240.8399999999,0,0.0,100.49149758101852,2205,0,0,0,0,1,0,0,0,0,0,0,0,0.0,1.0,17,0,10,178661.00999999978,663015.4499999993,0,0.0,70.98477307870371,790,0,0,0,0,0,0,0,0,0,0,1,0,0.0,1.0,2,0,10,178618.1799999997,665686.4600000009,0,0.0,56.203476736111114,1540,0,0,0,0,0,0,0,0,1,0,0,0,0.0,1.0,1,0,6,179719.23000000045,665936.1300000008,0,0.0,13.161833229166668,1366,0,0,0,0,0,0,0,0,1,0,0,0,0.0,1.0,1,0,0,1,0,0,0,0,0,0,0,0,0,0,0,0,0,1,0,0,0,0,1,0,0,0,0,0,0,0,0,0,0,0,0,0,0,0,0,0,1,0,0,0,0,1,0,0,0,0,0,0,0,0,0,0,0,0,0,0,0,0,0,0,1,0,0,0,1,0,0,0,0,0,0,0,0,0,0,0,0,0,0,0,0,0,0,0,1,0,0,0,0,0,0,0,0,0,0,0,0,1.8977970303343517,1.0,0.989796774730442,1.0,1.2041121905417729,1.0,1.6816075097692045,1.0,178601.02750000008,664219.7200000002
2,0,10,179182.24000000022,665961.1099999994,0,0.0,63.905643831018516,1141,0,0,0,0,0,0,1,0,0,0,0,0,0.0,1.0,2,0,10,178678.98000000045,665826.8399999999,0,0.0,62.745146122685185,1540,0,0,0,0,0,0,0,0,1,0,0,0,0.0,1.0,2,5,7,178769.6900000004,666721.8399999999,0,19.593866666666667,0.0,2205,0,0,0,0,1,0,0,0,0,0,0,0,-0.30901699437494773,-0.9510565162951535,1,5,5,183256.53000000023,670559.1600000001,0,8.1106,0.0,2205,0,0,0,0,1,0,0,0,0,0,0,0,0.37460659341591224,-0.9271838545667873,1,0,0,1,0,0,0,0,0,0,0,0,0,0,0,0,0,1,0,0,0,0,1,0,0,0,0,0,0,0,0,0,0,0,0,0,0,0,0,0,1,0,0,1,0,0,0,0,0,1,0,0,0,0,0,0,0,0,0,0,0,0,0,0,0,0,0,1,0,0,0,0,0,0,0,0,0,0,0,0,0,0,0,0,1,0,0,0,0,0,0,0,0,0,0,0,0,0,0,0,0,0.7955777354948279,1.0,1.0089148193762052,1.0,0.6881163742416223,1.0,2.424043291371387,1.0,179971.86000000034,667267.2374999998
2,0,6,177405.6900000004,662240.8399999999,0,0.0,99.11649640046296,2205,0,0,0,0,1,0,0,0,0,0,0,0,0.0,1.0,17,0,10,178661.00999999978,663015.4499999993,0,0.0,69.60977189814815,790,0,0,0,0,0,0,0,0,0,0,1,0,0.0,1.0,1,5,5,178577.45999999996,664432.1999999993,0,23.1215,0.0,1000,0,0,0,0,0,1,0,0,0,0,0,0,0.0,1.0,2,5,6,183899.9400000004,668135.5,0,21.638183333333334,0.0,1000,0,0,0,0,0,1,0,0,0,0,0,0,-0.05233595624294437,0.9986295347545738,1,0,0,1,0,0,0,0,0,0,0,0,0,0,0,0,0,1,0,0,0,0,1,0,0,0,0,0,0,0,0,0,0,0,0,0,0,0,0,0,1,0,0,0,1,0,0,0,0,0,0,0,0,0,0,0,0,0,0,0,0,1,0,0,0,0,0,1,0,0,0,0,0,0,0,0,0,0,0,0,0,0,0,0,0,0,1,0,0,0,0,0,0,0,0,0,0,0,0,0,0,1.3162638977596484,1.0,0.7283798344590774,1.0,0.4433664246226623,1.0,2.3583060060678522,1.0,179636.02500000014,664455.9974999996
2,0,10,179116.7000000002,665979.1099999994,0,0.0,56.94730892361111,1141,0,0,0,0,0,0,1,0,0,0,0,0,0.0,1.0,1,0,10,179116.38999999966,665972.2300000004,0,0.0,56.038153819444446,2205,0,0,0,0,1,0,0,0,0,0,0,0,0.0,1.0,2,0,6,178693.75,665885.8900000006,0,0.0,55.786811238425926,1540,0,0,0,0,0,0,0,0,1,0,0,0,0.0,1.0,2,5,6,179709.08000000007,666479.2100000009,0,25.75815,0.0,1295,0,0,0,0,0,1,0,0,0,0,0,0,-0.9998476951563913,-0.017452406437283498,1,0,0,1,0,0,0,0,0,0,0,0,0,0,0,0,0,1,0,0,0,0,1,0,0,0,0,0,0,0,0,0,0,0,0,0,0,0,0,0,1,0,0,0,0,1,0,0,0,0,0,0,0,0,0,0,0,0,0,0,0,0,0,0,1,0,0,1,0,0,0,0,0,0,0,0,0,0,0,0,0,0,0,1,0,0,0,0,0,0,0,0,0,0,0,0,0,0,0,0,0,0.3647148566889459,1.0,0.3864911481023145,1.0,1.692245736744337,1.0,2.284998162469605,1.0,179158.97999999998,666079.1100000003
2,0,10,179055.76999999955,663114.8699999992,0,0.0,154.15537527777778,1141,0,0,0,0,0,0,1,0,0,0,0,0,0.0,1.0,1,0,10,180135.2000000002,662368.6999999993,0,0.0,105.0090211574074,1353,0,0,0,0,0,0,0,1,0,0,0,0,0.0,1.0,2,0,6,178813.41999999993,666065.5299999993,0,0.0,94.17770167824074,1000,0,0,0,0,0,1,0,0,0,0,0,0,0.0,1.0,2,5,5,181436.75,665011.7799999993,0,13.590366666666666,0.0,1353,0,0,0,0,0,0,0,1,0,0,0,0,0.788010753606722,-0.6156614753256583,1,0,0,1,0,0,0,0,0,0,0,0,0,0,0,0,0,1,0,0,0,0,1,0,0,0,0,0,0,0,0,0,0,0,0,0,0,0,0,0,1,0,0,0,0,1,0,0,0,0,0,0,0,0,0,0,0,0,0,0,0,0,0,0,1,0,0,1,0,0,0,0,0,0,0,0,0,0,0,0,0,0,0,0,0,0,1,0,0,0,0,0,0,0,0,0,0,0,0,0,0,1.0391628756435063,1.0,1.4293984068410108,1.0,1.7473684299509997,1.0,1.4362750657413341,1.0,179860.28499999992,664140.2199999993
1,0,10,181954.53000000023,664345.2400000002,0,0.0,45.16183196759259,790,0,0,0,0,0,0,0,0,0,0,1,0,0.0,1.0,1,0,10,181954.53000000023,664345.2400000002,0,0.0,45.20349878472222,790,0,0,0,0,0,0,0,0,0,0,1,0,0.0,1.0,1,0,10,181954.53000000023,664345.2400000002,0,0.0,45.210456666666666,790,0,0,0,0,0,0,0,0,0,0,1,0,0.0,1.0,1,0,10,181954.53000000023,664345.2400000002,0,0.0,45.210456666666666,790,0,0,0,0,0,0,0,0,0,0,1,0,0.0,1.0,0,0,0,1,0,0,0,0,0,0,0,0,0,0,0,0,0,1,0,0,0,0,1,0,0,0,0,0,0,0,0,0,0,0,0,0,0,0,0,0,1,0,0,0,0,1,0,0,0,0,0,0,0,0,0,0,0,0,0,0,0,0,0,0,1,0,0,0,1,0,0,0,0,0,0,0,0,0,0,0,0,0,0,0,0,0,0,0,1,0,0,4,0,0,0,0,0,0,0,0,0,0.0,1.0,0.0,1.0,0.0,1.0,0.0,1.0,181954.53000000023,664345.2400000002
1,0,10,182658.25999999975,669383.8599999994,0,0.0,47.939327615740744,1366,0,0,0,0,0,0,0,0,1,0,0,0,0.0,1.0,1,0,10,180774.2199999997,661479.4800000004,0,0.0,25.15605209490741,1141,0,0,0,0,0,0,1,0,0,0,0,0,0.0,1.0,2,5,7,180729.28000000023,664316.2699999996,0,33.715066666666665,0.0,1353,0,0,0,0,0,0,0,1,0,0,0,0,0.24192189559966773,0.9702957262759965,1,5,5,178932.23000000045,663609.1400000006,0,4.448366666666667,0.0,1353,0,0,0,0,0,0,0,1,0,0,0,0,0.29237170472273705,-0.9563047559630354,1,0,0,1,0,0,0,0,0,0,0,0,0,0,0,0,0,1,0,0,0,0,1,0,0,0,0,0,0,0,0,0,0,0,0,0,0,0,0,0,1,0,0,0,1,0,0,0,0,0,0,0,0,0,0,0,0,0,0,0,0,0,1,0,0,0,0,1,0,0,0,0,0,0,0,0,0,0,0,0,0,0,0,0,0,1,0,0,0,0,0,0,0,0,0,0,0,0,0,0,0,2.3952203714066465,1.0,1.5257216065018946,1.0,0.18183025727995972,1.0,1.014103274337387,1.0,180773.49750000003,664697.1875
2,0,10,177419.7000000002,662364.0999999996,0,0.0,100.70678726851853,2205,0,0,0,0,1,0,0,0,0,0,0,0,0.0,1.0,2,0,10,177419.7000000002,662364.0999999996,0,0.0,100.70678726851853,2205,0,0,0,0,1,0,0,0,0,0,0,0,0.0,1.0,2,0,6,180291.1900000004,668864.3000000007,0,963.0236166666666,0.0,1295,0,0,0,0,0,1,0,0,0,0,0,0,0.0,1.0,2,0,6,180291.1900000004,668864.3000000007,0,963.0236166666666,0.0,1295,0,0,0,0,0,1,0,0,0,0,0,0,0.0,1.0,1,0,0,1,0,0,0,0,0,0,0,0,0,0,0,0,0,1,0,0,0,0,1,0,0,0,0,0,0,0,0,0,0,0,0,0,0,0,0,0,1,0,0,0,0,1,0,0,0,0,0,0,0,0,0,0,0,0,0,0,0,0,0,0,1,0,0,0,1,0,0,0,0,0,0,0,0,0,0,0,0,0,0,0,0,0,0,0,1,0,0,2,2,0,0,0,0,0,0,0,0,1.5165244136100025,1.0,1.5165244136100025,1.0,1.5165244136100025,1.0,1.5165244136100025,1.0,178855.4450000003,665614.2000000002
1,5,5,184243.8799999999,663026.9499999993,0,24.481983333333332,0.0,860,0,0,0,1,0,0,0,0,0,0,0,0,-0.01745240643728445,0.9998476951563913,2,5,5,182551.25,662876.6600000001,0,10.648883333333334,0.0,860,0,0,0,1,0,0,0,0,0,0,0,0,-0.9998476951563913,0.01745240643728313,2,5,5,182410.26999999955,665346.0999999996,0,4.631916666666666,0.0,860,0,0,0,1,0,0,0,0,0,0,0,0,-0.6946583704589976,0.7193398003386509,2,5,5,182922.3200000003,662304.3800000008,0,1.5155,0.0,860,0,0,0,1,0,0,0,0,0,0,0,0,-1.0,-1.8369701987210297e-16,0,0,1,0,0,0,0,0,0,0,0,0,0,0,1,0,0,0,0,0,0,1,0,0,0,0,0,0,0,0,0,0,0,0,0,0,1,0,0,0,0,0,0,0,1,0,0,0,0,0,0,0,0,0,0,0,0,0,0,1,0,0,0,0,0,0,0,1,0,0,0,0,0,0,0,0,0,0,0,0,0,0,0,1,0,0,0,0,0,0,0,0,0,0,0,0,0,0,0,0,0,1.3410397709794006,1.0,0.744543487089421,1.0,2.177832152898266,1.0,1.1554109309854281,1.0,183031.92999999993,663388.5225
2,0,10,179193.58000000007,662978.9499999993,0,0.0,158.2954337962963,1141,0,0,0,0,0,0,1,0,0,0,0,0,0.0,1.0,1,0,10,180135.2000000002,662368.6999999993,0,0.0,107.17568842592593,1353,0,0,0,0,0,0,0,1,0,0,0,0,0.0,1.0,17,0,10,178733.74000000022,662995.6600000001,0,0.0,70.94310740740741,790,0,0,0,0,0,0,0,0,0,0,1,0,0.0,1.0,2,5,5,179729.75,666479.4600000009,0,1.4913333333333334,0.0,787,0,0,0,0,0,0,0,0,0,1,0,0,-0.9993908270190957,-0.03489949670250165,1,0,0,1,0,0,0,0,0,0,0,0,0,0,0,0,0,1,0,0,0,0,1,0,0,0,0,0,0,0,0,0,0,0,0,0,0,0,0,0,1,0,0,0,0,1,0,0,0,0,0,0,0,0,0,0,0,0,0,0,0,0,0,0,1,0,0,1,0,0,0,0,0,0,0,0,0,0,0,0,0,0,0,1,0,0,0,0,0,0,0,0,0,0,0,0,0,0,0,0,0,0.7156491902942799,1.0,1.3971018257377699,1.0,0.9360723373844216,1.0,2.5911983832405396,0.0,239264.09000000017,884940.9233333332
1,0,10,187498.5599999996,659374.9499999993,0,0.0,85.99514587962963,787,0,0,0,0,0,0,0,0,0,1,0,0,0.0,1.0,1,0,10,187492.6399999997,659382.8399999999,0,0.0,85.99514612268518,787,0,0,0,0,0,0,0,0,0,1,0,0,0.0,1.0,1,0,10,187663.8200000003,659810.7899999991,0,0.0,84.16180105324074,1353,0,0,0,0,0,0,0,1,0,0,0,0,0.0,1.0,1,0,10,186004.1399999997,659312.2799999993,0,0.0,40.95942827546296,787,0,0,0,0,0,0,0,0,0,1,0,0,0.0,1.0,0,0,0,1,0,0,0,0,0,0,0,0,0,0,0,0,0,1,0,0,0,0,1,0,0,0,0,0,0,0,0,0,0,0,0,0,0,0,0,0,1,0,0,0,0,1,0,0,0,0,0,0,0,0,0,0,0,0,0,0,0,0,0,0,1,0,0,0,1,0,0,0,0,0,0,0,0,0,0,0,0,0,0,0,0,0,0,0,1,0,0,2,0,0,0,0,0,0,0,0,0,0.7959737879827501,1.0,0.7780734703816881,1.0,1.3854947169034995,1.0,2.6861512320245393,0.0,249553.05333333308,879293.6199999992
1,0,10,182329.61000000036,665960.5199999996,0,0.0,41.08066195601852,2205,0,0,0,0,1,0,0,0,0,0,0,0,0.0,1.0,2,5,5,184236.99000000025,662781.0199999996,0,27.358766666666668,0.0,1295,0,0,0,0,0,1,0,0,0,0,0,0,-0.9335804264972021,0.35836794954529955,2,5,5,182180.4400000004,666319.4900000002,0,11.5035,0.0,1000,0,0,0,0,0,1,0,0,0,0,0,0,0.7771459614569708,0.6293203910498375,2,5,6,183295.50999999975,666414.75,0,5.886616666666667,0.0,1000,0,0,0,0,0,1,0,0,0,0,0,0,0.9612616959383189,0.27563735581699916,0,0,0,1,0,0,0,0,0,0,0,0,0,0,0,0,0,1,0,0,0,1,0,0,0,0,0,0,0,0,0,0,0,0,0,0,0,1,0,0,0,0,0,0,1,0,0,0,0,0,0,0,0,0,0,0,0,0,0,0,1,0,0,0,0,0,0,1,0,0,0,0,0,0,0,0,0,0,0,0,0,0,0,0,0,0,1,0,0,0,0,0,0,0,0,0,0,0,0,0,0,0.7739668055198954,1.0,2.457058892609489,1.0,1.0828043420650149,1.0,0.9299668247096745,1.0,183010.6375000002,665368.9449999998
2,0,6,186214.3899999997,659530.0600000005,0,0.0,132.84439622685184,790,0,0,0,0,0,0,0,0,0,0,1,0,0.0,1.0,1,0,10,187492.6399999997,659382.8399999999,0,0.0,128.95350474537037,787,0,0,0,0,0,0,0,0,0,1,0,0,0.0,1.0,1,0,6,187667.66999999995,659861.0099999998,0,0.0,84.12014824074075,1353,0,0,0,0,0,0,0,1,0,0,0,0,0.0,1.0,2,5,6,186119.91000000012,659413.3100000005,0,8.397133333333333,0.0,1366,0,0,0,0,0,0,0,0,1,0,0,0,0.6819983600624985,-0.7313537016191705,0,0,0,1,0,0,0,0,0,0,0,0,0,0,0,0,0,1,0,0,0,0,1,0,0,0,0,0,0,0,0,0,0,0,0,0,0,0,0,0,1,0,0,0,0,1,0,0,0,0,0,0,0,0,0,0,0,0,0,0,0,0,0,0,1,0,0,1,0,0,0,0,0,0,0,0,0,0,0,0,0,0,0,0,0,0,1,0,0,0,0,0,0,0,0,0,0,0,0,0,0,1.466250350484376,1.0,1.4236969413640768,1.0,1.8985832182482376,1.0,1.7019213945293459,1.0,186873.65249999988,659546.8050000002
2,5,10,177315.98000000045,656558.3800000008,0,12.955133333333333,0.0,1353,0,0,0,0,0,0,0,1,0,0,0,0,0.9743700647852352,-0.2249510543438648,2,0,6,176526.84999999963,658196.6999999993,0,1133.0400166666666,0.0,1540,0,0,0,0,0,0,0,0,1,0,0,0,0.0,1.0,2,5,5,176501.61000000034,658213.9800000004,0,5.475066666666667,0.0,1366,0,0,0,0,0,0,0,0,1,0,0,0,-0.9816271834476641,0.19080899537654425,1,1,5,176506.1299999999,657986.6400000006,0,4.35665,0.0,1295,0,0,0,0,0,1,0,0,0,0,0,0,0.3907311284892737,0.9205048534524404,0,0,0,0,1,0,0,0,0,0,0,0,0,0,0,0,0,0,0,1,0,0,1,0,0,0,0,0,0,0,0,0,0,0,0,0,0,0,0,0,1,0,0,0,1,0,0,0,0,0,0,0,0,0,0,0,0,0,0,1,0,0,0,0,0,0,0,1,0,0,0,0,0,0,0,0,0,0,0,0,0,0,0,0,0,0,1,0,0,0,0,2,0,0,0,0,0,0,0,0,0,2.559662578903184,0.0,0.9538350364328602,1.0,1.003603826309828,1.0,0.6226555234605174,1.0,235616.85666666678,876985.2333333337
2,0,6,179318.16999999993,663393.6600000001,0,1012.9877333333334,0.0,2205,0,0,0,0,1,0,0,0,0,0,0,0,0.0,1.0,1,0,6,179273.79000000004,663060.5999999996,0,953.0044166666667,0.0,1295,0,0,0,0,0,1,0,0,0,0,0,0,0.0,1.0,1,0,6,180789.41999999995,661429.6300000008,0,794.67105,0.0,1141,0,0,0,0,0,0,1,0,0,0,0,0,0.0,1.0,2,0,6,178180.0499999998,664506.8900000006,0,473.03775,0.0,738,0,0,0,0,0,0,0,0,0,1,0,0,0.0,1.0,1,0,0,1,0,0,0,0,0,0,0,0,0,0,0,0,0,1,0,0,0,0,1,0,0,0,0,0,0,0,0,0,0,0,0,0,0,0,0,0,1,0,0,0,0,1,0,0,0,0,0,0,0,0,0,0,0,0,0,0,0,0,0,0,1,0,0,0,1,0,0,0,0,0,0,0,0,0,0,0,0,0,0,0,0,0,0,0,1,0,0,0,0,0,0,0,0,0,0,0,0,0.3002195279037853,1.0,0.12055197387544048,1.0,2.1455119832986624,1.0,1.8306367886409203,1.0,179390.35749999993,663097.6950000003
2,0,10,179107.7000000002,663112.9000000004,0,0.0,102.98114565972222,2205,0,0,0,0,1,0,0,0,0,0,0,0,0.0,1.0,2,0,6,177412.58000000007,662309.3499999996,0,0.0,99.99150449074074,2205,0,0,0,0,1,0,0,0,0,0,0,0,0.0,1.0,2,5,7,181464.50999999975,669691.0,0,14.9833,0.0,2324,0,0,0,0,1,0,0,0,0,0,0,0,-0.13917310096006552,-0.9902680687415703,20,5,5,179283.58999999985,661665.0899999999,0,10.883116666666666,0.0,2324,0,0,0,0,1,0,0,0,0,0,0,0,0.48480962024633706,0.8746197071393957,1,0,0,1,0,0,0,0,0,0,0,0,0,0,0,0,0,1,0,0,0,0,1,0,0,0,0,0,0,0,0,0,0,0,0,0,0,0,0,0,1,0,0,0,1,0,0,0,0,0,0,0,0,0,0,0,0,0,0,1,0,0,0,0,0,0,0,1,0,0,0,0,0,0,0,0,0,0,0,0,0,0,0,1,0,0,0,0,0,0,0,0,0,0,0,0,0,0,0,0,0,0.4735116391582869,1.0,1.1517080629048502,1.0,2.536108828553699,0.0,1.087209262374575,1.0,239089.45999999996,885592.7799999999
2,0,10,186214.3899999997,659530.0600000005,0,0.0,131.55269011574075,790,0,0,0,0,0,0,0,0,0,0,1,0,0.0,1.0,1,0,10,187667.66999999995,659861.0099999998,0,0.0,82.82846543981482,1353,0,0,0,0,0,0,0,1,0,0,0,0,0.0,1.0,1,0,6,187301.4000000004,659492.1300000008,0,953.04005,0.0,787,0,0,0,0,0,0,0,0,0,1,0,0,0.0,1.0,20,0,6,187244.58999999985,659513.1899999995,0,953.0401166666667,0.0,787,0,0,0,0,0,0,0,0,0,1,0,0,0.0,1.0,0,0,0,1,0,0,0,0,0,0,0,0,0,0,0,0,0,1,0,0,0,0,1,0,0,0,0,0,0,0,0,0,0,0,0,0,0,0,0,0,1,0,0,0,0,1,0,0,0,0,0,0,0,0,0,0,0,0,0,0,0,0,0,0,1,0,0,0,1,0,0,0,0,0,0,0,0,0,0,0,0,0,0,0,0,0,0,0,1,0,0,0,0,0,0,0,0,0,0,0,0,2.5870109459595145,0.0,1.788125071818499,1.0,0.6411267129476147,1.0,0.4686801233933127,1.0,249476.01666666663,879465.4633333335
2,0,10,177395.46999999974,662145.5199999996,0,0.0,100.7058970486111,2205,0,0,0,0,1,0,0,0,0,0,0,0,0.0,1.0,2,0,10,177395.46999999974,662145.5199999996,0,0.0,100.7058970486111,2205,0,0,0,0,1,0,0,0,0,0,0,0,0.0,1.0,1,0,9,180759.6799999997,661531.8699999992,0,0.0,25.579658622685184,1141,0,0,0,0,0,0,1,0,0,0,0,0,0.0,1.0,2,0,6,179864.61000000034,668797.2699999996,0,963.0250833333333,0.0,1295,0,0,0,0,0,1,0,0,0,0,0,0,0.0,1.0,1,0,0,1,0,0,0,0,0,0,0,0,0,0,0,0,0,1,0,0,0,0,1,0,0,0,0,0,0,0,0,0,0,0,0,0,0,0,0,0,1,0,0,0,0,1,0,0,0,0,0,0,0,0,0,0,0,0,0,0,0,0,0,0,1,0,0,0,1,0,0,0,0,0,0,0,0,0,0,0,0,0,0,0,0,0,0,0,1,0,0,0,0,0,0,0,0,0,0,0,0,0.9387529665662502,1.0,0.9387529665662502,1.0,1.276074662517819,1.0,2.343912703735924,1.0,178853.80749999988,663655.0449999995
1,0,10,187492.6399999997,659382.8399999999,0,0.0,129.29377861111112,787,0,0,0,0,0,0,0,0,0,1,0,0,0.0,1.0,1,0,6,187667.66999999995,659861.0099999998,0,0.0,84.46042210648149,1353,0,0,0,0,0,0,0,1,0,0,0,0,0.0,1.0,1,0,6,187667.66999999995,659861.0099999998,0,0.0,84.46042210648149,1353,0,0,0,0,0,0,0,1,0,0,0,0,0.0,1.0,1,0,6,187667.66999999995,659861.0099999998,0,0.0,84.46042210648149,1353,0,0,0,0,0,0,0,1,0,0,0,0,0.0,1.0,0,0,0,1,0,0,0,0,0,0,0,0,0,0,0,0,0,1,0,0,0,0,1,0,0,0,0,0,0,0,0,0,0,0,0,0,0,0,0,0,1,0,0,0,0,1,0,0,0,0,0,0,0,0,0,0,0,0,0,0,0,0,0,0,1,0,0,0,1,0,0,0,0,0,0,0,0,0,0,0,0,0,0,0,0,0,0,0,1,0,0,3,0,0,0,0,0,0,0,0,0,2.7004160009258413,0.0,0.9001386669752804,1.0,0.9001386669752804,1.0,0.9001386669752804,1.0,250165.21666666653,879655.2899999997
17,0,6,178698.5599999996,663005.4399999995,0,0.0,71.48478042824074,790,0,0,0,0,0,0,0,0,0,0,1,0,0.0,1.0,1,0,10,180749.91999999995,661572.5,0,0.0,25.864386898148148,1141,0,0,0,0,0,0,1,0,0,0,0,0,0.0,1.0,2,5,5,181290.1799999997,663011.6099999994,0,8.367216666666666,0.0,2324,0,0,0,0,1,0,0,0,0,0,0,0,0.05233595624294381,-0.9986295347545738,2,5,5,178747.04000000004,666085.3000000007,0,7.13385,0.0,2324,0,0,0,0,1,0,0,0,0,0,0,0,0.0,1.0,1,0,0,1,0,0,0,0,0,0,0,0,0,0,0,0,0,1,0,0,0,0,1,0,0,0,0,0,0,0,0,0,0,0,0,0,0,0,0,0,1,0,0,0,1,0,0,0,0,0,0,0,0,0,0,0,0,0,0,0,1,0,0,0,0,0,0,0,1,0,0,0,0,0,0,0,0,0,0,0,0,0,0,0,0,0,0,1,0,0,0,0,0,0,0,0,0,0,0,0,0,0.8844799607085061,1.0,1.454211275598717,1.0,1.0498197501390232,1.0,2.058338396501163,1.0,179871.4249999998,663418.7124999999
2,5,5,188325.66999999995,690040.3599999994,0,29.801433333333332,0.0,1540,0,0,0,0,0,0,0,0,1,0,0,0,0.08715574274765817,0.9961946980917455,2,5,5,185911.6399999997,691353.1600000001,0,29.001916666666666,0.0,1540,0,0,0,0,0,0,0,0,1,0,0,0,-0.1564344650402311,0.9876883405951377,2,5,5,187416.9699999997,688571.8200000003,0,20.451833333333333,0.0,1540,0,0,0,0,0,0,0,0,1,0,0,0,-0.30901699437494773,-0.9510565162951535,2,5,5,187667.08999999985,688099.3599999994,0,17.484483333333333,0.0,1540,0,0,0,0,0,0,0,0,1,0,0,0,-0.9961946980917455,0.08715574274765789,0,0,1,0,0,0,0,0,0,0,0,0,0,1,0,0,0,0,0,0,0,1,0,0,0,0,0,0,0,0,0,0,0,0,0,0,0,0,1,0,0,0,0,0,1,0,0,0,0,0,0,0,0,0,0,0,0,0,0,0,0,0,1,0,0,0,0,1,0,0,0,0,0,0,0,0,0,0,0,0,0,0,0,1,0,0,0,0,0,0,0,0,0,0,0,0,0,0,0,0,0,1.0400133178046678,1.0,2.145851923605615,1.0,0.8767420605249265,1.0,1.3463658784536574,1.0,187330.3424999998,689516.1749999998
1,0,10,187498.5599999996,659374.9499999993,0,0.0,85.78681072916666,787,0,0,0,0,0,0,0,0,0,1,0,0,0.0,1.0,1,0,10,187492.6399999997,659382.8399999999,0,0.0,85.78681090277777,787,0,0,0,0,0,0,0,0,0,1,0,0,0.0,1.0,1,0,10,187663.8200000003,659810.7899999991,0,0.0,83.95346590277778,1353,0,0,0,0,0,0,0,1,0,0,0,0,0.0,1.0,1,0,10,186004.1399999997,659312.2799999993,0,0.0,40.75109313657408,787,0,0,0,0,0,0,0,0,0,1,0,0,0.0,1.0,0,0,0,1,0,0,0,0,0,0,0,0,0,0,0,0,0,1,0,0,0,0,1,0,0,0,0,0,0,0,0,0,0,0,0,0,0,0,0,0,1,0,0,0,0,1,0,0,0,0,0,0,0,0,0,0,0,0,0,0,0,0,0,0,1,0,0,0,1,0,0,0,0,0,0,0,0,0,0,0,0,0,0,0,0,0,0,0,1,0,0,2,0,0,0,0,0,0,0,0,0,0.7959737879827501,1.0,0.7780734703816881,1.0,1.3854947169034995,1.0,2.6861512320245393,0.0,249553.05333333308,879293.6199999992
2,0,10,179182.24000000022,665961.1099999994,0,0.0,57.530640300925924,1141,0,0,0,0,0,0,1,0,0,0,0,0,0.0,1.0,2,0,10,178678.98000000045,665826.8399999999,0,0.0,56.37014259259259,1540,0,0,0,0,0,0,0,0,1,0,0,0,0.0,1.0,2,0,6,182782.2999999998,668239.7599999998,0,893.00535,0.0,1295,0,0,0,0,0,1,0,0,0,0,0,0,0.0,1.0,2,0,6,178233.41000000015,664486.7300000004,0,413.03866666666664,0.0,738,0,0,0,0,0,0,0,0,0,1,0,0,0.0,1.0,1,0,0,1,0,0,0,0,0,0,0,0,0,0,0,0,0,1,0,0,0,0,1,0,0,0,0,0,0,0,0,0,0,0,0,0,0,0,0,0,1,0,0,0,0,1,0,0,0,0,0,0,0,0,0,0,0,0,0,0,0,0,0,0,1,0,0,0,1,0,0,0,0,0,0,0,0,0,0,0,0,0,0,0,0,0,0,0,1,0,0,0,0,0,0,0,0,0,0,0,0,0.35733560882100307,1.0,0.6880666487793933,1.0,2.3632186092969354,1.0,1.406684239109572,1.0,179719.23250000016,666128.6099999999
2,0,10,177965.59999999963,658892.7699999996,0,0.0,82.67715087962964,1540,0,0,0,0,0,0,0,0,1,0,0,0,0.0,1.0,2,5,5,180651.3099999996,656908.7400000002,0,25.76395,0.0,2324,0,0,0,0,1,0,0,0,0,0,0,0,0.9986295347545738,0.052335956242943966,2,5,5,179287.16999999993,659363.9499999993,0,20.697,0.0,2324,0,0,0,0,1,0,0,0,0,0,0,0,0.05233595624294383,0.9986295347545738,2,5,5,181662.71,656948.4900000002,0,17.89753333333333,0.0,2324,0,0,0,0,1,0,0,0,0,0,0,0,-0.7431448254773946,0.6691306063588578,0,0,0,1,0,0,0,0,0,0,0,0,0,0,0,0,0,1,0,0,0,1,0,0,0,0,0,0,0,0,0,0,0,0,0,0,0,0,1,0,0,0,0,0,1,0,0,0,0,0,0,0,0,0,0,0,0,0,0,0,0,0,1,0,0,0,0,1,0,0,0,0,0,0,0,0,0,0,0,0,0,0,0,0,1,0,0,0,0,0,0,0,0,0,0,0,0,0,0,0,0,1.6835595484827266,1.0,1.0790486513931654,1.0,1.1690272649701694,1.0,1.6542257439721595,1.0,179891.69749999978,658028.4874999998
2,0,10,186260.91999999995,659751.1099999994,0,0.0,139.59438231481482,790,0,0,0,0,0,0,0,0,0,0,1,0,0.0,1.0,2,0,10,186205.24000000025,659506.6899999995,0,0.0,139.5943591550926,790,0,0,0,0,0,0,0,0,0,0,1,0,0.0,1.0,1,0,10,187687.1200000001,659857.8300000001,0,0.0,90.87013462962963,1353,0,0,0,0,0,0,0,1,0,0,0,0,0.0,1.0,1,0,10,186028.3899999997,659304.3200000003,0,0.0,47.66775055555556,787,0,0,0,0,0,0,0,0,0,1,0,0,0.0,1.0,0,0,0,1,0,0,0,0,0,0,0,0,0,0,0,0,0,1,0,0,0,0,1,0,0,0,0,0,0,0,0,0,0,0,0,0,0,0,0,0,1,0,0,0,0,1,0,0,0,0,0,0,0,0,0,0,0,0,0,0,0,0,0,0,1,0,0,0,1,0,0,0,0,0,0,0,0,0,0,0,0,0,0,0,0,0,0,0,1,0,0,2,0,0,0,0,0,0,0,0,0,0.7268942352719096,1.0,0.8047720571806609,1.0,2.657683956278805,0.0,1.3593270633276637,1.0,248727.2233333333,879473.3166666664
1,0,10,186028.3899999997,659304.3200000003,0,0.0,40.91776521990741,787,0,0,0,0,0,0,0,0,0,1,0,0,0.0,1.0,20,0,6,187270.0,659512.6500000004,0,0.0,1.9535175925925925,787,0,0,0,0,0,0,0,0,0,1,0,0,0.0,1.0,20,0,6,187301.4000000004,659492.1300000008,0,0.0,1.9535175925925925,787,0,0,0,0,0,0,0,0,0,1,0,0,0.0,1.0,2,0,6,186351.3200000003,660157.3000000007,0,575.13195,0.0,2324,0,0,0,0,1,0,0,0,0,0,0,0,0.0,1.0,0,0,0,1,0,0,0,0,0,0,0,0,0,0,0,0,0,1,0,0,0,0,1,0,0,0,0,0,0,0,0,0,0,0,0,0,0,0,0,0,1,0,0,0,0,1,0,0,0,0,0,0,0,0,0,0,0,0,0,0,0,0,0,0,1,0,0,0,1,0,0,0,0,0,0,0,0,0,0,0,0,0,0,0,0,0,0,0,1,0,0,0,0,0,0,0,0,0,0,0,0,1.7568361931770404,1.0,1.2291567913905075,1.0,1.3083171608927515,1.0,1.5064377265690412,1.0,186737.77750000008,659616.6000000006
1,0,7,179275.6900000004,645032.3599999994,0,0.0,8.703467280092593,1366,0,0,0,0,0,0,0,0,1,0,0,0,0.0,1.0,1,0,10,179078.8099999996,645173.0500000007,0,0.0,8.703467893518518,1366,0,0,0,0,0,0,0,0,1,0,0,0,0.0,1.0,1,5,5,180014.70999999996,644662.4100000001,0,7.6099,0.0,2205,0,0,0,0,1,0,0,0,0,0,0,0,0.8746197071393957,0.4848096202463371,6,5,6,178797.83999999985,644153.4499999993,0,2.7270166666666666,0.0,2205,0,0,0,0,1,0,0,0,0,0,0,0,0.838670567945424,-0.5446390350150271,0,0,0,1,0,0,0,0,0,0,0,0,0,0,0,0,0,1,0,0,0,0,1,0,0,0,0,0,0,0,0,0,0,0,0,0,0,0,0,0,1,0,0,0,1,0,0,0,0,0,0,0,0,0,0,0,0,0,0,0,0,0,1,0,0,0,0,0,0,1,0,0,0,0,1,0,0,0,0,0,0,0,0,0,0,0,0,0,0,0,0,0,0,0,0,0,0,0,0,0,0,0.6568306637247986,1.0,1.1097875596409659,1.0,1.725206681706123,1.0,1.8428363501077107,1.0,179291.76249999995,644755.3174999999
2,0,6,180032.48000000045,662401.8000000007,0,603.0578666666667,0.0,1540,0,0,0,0,0,0,0,0,1,0,0,0,0.0,1.0,2,0,6,180032.48000000045,662401.8000000007,0,603.0578666666667,0.0,1540,0,0,0,0,0,0,0,0,1,0,0,0,0.0,1.0,2,0,6,180032.48000000045,662401.8000000007,0,603.0578666666667,0.0,1540,0,0,0,0,0,0,0,0,1,0,0,0,0.0,1.0,2,0,6,180032.48000000045,662401.8000000007,0,603.0578666666667,0.0,1540,0,0,0,0,0,0,0,0,1,0,0,0,0.0,1.0,1,0,0,1,0,0,0,0,0,0,0,0,0,0,0,0,0,1,0,0,0,0,1,0,0,0,0,0,0,0,0,0,0,0,0,0,0,0,0,0,1,0,0,0,0,1,0,0,0,0,0,0,0,0,0,0,0,0,0,0,0,0,0,0,1,0,0,0,1,0,0,0,0,0,0,0,0,0,0,0,0,0,0,0,0,0,0,0,1,0,0,4,0,0,0,0,0,0,0,0,0,0.0,1.0,0.0,1.0,0.0,1.0,0.0,1.0,180032.48000000045,662401.8000000007
2,0,6,186214.3899999997,659530.0600000005,0,0.0,130.84438175925925,790,0,0,0,0,0,0,0,0,0,0,1,0,0.0,1.0,2,0,10,186260.91999999995,659751.1099999994,0,0.0,130.8443586574074,790,0,0,0,0,0,0,0,0,0,0,1,0,0.0,1.0,1,0,10,187492.6399999997,659382.8399999999,0,0.0,126.95349009259259,787,0,0,0,0,0,0,0,0,0,1,0,0,0.0,1.0,1,0,10,187422.34999999963,659473.8200000003,0,0.0,126.95349054398149,787,0,0,0,0,0,0,0,0,0,1,0,0,0.0,1.0,0,0,0,1,0,0,0,0,0,0,0,0,0,0,0,0,0,1,0,0,0,0,1,0,0,0,0,0,0,0,0,0,0,0,0,0,0,0,0,0,1,0,0,0,0,1,0,0,0,0,0,0,0,0,0,0,0,0,0,0,0,0,0,0,1,0,0,0,1,0,0,0,0,0,0,0,0,0,0,0,0,0,0,0,0,0,0,0,1,0,0,2,2,0,0,0,0,0,0,0,0,1.696871434673181,1.0,1.67591923237717,1.0,1.7757750263392995,1.0,1.5488493202679434,1.0,186847.57499999975,659534.4575
2,0,8,177947.29000000004,658711.3100000005,0,0.0,82.17713378472222,1540,0,0,0,0,0,0,0,0,1,0,0,0,0.0,1.0,2,0,10,177937.33999999985,658564.3000000007,0,0.0,82.17713392361111,1540,0,0,0,0,0,0,0,0,1,0,0,0,0.0,1.0,2,0,10,177976.3700000001,658984.2100000009,0,0.0,82.17713407407408,1540,0,0,0,0,0,0,0,0,1,0,0,0,0.0,1.0,2,5,5,177767.0700000003,658998.3100000005,0,26.705433333333332,0.0,170,0,0,0,0,0,0,0,0,0,0,1,0,-0.9998476951563913,-0.017452406437283498,0,0,0,1,0,0,0,0,0,0,0,0,0,0,0,0,0,1,0,0,0,0,1,0,0,0,0,0,0,0,0,0,0,0,0,0,0,0,0,0,1,0,0,0,0,1,0,0,0,0,0,0,0,0,0,0,0,0,0,0,0,0,0,0,1,0,0,1,0,0,0,0,0,0,0,0,0,0,0,0,0,0,0,0,0,0,1,0,0,0,0,3,0,0,0,0,0,0,0,0,0,0.8320197680827799,1.0,1.8927832839049854,1.0,1.376457686730044,1.0,1.734592829152559,1.0,177907.01750000007,658814.5325000007
2,0,6,186214.3899999997,659530.0600000005,0,0.0,139.55271613425927,790,0,0,0,0,0,0,0,0,0,0,1,0,0.0,1.0,2,0,10,186260.91999999995,659751.1099999994,0,0.0,139.55269300925926,790,0,0,0,0,0,0,0,0,0,0,1,0,0.0,1.0,1,0,8,185966.8899999997,659906.9199999999,0,0.0,4.808260092592593,1353,0,0,0,0,0,0,0,1,0,0,0,0,0.0,1.0,17,0,6,186255.74000000025,659726.9600000009,0,0.0,4.849902152777778,1353,0,0,0,0,0,0,0,1,0,0,0,0,0.0,1.0,0,0,0,1,0,0,0,0,0,0,0,0,0,0,0,0,0,1,0,0,0,0,1,0,0,0,0,0,0,0,0,0,0,0,0,0,0,0,0,0,1,0,0,0,0,1,0,0,0,0,0,0,0,0,0,0,0,0,0,0,0,0,0,0,1,0,0,0,1,0,0,0,0,0,0,0,0,0,0,0,0,0,0,0,0,0,0,0,1,0,0,3,0,0,0,0,0,0,0,0,0,1.5888709382013,1.0,0.6999063750863419,1.0,2.1446379548622003,1.0,0.6371713973174853,1.0,186174.4849999999,659728.7625000002
2,0,10,177424.86000000034,662262.4000000004,0,0.0,101.13259756944444,785,0,0,0,0,0,0,0,1,0,0,0,0,0.0,1.0,2,5,6,177356.76999999955,662859.2599999998,0,28.39055,0.0,1366,0,0,0,0,0,0,0,0,1,0,0,0,-0.6293203910498376,-0.7771459614569708,2,5,5,179726.1200000001,661459.0399999991,0,18.607266666666668,0.0,1366,0,0,0,0,0,0,0,0,1,0,0,0,0.15643446504023087,0.9876883405951378,1,5,5,178255.09999999963,663266.2699999996,0,11.6239,0.0,1366,0,0,0,0,0,0,0,0,1,0,0,0,0.992546151641322,0.12186934340514749,1,0,0,1,0,0,0,0,0,0,0,0,0,0,0,0,0,1,0,0,0,1,0,0,0,0,0,0,0,0,0,0,0,0,0,0,0,0,1,0,0,0,0,1,0,0,0,0,0,1,0,0,0,0,0,0,0,0,0,0,0,0,0,0,0,0,0,1,0,0,0,0,0,0,0,0,0,0,0,0,0,0,0,0,1,0,0,0,0,0,0,0,0,0,0,0,0,0,0,0,0,0.9682946449625396,1.0,1.1303796689281298,1.0,2.2437983892506934,1.0,0.9875404458185378,1.0,178190.7124999999,662461.7424999997
2,0,10,177424.86000000034,662262.4000000004,0,0.0,102.96593059027778,785,0,0,0,0,0,0,0,1,0,0,0,0,0.0,1.0,2,0,10,178618.1799999997,665686.4600000009,0,0.0,55.91181019675926,1540,0,0,0,0,0,0,0,0,1,0,0,0,0.0,1.0,2,5,5,178004.0499999998,662210.0800000001,0,10.473383333333333,0.0,649,0,0,0,0,0,0,1,0,0,0,0,0,-0.034899496702500823,0.9993908270190958,2,5,5,183682.8899999997,668227.4800000004,0,1.8400666666666667,0.0,649,0,0,0,0,0,0,1,0,0,0,0,0,-0.9743700647852351,-0.22495105434386525,1,0,0,1,0,0,0,0,0,0,0,0,0,0,0,0,0,1,0,0,0,0,1,0,0,0,0,0,0,0,0,0,0,0,0,0,0,0,0,0,1,0,0,0,1,0,0,0,0,0,0,0,0,0,0,0,0,0,0,1,0,0,0,0,0,0,0,1,0,0,0,0,0,0,0,0,0,0,0,0,0,0,0,0,0,0,1,0,0,0,0,0,0,0,0,0,0,0,0,0,0,1.2276956596862845,1.0,0.542497258042233,1.0,1.1090826837949532,1.0,2.2290804479361497,1.0,179432.49499999988,664596.6050000004
2,0,6,191484.1399999997,675480.1400000006,0,1132.9719666666667,0.0,790,0,0,0,0,0,0,0,0,0,0,1,0,0.0,1.0,2,0,6,191556.61000000036,675457.2400000002,0,1132.9745833333334,0.0,790,0,0,0,0,0,0,0,0,0,0,1,0,0.0,1.0,2,5,5,190523.9000000004,677380.9100000001,0,6.891383333333334,0.0,1366,0,0,0,0,0,0,0,0,1,0,0,0,0.8480480961564261,-0.5299192642332048,2,5,5,193428.75999999975,674761.8499999996,0,1.7405333333333333,0.0,1366,0,0,0,0,0,0,0,0,1,0,0,0,-0.3420201433256686,0.9396926207859084,0,0,0,1,0,0,0,0,0,0,0,0,0,0,0,0,0,1,0,0,0,0,1,0,0,0,0,0,0,0,0,0,0,0,0,0,0,0,0,0,1,0,0,0,1,0,0,0,0,0,0,0,0,0,0,0,0,0,0,0,0,0,1,0,0,0,0,0,0,1,0,0,0,0,1,0,0,0,0,0,0,0,0,0,0,0,0,0,0,0,0,2,0,0,0,0,0,0,0,0,0,0.38717241674462727,1.0,0.36215245704383875,1.0,1.9973033655227515,1.0,1.934357189380211,1.0,191748.35250000007,675770.0350000001
1,0,10,188285.58999999985,659377.2899999991,0,0.0,124.12013234953703,170,0,0,0,0,0,0,0,0,0,0,1,0,0.0,1.0,1,0,10,190015.04000000004,659611.7300000004,0,0.0,33.13157925925926,787,0,0,0,0,0,0,0,0,0,1,0,0,0.0,1.0,1,0,10,189613.1399999997,659628.6600000001,0,0.0,13.228268518518519,738,0,0,0,0,0,0,0,0,0,1,0,0,0.0,1.0,1,0,6,190137.86000000036,659584.3200000003,0,0.0,2.0106875694444444,134,0,0,0,0,0,0,0,0,0,0,0,1,0.0,1.0,0,0,0,1,0,0,0,0,0,0,0,0,0,0,0,0,0,1,0,0,0,0,1,0,0,0,0,0,0,0,0,0,0,0,0,0,0,0,0,0,1,0,0,0,0,1,0,0,0,0,0,0,0,0,0,0,0,0,0,0,0,0,0,0,1,0,0,0,1,0,0,0,0,0,0,0,0,0,0,0,0,0,0,0,0,0,0,0,1,0,0,0,0,0,0,0,0,0,0,0,0,2.9654990615218204,0.0,1.2102686066431003,1.0,0.3041018793783966,1.0,1.49740878594712,1.0,252683.87666666662,879400.6666666666
1,0,10,179694.4400000004,665825.2200000007,0,0.0,284.78679350694443,785,0,0,0,0,0,0,0,1,0,0,0,0,0.0,1.0,2,0,10,179045.6900000004,665999.7799999993,0,0.0,102.88604121527777,1000,0,0,0,0,0,1,0,0,0,0,0,0,0.0,1.0,2,5,5,182897.1799999997,668165.1400000006,0,17.115983333333332,0.0,2324,0,0,0,0,1,0,0,0,0,0,0,0,0.9455185755993168,-0.3255681544571564,2,5,7,179219.54000000004,664099.4199999999,0,15.66595,0.0,2324,0,0,0,0,1,0,0,0,0,0,0,0,-0.2419218955996675,-0.9702957262759965,1,0,0,1,0,0,0,0,0,0,0,0,0,0,0,0,0,1,0,0,0,0,1,0,0,0,0,0,0,0,0,0,0,0,0,0,0,0,0,0,1,0,0,0,1,0,0,0,0,0,0,0,0,0,0,0,0,0,0,0,0,0,1,0,0,0,0,1,0,0,0,0,0,0,0,0,0,0,0,0,0,0,0,0,0,1,0,0,0,0,0,0,0,0,0,0,0,0,0,0,0,0.36936884618240495,1.0,0.7765539916772549,1.0,2.2814162313223045,1.0,1.4384985702429762,1.0,180214.21250000014,666022.3900000001
2,5,7,185623.86000000036,666637.2599999998,0,33.9321,0.0,2324,0,0,0,0,1,0,0,0,0,0,0,0,-0.9998476951563913,-0.017452406437283498,2,5,5,189171.00999999975,665372.0999999996,0,21.03175,0.0,2324,0,0,0,0,1,0,0,0,0,0,0,0,-0.22495105434386534,0.9743700647852351,6,5,6,190635.96,667490.4800000004,0,10.082166666666666,0.0,2324,0,0,0,0,1,0,0,0,0,0,0,0,-0.5000000000000004,0.8660254037844384,2,5,5,186126.3700000001,667477.3699999992,0,3.7152833333333333,0.0,2324,0,0,0,0,1,0,0,0,0,0,0,0,0.9998476951563913,0.017452406437283376,0,0,1,0,0,0,0,0,0,0,0,0,0,0,0,0,1,0,0,0,0,1,0,0,0,0,0,0,0,0,0,0,0,0,0,0,0,1,0,0,0,0,0,0,1,0,0,0,0,0,0,0,0,0,0,0,0,0,0,1,0,0,0,0,0,0,0,1,0,0,0,0,0,0,0,0,0,0,0,0,0,0,0,1,0,0,0,0,0,0,0,0,0,0,0,0,0,0,0,0,0,1.5367402181369645,1.0,1.2722942307272225,1.0,1.9285498097825442,1.0,1.2936919521077463,1.0,187889.30000000005,666744.3024999998
1,0,6,179062.41999999993,665885.5,0,0.0,57.661817337962965,1366,0,0,0,0,0,0,0,0,1,0,0,0,0.0,1.0,2,0,10,178547.0,665523.4900000002,0,0.0,55.703484074074076,1540,0,0,0,0,0,0,0,0,1,0,0,0,0.0,1.0,2,5,5,180056.78000000026,664044.9100000001,0,20.317,0.0,2324,0,0,0,0,1,0,0,0,0,0,0,0,-0.6946583704589973,-0.7193398003386511,1,5,5,176693.61000000034,662268.4900000002,0,15.367066666666666,0.0,2324,0,0,0,0,1,0,0,0,0,0,0,0,-0.8090169943749476,0.5877852522924729,1,0,0,1,0,0,0,0,0,0,0,0,0,0,0,0,0,1,0,0,0,0,1,0,0,0,0,0,0,0,0,0,0,0,0,0,0,0,0,0,1,0,0,0,1,0,0,0,0,0,0,0,0,0,0,0,0,0,0,0,0,0,1,0,0,0,0,1,0,0,0,0,0,0,0,0,0,0,0,0,0,0,0,0,0,0,1,0,0,0,0,0,0,0,0,0,0,0,0,0,0,1.1553478371583028,1.0,0.8260769473284727,1.0,1.145522727608916,1.0,2.172112365663145,1.0,178589.95250000013,664430.5975000001
1,0,10,179748.33000000007,666135.5099999998,0,0.0,182.2451550462963,395,0,0,0,1,0,0,0,0,0,0,0,0,0.0,1.0,17,0,10,178626.95999999996,663024.7799999993,0,0.0,70.609773125,790,0,0,0,0,0,0,0,0,0,0,1,0,0.0,1.0,1,0,10,180468.24000000025,661860.9900000002,0,0.0,11.947793935185185,649,0,0,0,0,0,0,1,0,0,0,0,0,0.0,1.0,1,5,5,180342.3200000003,664337.8100000005,0,10.306583333333334,0.0,1000,0,0,0,0,0,1,0,0,0,0,0,0,0.9612616959383189,-0.27563735581699905,1,0,0,1,0,0,0,0,0,0,0,0,0,0,0,0,0,1,0,0,0,0,1,0,0,0,0,0,0,0,0,0,0,0,0,0,0,0,0,0,1,0,0,0,0,1,0,0,0,0,0,0,0,0,0,0,0,0,0,0,0,0,0,0,1,0,0,0,0,1,0,0,0,0,1,0,0,0,0,0,0,0,0,0,0,0,0,0,0,0,0,0,0,0,0,0,0,0,0,0,0,1.9822725604301308,1.0,1.2305580268929306,1.0,1.803975363431757,1.0,0.6378855020863395,1.0,179796.46250000014,663839.7725
1,0,10,182329.61000000036,665960.5199999996,0,0.0,49.03899913194444,2205,0,0,0,0,1,0,0,0,0,0,0,0,0.0,1.0,2,5,5,183925.5,662934.8900000006,0,31.07795,0.0,2205,0,0,0,0,1,0,0,0,0,0,0,0,0.12186934340514748,0.992546151641322,2,5,10,183947.79000000004,663232.5500000007,0,16.661266666666666,0.0,2205,0,0,0,0,1,0,0,0,0,0,0,0,0.03489949670250097,0.9993908270190958,2,5,7,183940.59999999963,663526.2200000007,0,12.925566666666667,0.0,1295,0,0,0,0,0,1,0,0,0,0,0,0,0.05233595624294381,-0.9986295347545738,0,0,0,1,0,0,0,0,0,0,0,0,0,0,0,0,0,1,0,0,0,1,0,0,0,0,0,0,0,0,0,0,0,0,0,0,0,0,1,0,0,0,0,0,0,0,1,0,0,0,0,0,0,0,0,0,0,0,0,0,0,0,0,0,0,1,0,0,0,1,0,0,0,0,0,1,0,0,0,0,0,0,0,0,0,0,0,0,0,0,0,3,0,0,0,0,0,0,0,0,0,2.505419910763206,0.0,1.1107582387913975,1.0,0.8392478486470871,1.0,0.5907230619527708,1.0,244714.5,885218.0600000005
2,0,10,179182.24000000022,665961.1099999994,0,0.0,63.988977175925925,1141,0,0,0,0,0,0,1,0,0,0,0,0,0.0,1.0,2,0,10,178678.98000000045,665826.8399999999,0,0.0,62.828479467592594,1540,0,0,0,0,0,0,0,0,1,0,0,0,0.0,1.0,1,0,9,180789.41999999995,661429.6300000008,0,0.0,6.968525706018519,1141,0,0,0,0,0,0,1,0,0,0,0,0,0.0,1.0,2,5,5,180698.61000000036,667122.9700000007,0,2.6770833333333335,0.0,1000,0,0,0,0,0,1,0,0,0,0,0,0,0.22495105434386478,-0.9743700647852352,1,0,0,1,0,0,0,0,0,0,0,0,0,0,0,0,0,1,0,0,0,0,1,0,0,0,0,0,0,0,0,0,0,0,0,0,0,0,0,0,1,0,0,0,0,1,0,0,0,0,0,0,0,0,0,0,0,0,0,0,0,0,0,0,1,0,0,1,0,0,0,0,0,0,0,0,0,0,0,0,0,0,0,1,0,0,0,0,0,0,0,0,0,0,0,0,0,0,0,0,0,0.7069689454169485,1.0,0.8889914560954603,1.0,2.4414843121115726,1.0,1.4299202821993868,1.0,179837.31250000023,665085.1375000002
2,0,6,180689.86000000036,657504.1899999995,0,833.0081666666666,0.0,1295,0,0,0,0,0,1,0,0,0,0,0,0,0.0,1.0,2,0,6,178337.98000000045,659866.5500000007,0,833.0082,0.0,1295,0,0,0,0,0,1,0,0,0,0,0,0,0.0,1.0,2,0,6,181032.9000000004,657216.3499999996,0,833.0083833333333,0.0,1295,0,0,0,0,0,1,0,0,0,0,0,0,0.0,1.0,2,0,6,178296.5599999996,659853.6199999992,0,893.00435,0.0,1295,0,0,0,0,0,1,0,0,0,0,0,0,0.0,1.0,0,0,0,1,0,0,0,0,0,0,0,0,0,0,0,0,0,1,0,0,0,0,1,0,0,0,0,0,0,0,0,0,0,0,0,0,0,0,0,0,1,0,0,0,0,1,0,0,0,0,0,0,0,0,0,0,0,0,0,0,0,0,0,0,1,0,0,0,1,0,0,0,0,0,0,0,0,0,0,0,0,0,0,0,0,0,0,0,1,0,0,2,0,0,0,0,0,0,0,0,0,1.2324460718423238,1.0,1.400676112362814,1.0,1.5850608015035141,1.0,1.41685409771288,1.0,179589.3250000002,658610.1774999998
2,0,6,186214.3899999997,659530.0600000005,0,0.0,139.51104966435184,790,0,0,0,0,0,0,0,0,0,0,1,0,0.0,1.0,2,0,10,186260.91999999995,659751.1099999994,0,0.0,139.51102652777777,790,0,0,0,0,0,0,0,0,0,0,1,0,0.0,1.0,1,0,8,185966.8899999997,659906.9199999999,0,0.0,4.766593599537037,1353,0,0,0,0,0,0,0,1,0,0,0,0,0.0,1.0,2,0,7,186285.4500000002,659886.3100000005,0,0.0,4.7665818402777775,1353,0,0,0,0,0,0,0,1,0,0,0,0,0.0,1.0,0,0,0,1,0,0,0,0,0,0,0,0,0,0,0,0,0,1,0,0,0,0,1,0,0,0,0,0,0,0,0,0,0,0,0,0,0,0,0,0,1,0,0,0,0,1,0,0,0,0,0,0,0,0,0,0,0,0,0,0,0,0,0,0,1,0,0,0,1,0,0,0,0,0,0,0,0,0,0,0,0,0,0,0,0,0,0,0,1,0,0,2,0,0,0,0,0,0,0,0,0,1.738814328810926,1.0,0.5844679750296249,1.0,1.8466439281877722,1.0,1.1322860004449475,1.0,186181.9124999999,659768.6000000001
2,0,10,178578.91999999993,665596.5600000005,0,0.0,56.37014305555556,1540,0,0,0,0,0,0,0,0,1,0,0,0,0.0,1.0,2,0,6,179404.41000000015,663471.5099999998,0,952.9893333333333,0.0,2205,0,0,0,0,1,0,0,0,0,0,0,0,0.0,1.0,2,0,6,179733.25,662487.6500000004,0,533.0393333333334,0.0,1540,0,0,0,0,0,0,0,0,1,0,0,0,0.0,1.0,1,5,5,178327.86000000034,663276.1999999993,0,21.605983333333334,0.0,142,1,0,0,0,0,0,0,0,0,0,0,0,0.6946583704589971,-0.7193398003386513,1,0,0,1,0,0,0,0,0,0,0,0,0,0,0,0,0,1,0,0,0,0,1,0,0,0,0,0,0,0,0,0,0,0,0,0,0,0,0,0,1,0,0,0,0,1,0,0,0,0,0,0,0,0,0,0,0,0,0,0,0,0,0,0,1,0,0,0,1,0,0,0,0,0,0,0,0,0,0,0,0,0,0,0,0,0,0,1,0,0,0,0,0,0,0,0,0,0,0,0,0,2.243032715507876,1.0,0.5313103984983202,1.0,1.6416811419656638,1.0,0.9357517092690325,1.0,179011.1100000001,663707.98
1,0,10,182134.7000000002,666640.9199999999,0,0.0,47.40260748842593,1353,0,0,0,0,0,0,0,1,0,0,0,0,0.0,1.0,1,0,10,182281.0499999998,666002.6300000008,0,0.0,42.62232980324074,2205,0,0,0,0,1,0,0,0,0,0,0,0,0.0,1.0,1,0,10,182329.61000000036,665960.5199999996,0,0.0,42.66399603009259,2205,0,0,0,0,1,0,0,0,0,0,0,0,0.0,1.0,2,0,6,185535.0700000003,664068.2300000004,0,893.0048333333333,0.0,1295,0,0,0,0,0,1,0,0,0,0,0,0,0.0,1.0,0,0,0,1,0,0,0,0,0,0,0,0,0,0,0,0,0,1,0,0,0,0,1,0,0,0,0,0,0,0,0,0,0,0,0,0,0,0,0,0,1,0,0,0,0,1,0,0,0,0,0,0,0,0,0,0,0,0,0,0,0,0,0,0,1,0,0,0,1,0,0,0,0,0,0,0,0,0,0,0,0,0,0,0,0,0,0,0,1,0,0,2,0,0,0,0,0,0,0,0,0,1.1307129749404303,1.0,0.7180510759832077,1.0,0.6670292186411828,1.0,2.4620270787711447,1.0,183070.10750000016,665668.0750000002
2,0,10,178747.04000000004,666085.1899999995,0,0.0,95.92769056712963,1000,0,0,0,0,0,1,0,0,0,0,0,0,0.0,1.0,2,0,10,178578.91999999993,665596.5600000005,0,0.0,55.74514425925926,1540,0,0,0,0,0,0,0,0,1,0,0,0,0.0,1.0,1,0,10,180774.2199999997,661479.4800000004,0,0.0,24.906047002314814,1141,0,0,0,0,0,0,1,0,0,0,0,0,0.0,1.0,2,1,5,180926.54000000004,662946.9000000004,0,3.391033333333333,0.0,2205,0,0,0,0,1,0,0,0,0,0,0,0,-0.9998476951563913,0.01745240643728313,1,0,0,1,0,0,0,0,0,0,0,0,0,0,0,0,0,1,0,0,0,0,1,0,0,0,0,0,0,0,0,0,0,0,0,0,0,0,0,0,1,0,0,0,0,1,0,0,0,0,0,0,0,0,0,0,0,0,0,0,0,0,0,0,1,0,0,1,0,0,0,0,0,0,0,0,0,0,0,0,0,0,0,0,0,1,0,0,0,0,0,0,0,0,0,0,0,0,0,0,0,1.5328498539678912,1.0,1.3120726640196314,1.0,1.8342666174436784,1.0,1.0646539616115671,1.0,179756.67999999993,664027.0325000002
1,5,5,186323.0499999998,666042.2300000004,0,22.85205,0.0,2324,0,0,0,0,1,0,0,0,0,0,0,0,0.08715574274765817,0.9961946980917455,2,5,5,187520.61000000036,667792.2400000002,0,22.63515,0.0,2324,0,0,0,0,1,0,0,0,0,0,0,0,-0.9702957262759965,-0.24192189559966779,2,5,9,187909.98000000045,667581.0700000003,0,12.502083333333333,0.0,2324,0,0,0,0,1,0,0,0,0,0,0,0,0.40673664307580043,-0.9135454576426008,2,5,5,188078.1500000004,668824.6400000006,0,1.5186833333333334,0.0,2324,0,0,0,0,1,0,0,0,0,0,0,0,-0.8987940462991668,-0.43837114678907774,0,0,1,0,0,0,0,0,0,0,0,0,0,0,0,0,1,0,0,0,0,1,0,0,0,0,0,0,0,0,0,0,0,0,0,0,0,0,1,0,0,0,0,0,1,0,0,0,0,0,0,0,0,0,0,0,0,0,0,1,0,0,0,0,0,0,0,1,0,0,0,0,0,0,0,0,0,0,0,0,0,0,0,0,0,0,1,0,0,0,0,0,0,0,0,0,0,0,0,0,0,2.2556703051488123,1.0,0.28624676364690027,1.0,0.538593629685433,1.0,1.6763970364220417,1.0,187457.94750000024,667560.0450000004
1,0,10,185945.34999999963,672815.7400000002,0,0.0,35.963875243055554,2324,0,0,0,0,1,0,0,0,0,0,0,0,0.0,1.0,1,0,6,185909.0499999998,672709.9700000007,0,0.0,35.96387613425926,2324,0,0,0,0,1,0,0,0,0,0,0,0,0.0,1.0,1,0,10,185861.98000000045,672598.8100000005,0,0.0,35.96387649305556,2324,0,0,0,0,1,0,0,0,0,0,0,0,0.0,1.0,2,5,5,184700.75999999975,671932.9800000004,0,7.062366666666667,0.0,860,0,0,0,1,0,0,0,0,0,0,0,0,-0.34202014332566866,-0.9396926207859084,0,0,0,1,0,0,0,0,0,0,0,0,0,0,0,0,0,1,0,0,0,0,1,0,0,0,0,0,0,0,0,0,0,0,0,0,0,0,0,0,1,0,0,0,0,1,0,0,0,0,0,0,0,0,0,0,0,0,0,0,0,0,0,0,1,0,0,1,0,0,0,0,0,0,0,0,0,0,0,0,0,0,0,1,0,0,0,0,0,0,0,2,0,0,0,0,0,0,0,0,0,1.0501359533316663,1.0,0.8355513776446057,1.0,0.6256868013923502,1.0,2.479025448356619,1.0,185604.28499999992,672514.3750000005
2,0,6,177381.6299999999,661904.2699999996,0,0.0,103.46592946759259,785,0,0,0,0,0,0,0,1,0,0,0,0,0.0,1.0,2,0,10,179045.6900000004,665999.7799999993,0,0.0,96.59436696759259,1000,0,0,0,0,0,1,0,0,0,0,0,0,0.0,1.0,2,0,10,178547.0,665523.4900000002,0,0.0,56.41180908564815,1540,0,0,0,0,0,0,0,0,1,0,0,0,0.0,1.0,2,0,6,181433.8099999996,668673.2300000004,0,953.0051,0.0,1295,0,0,0,0,0,1,0,0,0,0,0,0,0.0,1.0,1,0,0,1,0,0,0,0,0,0,0,0,0,0,0,0,0,1,0,0,0,0,1,0,0,0,0,0,0,0,0,0,0,0,0,0,0,0,0,0,1,0,0,0,0,1,0,0,0,0,0,0,0,0,0,0,0,0,0,0,0,0,0,0,1,0,0,0,1,0,0,0,0,0,0,0,0,0,0,0,0,0,0,0,0,0,0,0,1,0,0,0,0,0,0,0,0,0,0,0,0,2.06311327943565,1.0,0.24595683381643396,1.0,0.2856432144541136,1.0,2.0161359772540295,1.0,179102.03249999997,665525.1924999999
17,0,10,178540.1799999997,663026.1099999994,0,0.0,70.81812556712963,790,0,0,0,0,0,0,0,0,0,0,1,0,0.0,1.0,1,0,10,180749.91999999995,661572.5,0,0.0,25.197720486111113,1141,0,0,0,0,0,0,1,0,0,0,0,0,0.0,1.0,2,5,5,182298.7999999998,662586.1899999995,0,15.484166666666667,0.0,1540,0,0,0,0,0,0,0,0,1,0,0,0,-0.4067366430757998,-0.9135454576426011,2,5,5,180116.83999999985,661600.7300000004,0,4.917483333333333,0.0,1540,0,0,0,0,0,0,0,0,1,0,0,0,0.9902680687415703,0.1391731009600657,1,0,0,1,0,0,0,0,0,0,0,0,0,0,0,0,0,1,0,0,0,0,1,0,0,0,0,0,0,0,0,0,0,0,0,0,0,0,0,0,1,0,0,0,1,0,0,0,0,0,0,0,0,0,0,0,0,0,0,0,0,0,1,0,0,0,0,1,0,0,0,0,0,0,0,0,0,0,0,0,0,0,0,0,0,0,1,0,0,0,0,0,0,0,0,0,0,0,0,0,0,2.084676000761734,1.0,0.7109433461941275,1.0,1.9347813964851843,1.0,0.6791222819074376,1.0,180426.43499999982,662196.3824999998
2,0,10,179107.7000000002,663112.9000000004,0,0.0,103.69642962962963,2205,0,0,0,0,1,0,0,0,0,0,0,0,0.0,1.0,2,0,10,177386.4299999997,662058.9399999995,0,0.0,100.70678842592592,2205,0,0,0,0,1,0,0,0,0,0,0,0,0.0,1.0,2,0,10,177386.4299999997,662058.9399999995,0,0.0,100.70678842592592,2205,0,0,0,0,1,0,0,0,0,0,0,0,0.0,1.0,1,0,6,179177.2000000002,662945.9700000007,0,963.0253333333334,0.0,1295,0,0,0,0,0,1,0,0,0,0,0,0,0.0,1.0,1,0,0,1,0,0,0,0,0,0,0,0,0,0,0,0,0,1,0,0,0,0,1,0,0,0,0,0,0,0,0,0,0,0,0,0,0,0,0,0,1,0,0,0,0,1,0,0,0,0,0,0,0,0,0,0,0,0,0,0,0,0,0,0,1,0,0,0,1,0,0,0,0,0,0,0,0,0,0,0,0,0,0,0,0,0,0,0,1,0,0,2,0,0,0,0,0,0,0,0,0,1.4879040198560336,1.0,1.4675176031228954,1.0,1.4675176031228954,1.0,1.4588837416474265,1.0,178264.43999999994,662544.1875
2,0,10,177965.59999999963,658892.7699999996,0,0.0,80.760479375,1540,0,0,0,0,0,0,0,0,1,0,0,0,0.0,1.0,2,0,8,177956.8700000001,658813.6199999992,0,0.0,80.7604678125,1540,0,0,0,0,0,0,0,0,1,0,0,0,0.0,1.0,2,5,5,178278.58000000007,659847.5899999999,0,7.35775,0.0,1295,0,0,0,0,0,1,0,0,0,0,0,0,0.7071067811865476,-0.7071067811865475,2,5,5,181574.25999999975,656540.4100000001,0,5.790516666666667,0.0,1295,0,0,0,0,0,1,0,0,0,0,0,0,-0.6156614753256588,0.7880107536067216,0,0,0,1,0,0,0,0,0,0,0,0,0,0,0,0,0,1,0,0,0,0,1,0,0,0,0,0,0,0,0,0,0,0,0,0,0,0,0,0,1,0,0,0,1,0,0,0,0,0,0,0,0,0,0,0,0,0,0,0,1,0,0,0,0,0,0,1,0,0,0,0,0,0,0,0,0,0,0,0,0,0,0,0,1,0,0,0,0,0,0,2,0,0,0,0,0,0,0,0,0,0.7633701930388103,1.0,0.7510440946283907,1.0,1.081806738200012,1.0,2.405143458753707,1.0,178943.8274999999,658523.5974999997
1,0,10,183741.01999999955,652595.0,0,0.0,88.97803840277778,738,0,0,0,0,0,0,0,0,0,1,0,0,0.0,1.0,2,5,7,180502.71,653902.0099999998,0,39.476333333333336,0.0,1366,0,0,0,0,0,0,0,0,1,0,0,0,-0.945518575599317,0.3255681544571563,2,5,5,178685.84999999963,653006.0899999999,0,15.742616666666667,0.0,1366,0,0,0,0,0,0,0,0,1,0,0,0,0.49999999999999994,0.8660254037844387,2,5,5,180616.83000000007,653861.2100000009,0,7.708866666666666,0.0,1366,0,0,0,0,0,0,0,0,1,0,0,0,-0.945518575599317,0.3255681544571563,0,0,0,1,0,0,0,0,0,0,0,0,0,0,0,0,0,1,0,0,0,1,0,0,0,0,0,0,0,0,0,0,0,0,0,0,1,0,0,0,0,0,0,0,1,0,0,0,0,0,0,0,0,0,0,0,0,0,0,1,0,0,0,0,0,0,0,1,0,0,0,0,0,0,0,0,0,0,0,0,0,0,0,0,0,0,1,0,0,0,0,2,0,0,0,0,0,0,0,0,0,2.482093436890883,1.0,0.5718474867263091,1.0,1.872817269826644,1.0,0.4929431449854127,1.0,180886.6024999998,653341.0775000001
1,0,8,178853.0599999996,645047.1500000004,0,0.0,1.6618062731481482,1366,0,0,0,0,0,0,0,0,1,0,0,0,0.0,1.0,1,0,8,179337.13999999966,644997.9700000007,0,0.0,1.703466099537037,1366,0,0,0,0,0,0,0,0,1,0,0,0,0.0,1.0,1,0,6,179275.6900000004,645032.3599999994,0,0.0,1.7034661226851853,1366,0,0,0,0,0,0,0,0,1,0,0,0,0.0,1.0,1,0,6,179275.6900000004,645032.3599999994,0,0.0,1.703466412037037,1366,0,0,0,0,0,0,0,0,1,0,0,0,0.0,1.0,0,0,0,1,0,0,0,0,0,0,0,0,0,0,0,0,0,1,0,0,0,0,1,0,0,0,0,0,0,0,0,0,0,0,0,0,0,0,0,0,1,0,0,0,0,1,0,0,0,0,0,0,0,0,0,0,0,0,0,0,0,0,0,0,1,0,0,0,1,0,0,0,0,0,0,0,0,0,0,0,0,0,0,0,0,0,0,0,1,0,0,0,0,0,0,0,0,0,0,0,0,3.147090906680055,0.0,1.4612911926732735,1.0,0.8548197131606012,1.0,0.8548197131606012,1.0,238913.86000000002,860036.6133333333
2,0,10,177437.83000000007,662499.7699999996,0,0.0,100.4081672800926,2205,0,0,0,0,1,0,0,0,0,0,0,0,0.0,1.0,2,0,10,179116.7000000002,665979.1099999994,0,0.0,96.30270429398148,1000,0,0,0,0,0,1,0,0,0,0,0,0,0.0,1.0,2,0,10,178747.04000000004,666085.1899999995,0,0.0,56.12014646990741,1540,0,0,0,0,0,0,0,0,1,0,0,0,0.0,1.0,2,0,6,180344.96,664164.5899999999,0,0.0,9.99512329861111,787,0,0,0,0,0,0,0,0,0,1,0,0,0.0,1.0,1,0,0,1,0,0,0,0,0,0,0,0,0,0,0,0,0,1,0,0,0,0,1,0,0,0,0,0,0,0,0,0,0,0,0,0,0,0,0,0,1,0,0,0,0,1,0,0,0,0,0,0,0,0,0,0,0,0,0,0,0,0,0,0,1,0,0,0,1,0,0,0,0,0,0,0,0,0,0,0,0,0,0,0,0,0,0,0,1,0,0,0,0,0,0,0,0,0,0,0,0,2.0987671734254936,1.0,1.0464692581617585,1.0,1.12583908109904,1.0,1.2145156075168364,1.0,178911.63250000007,664682.1649999996
2,5,5,187887.8200000003,667404.6099999994,0,30.197416666666665,0.0,2324,0,0,0,0,1,0,0,0,0,0,0,0,-0.9271838545667873,-0.3746065934159123,2,5,5,189369.0700000003,667251.5299999993,0,9.180866666666667,0.0,2324,0,0,0,0,1,0,0,0,0,0,0,0,0.9876883405951378,0.15643446504023092,1,5,5,186656.98000000045,667423.8000000007,0,6.480533333333334,0.0,2324,0,0,0,0,1,0,0,0,0,0,0,0,-0.9816271834476639,-0.19080899537654547,2,5,5,189514.5700000003,666879.7100000009,0,1.49785,0.0,2324,0,0,0,0,1,0,0,0,0,0,0,0,-0.9816271834476639,-0.19080899537654547,0,0,1,0,0,0,0,0,0,0,0,0,0,0,0,0,1,0,0,0,0,1,0,0,0,0,0,0,0,0,0,0,0,0,0,0,1,0,0,0,0,0,0,0,1,0,0,0,0,0,0,0,0,0,0,0,0,0,0,0,1,0,0,0,0,0,0,1,0,0,0,0,0,0,0,0,0,0,0,0,0,0,0,1,0,0,0,0,0,0,0,2,0,0,0,0,0,0,0,0,0,0.7164936345583199,1.0,1.4579445073349542,1.0,2.463523856301039,1.0,1.7463361332605096,1.0,188357.11000000034,667239.9125000001
1,0,6,179337.13999999966,644997.9700000007,0,1072.9902333333334,0.0,1366,0,0,0,0,0,0,0,0,1,0,0,0,0.0,1.0,1,0,6,179275.6900000004,645032.3599999994,0,1072.99025,0.0,1366,0,0,0,0,0,0,0,0,1,0,0,0,0.0,1.0,1,0,6,179275.6900000004,645032.3599999994,0,1072.9906666666666,0.0,1366,0,0,0,0,0,0,0,0,1,0,0,0,0.0,1.0,2,5,7,181622.1799999997,644564.3000000007,0,27.2595,0.0,1366,0,0,0,0,0,0,0,0,1,0,0,0,0.766044443118978,-0.6427876096865394,0,0,0,1,0,0,0,0,0,0,0,0,0,0,0,0,0,1,0,0,0,0,1,0,0,0,0,0,0,0,0,0,0,0,0,0,0,0,0,0,1,0,0,0,0,1,0,0,0,0,0,0,0,0,0,0,0,0,0,0,0,0,0,0,1,0,0,1,0,0,0,0,0,0,0,0,0,0,0,0,0,0,0,1,0,0,0,0,0,0,0,0,0,0,0,0,0,0,0,0,0,0.9093018760270677,1.0,1.020061743779116,1.0,1.020061743779116,1.0,2.94895865769446,0.0,239836.90000000005,859875.6633333334
2,0,6,181425.6900000004,668421.3200000003,0,963.0241166666667,0.0,1295,0,0,0,0,0,1,0,0,0,0,0,0,0.0,1.0,2,0,6,181425.6900000004,668421.3200000003,0,963.0241166666667,0.0,1295,0,0,0,0,0,1,0,0,0,0,0,0,0.0,1.0,2,0,6,181436.3700000001,668475.5,0,963.0241166666667,0.0,1295,0,0,0,0,0,1,0,0,0,0,0,0,0.0,1.0,2,0,6,181425.6900000004,668421.3200000003,0,963.0241166666667,0.0,1295,0,0,0,0,0,1,0,0,0,0,0,0,0.0,1.0,1,0,0,1,0,0,0,0,0,0,0,0,0,0,0,0,0,1,0,0,0,0,1,0,0,0,0,0,0,0,0,0,0,0,0,0,0,0,0,0,1,0,0,0,0,1,0,0,0,0,0,0,0,0,0,0,0,0,0,0,0,0,0,0,1,0,0,0,1,0,0,0,0,0,0,0,0,0,0,0,0,0,0,0,0,0,0,0,1,0,0,4,0,0,0,0,0,0,0,0,0,0.9831260885247448,1.0,0.9831260885247448,1.0,2.949378265574234,0.0,0.9831260885247448,1.0,241904.48000000045,891246.4866666669
2,0,6,177405.6900000004,662240.8399999999,0,0.0,106.99150520833334,2205,0,0,0,0,1,0,0,0,0,0,0,0,0.0,1.0,1,0,7,179719.23000000045,665936.1300000008,0,0.0,19.661840844907406,1366,0,0,0,0,0,0,0,0,1,0,0,0,0.0,1.0,2,5,5,181140.4000000004,664290.9900000002,0,29.767416666666666,0.0,2324,0,0,0,0,1,0,0,0,0,0,0,0,-0.9335804264972021,0.35836794954529955,2,5,5,179646.5700000003,666356.1300000008,0,29.734166666666667,0.0,2324,0,0,0,0,1,0,0,0,0,0,0,0,0.13917310096006544,0.9902680687415704,1,0,0,1,0,0,0,0,0,0,0,0,0,0,0,0,0,1,0,0,0,0,1,0,0,0,0,0,0,0,0,0,0,0,0,0,0,0,0,0,1,0,0,0,1,0,0,0,0,0,0,0,0,0,0,0,0,0,0,1,0,0,0,0,0,0,0,1,0,0,0,0,0,0,0,0,0,0,0,0,0,0,0,1,0,0,0,0,0,0,0,0,0,0,0,0,0,0,0,0,0,2.1792883086582897,1.0,0.8482688346947954,1.0,1.1594879278448142,1.0,1.1224363373726431,1.0,179477.97250000038,664706.0225000004
2,0,10,177437.83000000007,662499.7699999996,0,0.0,99.07483240740741,2205,0,0,0,0,1,0,0,0,0,0,0,0,0.0,1.0,2,0,10,177408.16000000015,662268.3399999999,0,0.0,99.07483246527778,2205,0,0,0,0,1,0,0,0,0,0,0,0,0.0,1.0,2,0,10,178747.04000000004,666085.1899999995,0,0.0,54.78681162037037,1540,0,0,0,0,0,0,0,0,1,0,0,0,0.0,1.0,2,0,6,180344.96,664164.5899999999,0,0.0,8.661788449074074,787,0,0,0,0,0,0,0,0,0,1,0,0,0.0,1.0,1,0,0,1,0,0,0,0,0,0,0,0,0,0,0,0,0,1,0,0,0,0,1,0,0,0,0,0,0,0,0,0,0,0,0,0,0,0,0,0,1,0,0,0,0,1,0,0,0,0,0,0,0,0,0,0,0,0,0,0,0,0,0,0,1,0,0,0,1,0,0,0,0,0,0,0,0,0,0,0,0,0,0,0,0,0,0,0,1,0,0,2,0,0,0,0,0,0,0,0,0,1.1952226458366024,1.0,1.3422631539738605,1.0,1.7156859694214655,1.0,1.3935886001044138,1.0,178484.49750000006,663754.4724999997
2,0,10,177437.83000000007,662499.7699999996,0,0.0,107.11650064814815,2205,0,0,0,0,1,0,0,0,0,0,0,0,0.0,1.0,2,0,10,178747.04000000004,666085.1899999995,0,0.0,62.82847986111111,1540,0,0,0,0,0,0,0,0,1,0,0,0,0.0,1.0,2,0,10,180344.96,664164.5899999999,0,0.0,16.70345667824074,787,0,0,0,0,0,0,0,0,0,1,0,0,0.0,1.0,1,0,6,180789.41999999995,661429.6300000008,0,0.0,6.968526157407408,1141,0,0,0,0,0,0,1,0,0,0,0,0,0.0,1.0,1,0,0,1,0,0,0,0,0,0,0,0,0,0,0,0,0,1,0,0,0,0,1,0,0,0,0,0,0,0,0,0,0,0,0,0,0,0,0,0,1,0,0,0,0,1,0,0,0,0,0,0,0,0,0,0,0,0,0,0,0,0,0,0,1,0,0,0,1,0,0,0,0,0,0,0,0,0,0,0,0,0,0,0,0,0,0,0,1,0,0,0,0,0,0,0,0,0,0,0,0,1.3983434867268922,1.0,1.686225793257642,1.0,0.7694938756133004,1.0,1.6626218381975482,1.0,179329.8125,663544.7949999999
2,0,10,179177.2000000002,662945.9700000007,0,0.0,153.91800314814816,1141,0,0,0,0,0,0,1,0,0,0,0,0,0.0,1.0,17,0,10,178626.95999999996,663024.7799999993,0,0.0,69.56810726851852,790,0,0,0,0,0,0,0,0,0,0,1,0,0.0,1.0,1,0,7,180759.6799999997,661531.8699999992,0,0.0,23.947713761574075,1141,0,0,0,0,0,0,1,0,0,0,0,0,0.0,1.0,1,5,5,178058.33999999985,663461.0800000001,0,12.257883333333334,0.0,1295,0,0,0,0,0,1,0,0,0,0,0,0,0.0,1.0,1,0,0,1,0,0,0,0,0,0,0,0,0,0,0,0,0,1,0,0,0,0,1,0,0,0,0,0,0,0,0,0,0,0,0,0,0,0,0,0,1,0,0,0,0,1,0,0,0,0,0,0,0,0,0,0,0,0,0,0,0,0,0,0,1,0,0,0,1,0,0,0,0,0,0,0,0,0,0,0,0,0,0,0,0,0,0,1,0,0,0,0,0,0,0,0,0,0,0,0,0,0.2380628040265838,1.0,0.6927402296887366,1.0,2.319310763522944,1.0,1.5153436356908863,1.0,179155.54499999993,662740.9249999998
2,0,8,177947.29000000004,658711.3100000005,0,0.0,79.71880091435185,1540,0,0,0,0,0,0,0,0,1,0,0,0,0.0,1.0,2,0,10,177937.33999999985,658564.3000000007,0,0.0,79.71880126157407,1540,0,0,0,0,0,0,0,0,1,0,0,0,0.0,1.0,2,0,10,177976.3700000001,658984.2100000009,0,0.0,79.7188014699074,1540,0,0,0,0,0,0,0,0,1,0,0,0,0.0,1.0,2,5,5,178749.46999999974,659511.8000000007,0,30.890233333333335,0.0,2205,0,0,0,0,1,0,0,0,0,0,0,0,0.05233595624294383,0.9986295347545738,0,0,0,1,0,0,0,0,0,0,0,0,0,0,0,0,0,1,0,0,0,0,1,0,0,0,0,0,0,0,0,0,0,0,0,0,0,0,0,0,1,0,0,0,0,1,0,0,0,0,0,0,0,0,0,0,0,0,0,0,0,0,0,0,1,0,0,1,0,0,0,0,0,0,0,0,0,0,0,0,0,0,0,0,0,0,1,0,0,0,0,3,0,0,0,0,0,0,0,0,0,0.8764826247658457,1.0,1.2333555126748148,1.0,0.5126299177890683,1.0,2.334988918241665,1.0,178152.61749999993,658942.9050000007
1,0,10,178853.0599999996,645047.1500000004,0,0.0,2.161798587962963,1366,0,0,0,0,0,0,0,0,1,0,0,0,0.0,1.0,1,0,9,179337.13999999966,644997.9700000007,0,0.0,2.203463125,1366,0,0,0,0,0,0,0,0,1,0,0,0,0.0,1.0,1,0,8,179275.6900000004,645032.3599999994,0,0.0,2.203463136574074,1366,0,0,0,0,0,0,0,0,1,0,0,0,0.0,1.0,6,5,5,182406.4299999997,641660.7300000004,0,3.43995,0.0,170,0,0,0,0,0,0,0,0,0,0,1,0,0.6946583704589971,-0.7193398003386513,0,0,0,1,0,0,0,0,0,0,0,0,0,0,0,0,0,1,0,0,0,0,1,0,0,0,0,0,0,0,0,0,0,0,0,0,0,0,0,0,1,0,0,0,0,1,0,0,0,0,0,0,0,0,0,0,0,0,0,0,0,0,0,0,1,0,0,0,0,1,0,0,0,0,0,0,0,0,0,0,1,0,0,0,0,0,0,0,0,0,0,0,0,0,0,0,0,0,0,0,0,0.9798987074145058,1.0,0.7155548817447301,1.0,0.7608621058188453,1.0,2.4393040235985484,1.0,179968.07999999984,644184.5525000002
2,0,6,177356.33999999985,661702.3200000003,0,0.0,102.88259704861112,785,0,0,0,0,0,0,0,1,0,0,0,0,0.0,1.0,16,0,10,178580.53000000026,663032.5,0,0.0,70.60977299768518,790,0,0,0,0,0,0,0,0,0,0,1,0,0.0,1.0,1,0,6,180770.2999999998,661493.5800000001,0,0.0,24.98937946759259,1141,0,0,0,0,0,0,1,0,0,0,0,0,0.0,1.0,2,5,5,179507.6900000004,663199.6600000001,0,19.739733333333334,0.0,1000,0,0,0,0,0,1,0,0,0,0,0,0,-0.6946583704589976,0.7193398003386509,1,0,0,1,0,0,0,0,0,0,0,0,0,0,0,0,0,1,0,0,0,0,1,0,0,0,0,0,0,0,0,0,0,0,0,0,0,0,0,0,1,0,0,0,0,1,0,0,0,0,0,0,0,0,0,0,0,0,0,0,0,0,0,0,1,0,0,1,0,0,0,0,0,0,0,0,0,0,0,0,0,0,0,0,0,0,1,0,0,0,0,0,0,0,0,0,0,0,0,0,0,1.8050858538853884,1.0,0.8183070171261142,1.0,1.9065347770756595,1.0,0.9496966507192166,1.0,179053.71500000008,662357.0150000001
2,0,7,177349.91999999993,661773.3100000005,0,0.0,100.7067872800926,2205,0,0,0,0,1,0,0,0,0,0,0,0,0.0,1.0,2,0,6,177412.58000000007,662309.3499999996,0,0.0,100.7067872800926,2205,0,0,0,0,1,0,0,0,0,0,0,0,0.0,1.0,2,0,6,178254.65000000037,664765.3200000003,0,483.05701666666664,0.0,738,0,0,0,0,0,0,0,0,0,1,0,0,0.0,1.0,1,0,6,178212.4500000002,664417.0500000007,0,483.05705,0.0,738,0,0,0,0,0,0,0,0,0,1,0,0,0.0,1.0,1,0,0,1,0,0,0,0,0,0,0,0,0,0,0,0,0,1,0,0,0,0,1,0,0,0,0,0,0,0,0,0,0,0,0,0,0,0,0,0,1,0,0,0,0,1,0,0,0,0,0,0,0,0,0,0,0,0,0,0,0,0,0,0,1,0,0,0,1,0,0,0,0,0,0,0,0,0,0,0,0,0,0,0,0,0,0,0,1,0,0,2,0,0,0,0,0,0,0,0,0,1.8693791341213393,1.0,1.2563056417631568,1.0,1.7615542882038462,1.0,1.3624757541634143,1.0,177807.40000000014,663316.2575000003
2,0,10,179084.16000000015,663131.1799999997,0,0.0,154.98870616898148,1141,0,0,0,0,0,0,1,0,0,0,0,0,0.0,1.0,2,0,10,179225.83999999985,663041.8200000003,0,0.0,125.91179643518518,785,0,0,0,0,0,0,0,1,0,0,0,0,0.0,1.0,1,0,10,180770.2999999998,661493.5800000001,0,0.0,23.989377488425927,1141,0,0,0,0,0,0,1,0,0,0,0,0,0.0,1.0,1,5,5,180056.20999999996,663651.3599999994,0,20.9536,0.0,1000,0,0,0,0,0,1,0,0,0,0,0,0,-0.34202014332566866,-0.9396926207859084,1,0,0,1,0,0,0,0,0,0,0,0,0,0,0,0,0,1,0,0,0,0,1,0,0,0,0,0,0,0,0,0,0,0,0,0,0,0,0,0,1,0,0,0,0,1,0,0,0,0,0,0,0,0,0,0,0,0,0,0,0,0,0,0,1,0,0,1,0,0,0,0,0,0,0,0,0,0,0,0,0,0,0,0,0,0,1,0,0,0,0,0,0,0,0,0,0,0,0,0,0,1.0262891836418202,1.0,0.8042407747361157,1.0,2.2357523438514715,1.0,1.165679681830713,1.0,179784.12749999994,662829.4849999999
2,0,6,177412.58000000007,662309.3499999996,0,0.0,100.94983716435185,2205,0,0,0,0,1,0,0,0,0,0,0,0,0.0,1.0,2,0,10,178678.98000000045,665826.8399999999,0,0.0,56.661816423611114,1540,0,0,0,0,0,0,0,0,1,0,0,0,0.0,1.0,2,5,7,178509.3099999996,662512.5700000003,0,14.04895,0.0,860,0,0,0,1,0,0,0,0,0,0,0,0,-0.01745240643728445,0.9998476951563913,2,5,5,177753.74000000022,662779.3499999996,0,5.68225,0.0,860,0,0,0,1,0,0,0,0,0,0,0,0,-0.9335804264972016,-0.3583679495453007,1,0,0,1,0,0,0,0,0,0,0,0,0,0,0,0,0,1,0,0,0,0,1,0,0,0,0,0,0,0,0,0,0,0,0,0,0,0,0,0,1,0,0,0,1,0,0,0,0,0,0,0,0,0,0,0,0,0,0,1,0,0,0,0,0,0,0,1,0,0,0,0,0,0,0,0,0,0,0,0,0,0,0,0,0,0,1,0,0,0,0,0,0,0,0,0,0,0,0,0,0,1.2731095413925115,1.0,2.5928069812469934,0.0,0.9632790295475296,1.0,0.6817890713379596,1.0,237451.53666666677,884476.0366666665
2,4,5,181390.3200000003,650703.5099999998,0,28.38175,0.0,2324,0,0,0,0,1,0,0,0,0,0,0,0,0.13917310096006544,0.9902680687415704,2,5,5,180172.3799999999,652286.5500000007,0,27.464866666666666,0.0,2324,0,0,0,0,1,0,0,0,0,0,0,0,0.573576436351046,0.8191520442889918,1,5,5,180931.9500000002,653132.1199999992,0,16.381816666666666,0.0,2324,0,0,0,0,1,0,0,0,0,0,0,0,0.10452846326765346,0.9945218953682733,1,5,5,181282.5599999996,652680.0199999996,0,6.465466666666667,0.0,2324,0,0,0,0,1,0,0,0,0,0,0,0,-0.9986295347545738,-0.052335956242944306,0,0,1,0,0,0,0,0,0,0,0,0,0,0,1,0,0,0,0,0,0,1,0,0,0,0,0,0,0,0,0,0,0,0,0,1,0,0,0,0,0,0,0,0,1,0,0,0,0,0,0,0,0,0,0,0,0,0,0,0,0,0,1,0,0,0,0,1,0,0,0,0,0,0,0,0,0,0,0,0,0,0,0,0,0,1,0,0,0,0,0,0,0,0,0,0,0,0,0,0,0,2.245255669965963,1.0,1.116395058066425,1.0,1.339119044557534,1.0,0.8434126153025947,1.0,180944.3025,652200.5499999998
2,0,10,178578.91999999993,665596.5600000005,0,0.0,54.78681185185185,1540,0,0,0,0,0,0,0,0,1,0,0,0,0.0,1.0,2,0,10,178672.3799999999,665806.7899999991,0,0.0,54.786811875,1540,0,0,0,0,0,0,0,0,1,0,0,0,0.0,1.0,2,5,5,183602.2199999997,670005.3900000006,0,14.34245,0.0,1295,0,0,0,0,0,1,0,0,0,0,0,0,0.3090169943749475,-0.9510565162951535,1,5,5,178058.33999999985,663461.0800000001,0,8.0091,0.0,1295,0,0,0,0,0,1,0,0,0,0,0,0,0.0,1.0,1,0,0,1,0,0,0,0,0,0,0,0,0,0,0,0,0,1,0,0,0,0,1,0,0,0,0,0,0,0,0,0,0,0,0,0,0,0,0,0,1,0,0,0,1,0,0,0,0,0,0,0,0,0,0,0,0,0,0,0,0,0,1,0,0,0,0,0,1,0,0,0,0,0,0,0,0,0,0,0,0,0,0,0,0,0,0,1,0,0,0,2,0,0,0,0,0,0,0,0,0,0.5653092055265377,1.0,0.4902497872009998,1.0,2.345230687661644,1.0,1.394853464783718,1.0,179727.96499999985,666217.4550000001
2,5,5,191276.5599999996,677054.8100000005,0,8.811,0.0,1000,0,0,0,0,0,1,0,0,0,0,0,0,-0.9702957262759966,0.24192189559966742,2,4,5,191320.0499999998,677333.7599999998,0,8.210366666666667,0.0,1000,0,0,0,0,0,1,0,0,0,0,0,0,-0.587785252292473,-0.8090169943749475,2,3,5,191099.46,677088.1999999993,0,7.610283333333333,0.0,1000,0,0,0,0,0,1,0,0,0,0,0,0,0.9659258262890683,-0.25881904510252085,2,5,7,191188.91999999995,677076.5500000007,0,6.744316666666666,0.0,1000,0,0,0,0,0,1,0,0,0,0,0,0,-0.9743700647852352,0.22495105434386492,0,0,1,0,0,0,0,0,0,0,0,0,0,0,0,0,1,0,0,0,0,1,0,0,0,0,0,0,0,0,0,0,0,0,0,0,1,0,0,0,0,0,0,0,1,0,0,0,0,0,0,0,0,0,0,0,0,0,0,1,0,0,0,0,0,0,1,0,0,0,1,0,0,0,0,0,0,0,0,0,0,0,0,0,0,0,0,0,0,0,0,0,0,0,0,0,0,0,0,0,0,1.0110045923696491,1.0,2.2100861505685416,1.0,1.3291771978692049,1.0,0.7037091737246812,1.0,191221.24749999982,677138.3300000001
2,0,10,179107.7000000002,663112.9000000004,0,0.0,110.02280796296296,2205,0,0,0,0,1,0,0,0,0,0,0,0,0.0,1.0,2,0,10,177419.7000000002,662364.0999999996,0,0.0,107.03316680555555,2205,0,0,0,0,1,0,0,0,0,0,0,0,0.0,1.0,2,0,6,177412.58000000007,662309.3499999996,0,0.0,107.03316681712963,2205,0,0,0,0,1,0,0,0,0,0,0,0,0.0,1.0,1,0,7,180774.2199999997,661479.4800000004,0,0.0,6.885180659722222,1141,0,0,0,0,0,0,1,0,0,0,0,0,0.0,1.0,1,0,0,1,0,0,0,0,0,0,0,0,0,0,0,0,0,1,0,0,0,0,1,0,0,0,0,0,0,0,0,0,0,0,0,0,0,0,0,0,1,0,0,0,0,1,0,0,0,0,0,0,0,0,0,0,0,0,0,0,0,0,0,0,1,0,0,0,1,0,0,0,0,0,0,0,0,0,0,0,0,0,0,0,0,0,0,0,1,0,0,2,0,0,0,0,0,0,0,0,0,0.917865164840884,1.0,1.2780766050190768,1.0,1.2844060927618146,1.0,2.2894534708118695,1.0,178678.55000000005,662316.4575
1,5,7,185051.0700000003,664831.8900000006,0,22.824066666666667,0.0,2205,0,0,0,0,1,0,0,0,0,0,0,0,-0.25881904510252035,-0.9659258262890684,1,2,5,184577.08999999985,665602.0500000007,0,8.956666666666667,0.0,2205,0,0,0,0,1,0,0,0,0,0,0,0,0.12186934340514748,0.992546151641322,1,2,5,183984.5499999998,665002.2599999998,0,8.956933333333334,0.0,2205,0,0,0,0,1,0,0,0,0,0,0,0,-0.3090169943749477,0.9510565162951535,2,5,6,185091.25,667589.6199999992,0,7.990866666666666,0.0,2205,0,0,0,0,1,0,0,0,0,0,0,0,-0.9876883405951378,0.15643446504023067,0,0,0,0,1,0,0,1,0,0,0,0,0,0,0,0,0,0,0,0,0,1,0,0,0,0,0,0,0,0,0,0,0,0,0,0,1,0,0,0,0,0,0,0,1,0,0,0,0,0,0,0,0,0,0,0,0,0,0,0,1,0,0,0,0,0,0,1,0,0,0,0,0,0,0,0,0,0,0,0,0,0,0,1,0,0,0,0,0,0,0,0,0,0,0,0,0,0,0,0,0,1.2925517371754849,1.0,0.23754102382887549,1.0,1.325496499757673,1.0,2.43497174472377,1.0,184675.99,665756.4550000001
2,0,10,179075.4500000002,663147.9499999993,0,0.0,103.69642960648149,2205,0,0,0,0,1,0,0,0,0,0,0,0,0.0,1.0,2,0,10,179075.4500000002,663147.9499999993,0,0.0,103.69642960648149,2205,0,0,0,0,1,0,0,0,0,0,0,0,0.0,1.0,2,0,10,179075.4500000002,663147.9499999993,0,0.0,103.69642960648149,2205,0,0,0,0,1,0,0,0,0,0,0,0,0.0,1.0,2,0,6,179974.5599999996,662395.0299999993,0,603.05865,0.0,1540,0,0,0,0,0,0,0,0,1,0,0,0,0.0,1.0,1,0,0,1,0,0,0,0,0,0,0,0,0,0,0,0,0,1,0,0,0,0,1,0,0,0,0,0,0,0,0,0,0,0,0,0,0,0,0,0,1,0,0,0,0,1,0,0,0,0,0,0,0,0,0,0,0,0,0,0,0,0,0,0,1,0,0,0,1,0,0,0,0,0,0,0,0,0,0,0,0,0,0,0,0,0,0,0,1,0,0,0,0,0,0,0,0,0,0,0,0,0.8196872086060576,1.0,0.8196872086060576,1.0,0.8196872086060576,1.0,2.459061625818173,1.0,179300.22750000004,662959.7199999993
2,5,7,186134.2199999997,667568.1600000001,0,27.790366666666667,0.0,2205,0,0,0,0,1,0,0,0,0,0,0,0,0.10452846326765373,-0.9945218953682733,2,5,5,186832.4699999997,666601.8599999994,0,11.673766666666667,0.0,2205,0,0,0,0,1,0,0,0,0,0,0,0,-0.9961946980917455,0.08715574274765789,20,5,5,190349.96,667161.9900000002,0,6.34015,0.0,2205,0,0,0,0,1,0,0,0,0,0,0,0,-0.7071067811865477,0.7071067811865474,2,5,5,188597.6299999999,666209.4000000004,0,2.7405,0.0,2205,0,0,0,0,1,0,0,0,0,0,0,0,-0.08715574274765832,0.9961946980917455,0,0,1,0,0,0,0,0,0,0,0,0,0,0,0,0,1,0,0,0,0,1,0,0,0,0,0,0,0,0,0,0,0,0,0,1,0,0,0,0,0,0,0,0,1,0,0,0,0,0,0,0,0,0,0,0,0,0,0,0,0,0,1,0,0,0,0,0,0,1,0,0,0,0,0,1,0,0,0,0,0,0,0,0,0,0,0,0,0,0,0,0,0,0,0,0,0,0,0,0,0,1.8236742348139168,1.0,1.0947883029004752,1.0,2.2138613969646457,1.0,0.849943270236712,1.0,187978.56999999983,666885.3525
2,0,10,177321.38999999966,661428.4299999997,0,0.0,103.25759646990741,785,0,0,0,0,0,0,0,1,0,0,0,0,0.0,1.0,2,0,6,177426.34999999963,662419.4100000001,0,0.0,100.4914969212963,2205,0,0,0,0,1,0,0,0,0,0,0,0,0.0,1.0,2,0,10,179045.6900000004,665999.7799999993,0,0.0,96.38603395833333,1000,0,0,0,0,0,1,0,0,0,0,0,0,0.0,1.0,1,1,7,178762.50999999978,665868.3300000001,0,18.10555,0.0,170,0,0,0,0,0,0,0,0,0,0,1,0,-0.01745240643728445,0.9998476951563913,1,0,0,1,0,0,0,0,0,0,0,0,0,0,0,0,0,1,0,0,0,0,1,0,0,0,0,0,0,0,0,0,0,0,0,0,0,0,0,0,1,0,0,0,0,1,0,0,0,0,0,0,0,0,0,0,0,0,0,0,0,0,0,0,1,0,0,0,0,1,0,0,0,0,1,0,0,0,0,0,0,0,0,0,0,0,0,0,0,0,0,2,0,0,0,0,0,0,0,0,0,1.8734688885550221,1.0,1.1887683424151005,1.0,1.609819725193057,1.0,1.4506730182531502,1.0,178138.98499999987,663928.9874999998
1,0,10,182134.7000000002,666640.9199999999,0,0.0,46.94427568287037,1353,0,0,0,0,0,0,0,1,0,0,0,0,0.0,1.0,1,0,10,182281.0499999998,666002.6300000008,0,0.0,42.16399800925926,2205,0,0,0,0,1,0,0,0,0,0,0,0,0.0,1.0,2,5,5,185923.48000000045,664168.1099999994,0,6.274366666666666,0.0,649,0,0,0,0,0,0,1,0,0,0,0,0,0.8910065241883679,-0.45399049973954675,2,5,5,182734.75999999975,666234.3399999999,0,1.49085,0.0,649,0,0,0,0,0,0,1,0,0,0,0,0,-0.9510565162951535,-0.30901699437494756,0,0,0,1,0,0,0,0,0,0,0,0,0,0,0,0,0,1,0,0,0,0,1,0,0,0,0,0,0,0,0,0,0,0,0,0,0,0,0,0,1,0,0,0,1,0,0,0,0,0,0,0,0,0,0,0,0,0,0,1,0,0,0,0,0,0,0,1,0,0,0,0,0,0,0,0,0,0,0,0,0,0,0,0,1,0,0,0,0,0,0,0,0,0,0,0,0,0,0,0,0,1.1494525447077366,1.0,0.8142679236958151,1.0,2.4804811980226473,1.0,0.5712174805382633,1.0,183268.49750000006,665761.5
2,0,6,177405.6900000004,662240.8399999999,0,0.0,100.94983601851852,2205,0,0,0,0,1,0,0,0,0,0,0,0,0.0,1.0,1,0,7,179719.23000000045,665936.1300000008,0,0.0,13.62017164351852,1366,0,0,0,0,0,0,0,0,1,0,0,0,0.0,1.0,2,5,6,179442.88999999966,663266.8800000008,0,12.4639,0.0,860,0,0,0,1,0,0,0,0,0,0,0,0,-0.7071067811865477,0.7071067811865474,2,5,5,177984.79000000004,662141.5099999998,0,6.13055,0.0,860,0,0,0,1,0,0,0,0,0,0,0,0,0.3420201433256687,0.9396926207859084,1,0,0,1,0,0,0,0,0,0,0,0,0,0,0,0,0,1,0,0,0,0,1,0,0,0,0,0,0,0,0,0,0,0,0,0,0,0,0,0,1,0,0,0,1,0,0,0,0,0,0,0,0,0,0,0,0,0,0,0,0,0,1,0,0,0,0,1,0,0,0,0,0,0,0,0,0,0,0,0,0,0,0,0,0,0,1,0,0,0,0,0,0,0,0,0,0,0,0,0,0,1.351040016506999,1.0,2.207432023065519,1.0,0.6518303125305901,1.0,1.1313737685038174,1.0,178638.15000000014,663396.3400000003
2,0,10,177965.59999999963,658892.7699999996,0,0.0,88.84381362268519,1540,0,0,0,0,0,0,0,0,1,0,0,0,0.0,1.0,2,0,8,177956.8700000001,658813.6199999992,0,0.0,88.84380206018518,1540,0,0,0,0,0,0,0,0,1,0,0,0,0.0,1.0,1,0,10,179004.88999999966,658838.9399999995,0,0.0,52.52097793981481,142,1,0,0,0,0,0,0,0,0,0,0,0,0.0,1.0,2,0,10,178134.86000000034,659696.8800000008,0,0.0,6.120133159722222,1295,0,0,0,0,0,1,0,0,0,0,0,0,0.0,1.0,0,0,0,1,0,0,0,0,0,0,0,0,0,0,0,0,0,1,0,0,0,0,1,0,0,0,0,0,0,0,0,0,0,0,0,0,0,0,0,0,1,0,0,0,0,1,0,0,0,0,0,0,0,0,0,0,0,0,0,0,0,0,0,0,1,0,0,0,1,0,0,0,0,0,0,0,0,0,0,0,0,0,0,0,0,0,0,0,1,0,0,2,0,0,0,0,0,0,0,0,0,0.8579363890705577,1.0,0.9867630648801777,1.0,1.9266827269451925,1.0,1.6215828548914852,1.0,178265.55499999993,659060.5524999998
2,5,5,185853.6799999997,687093.1199999992,0,13.579566666666667,0.0,860,0,0,0,1,0,0,0,0,0,0,0,0,0.8660254037844386,0.5000000000000001,2,5,5,188058.8700000001,689071.8399999999,0,13.096133333333333,0.0,860,0,0,0,1,0,0,0,0,0,0,0,0,-0.984807753012208,-0.17364817766693033,2,5,5,186995.4299999997,690988.6500000004,0,10.212433333333333,0.0,860,0,0,0,1,0,0,0,0,0,0,0,0,0.9993908270190958,-0.03489949670250073,2,5,5,187880.48000000045,689197.5999999996,0,8.3291,0.0,860,0,0,0,1,0,0,0,0,0,0,0,0,-0.0348994967025009,-0.9993908270190958,0,0,1,0,0,0,0,0,0,0,0,0,0,0,1,0,0,0,0,0,0,1,0,0,0,0,0,0,0,0,0,0,0,0,0,0,1,0,0,0,0,0,0,0,1,0,0,0,0,0,0,0,0,0,0,0,0,0,0,0,0,1,0,0,0,0,0,1,0,0,0,0,0,0,0,0,0,0,0,0,0,0,0,0,1,0,0,0,0,0,0,0,0,0,0,0,0,0,0,0,0,2.1350979247477593,1.0,0.7652051501470075,1.0,1.6970623279926633,1.0,0.6144788311669007,1.0,187197.115,689087.8024999998
2,0,10,179225.83999999985,663041.8200000003,0,0.0,127.74513744212963,785,0,0,0,0,0,0,0,1,0,0,0,0,0.0,1.0,2,0,10,177424.86000000034,662262.4000000004,0,0.0,103.71593599537037,785,0,0,0,0,0,0,0,1,0,0,0,0,0.0,1.0,1,5,5,179665.08999999985,663098.2599999998,0,27.081233333333333,0.0,860,0,0,0,1,0,0,0,0,0,0,0,0,-0.9205048534524405,0.3907311284892735,2,5,6,181286.4400000004,664359.0800000001,0,9.43125,0.0,860,0,0,0,1,0,0,0,0,0,0,0,0,-0.30901699437494773,-0.9510565162951535,1,0,0,1,0,0,0,0,0,0,0,0,0,0,0,0,0,1,0,0,0,0,1,0,0,0,0,0,0,0,0,0,0,0,0,0,0,0,0,0,1,0,0,0,0,0,1,0,0,0,0,1,0,0,0,0,0,0,0,0,0,0,0,0,0,0,0,1,0,0,0,0,0,0,0,0,0,0,0,0,0,0,0,0,1,0,0,0,0,0,0,0,0,0,0,0,0,0,0,0,0,0.21574554357497286,1.0,2.053349248351495,1.0,0.2635063598129524,1.0,2.087084487577055,1.0,179400.5575000001,663190.3900000001
1,0,10,185861.98000000045,672598.8100000005,0,0.0,35.46387109953704,2324,0,0,0,0,1,0,0,0,0,0,0,0,0.0,1.0,1,0,10,185945.34999999963,672815.7400000002,0,0.0,35.46387146990741,2324,0,0,0,0,1,0,0,0,0,0,0,0,0.0,1.0,1,0,6,185909.0499999998,672709.9700000007,0,0.0,35.50553637731481,2324,0,0,0,0,1,0,0,0,0,0,0,0,0.0,1.0,1,0,10,185861.98000000045,672598.8100000005,0,0.0,35.5055365625,2324,0,0,0,0,1,0,0,0,0,0,0,0,0.0,1.0,0,0,0,1,0,0,0,0,0,0,0,0,0,0,0,0,0,1,0,0,0,0,1,0,0,0,0,0,0,0,0,0,0,0,0,0,0,0,0,0,1,0,0,0,0,1,0,0,0,0,0,0,0,0,0,0,0,0,0,0,0,0,0,0,1,0,0,0,1,0,0,0,0,0,0,0,0,0,0,0,0,0,0,0,0,0,0,0,1,0,0,3,0,0,0,0,0,0,0,0,0,1.4101379521131592,1.0,2.3027643386551415,1.0,0.5196638685246628,1.0,1.4101379521131592,1.0,185894.59000000008,672680.8325000005
1,0,10,187492.6399999997,659382.8399999999,0,0.0,92.5784855787037,787,0,0,0,0,0,0,0,0,0,1,0,0,0.0,1.0,1,0,10,186028.3899999997,659304.3200000003,0,0.0,47.542756574074076,787,0,0,0,0,0,0,0,0,0,1,0,0,0.0,1.0,1,0,7,186260.91999999995,659751.1099999994,0,0.0,4.724932592592593,1353,0,0,0,0,0,0,0,1,0,0,0,0,0.0,1.0,2,5,5,186090.49000000025,659457.2300000004,0,12.80315,0.0,2324,0,0,0,0,1,0,0,0,0,0,0,0,-0.6819983600624983,0.7313537016191707,0,0,0,1,0,0,0,0,0,0,0,0,0,0,0,0,0,1,0,0,0,0,1,0,0,0,0,0,0,0,0,0,0,0,0,0,0,0,0,0,1,0,0,0,0,1,0,0,0,0,0,0,0,0,0,0,0,0,0,0,0,0,0,0,1,0,0,1,0,0,0,0,0,0,0,0,0,0,0,0,0,0,0,0,0,0,1,0,0,0,0,0,0,0,0,0,0,0,0,0,0,2.6836083037384486,0.0,1.2295991100010653,1.0,0.9030077543817834,1.0,0.9861959684830609,1.0,248624.14666666652,879298.5
2,0,6,176526.84999999963,658196.6999999993,0,0.0,2.1201680787037036,1540,0,0,0,0,0,0,0,0,1,0,0,0,0.0,1.0,2,0,6,175881.0700000003,659144.1699999999,0,0.0,2.120168101851852,1540,0,0,0,0,0,0,0,0,1,0,0,0,0.0,1.0,2,0,7,175873.61000000034,659035.5199999996,0,0.0,2.120168136574074,1540,0,0,0,0,0,0,0,0,1,0,0,0,0.0,1.0,1,5,6,176483.46999999974,658125.5600000005,0,43.58201666666667,0.0,1366,0,0,0,0,0,0,0,0,1,0,0,0,-0.5150380749100542,-0.8571673007021123,0,0,0,1,0,0,0,0,0,0,0,0,0,0,0,0,0,1,0,0,0,0,1,0,0,0,0,0,0,0,0,0,0,0,0,0,0,0,0,0,1,0,0,0,0,1,0,0,0,0,0,0,0,0,0,0,0,0,0,0,0,0,0,0,1,0,0,1,0,0,0,0,0,0,0,0,0,0,0,0,0,0,0,1,0,0,0,0,0,0,0,2,0,0,0,0,0,0,0,0,0,1.3945271607749956,1.0,1.5478036761129739,1.0,1.328368525757033,1.0,1.4830458355065936,1.0,176191.25,658625.4874999998
2,0,10,179211.83999999985,663036.8800000008,0,0.0,164.92043443287037,1141,0,0,0,0,0,0,1,0,0,0,0,0,0.0,1.0,2,0,10,178747.04000000004,666085.1899999995,0,0.0,102.96935804398149,1000,0,0,0,0,0,1,0,0,0,0,0,0,0.0,1.0,2,0,10,178578.91999999993,665596.5600000005,0,0.0,62.78681173611111,1540,0,0,0,0,0,0,0,0,1,0,0,0,0.0,1.0,1,0,10,182658.25999999975,669383.8599999994,0,0.0,54.73099,1366,0,0,0,0,0,0,0,0,1,0,0,0,0.0,1.0,1,0,0,1,0,0,0,0,0,0,0,0,0,0,0,0,0,1,0,0,0,0,1,0,0,0,0,0,0,0,0,0,0,0,0,0,0,0,0,0,1,0,0,0,0,1,0,0,0,0,0,0,0,0,0,0,0,0,0,0,0,0,0,0,1,0,0,0,1,0,0,0,0,0,0,0,0,0,0,0,0,0,0,0,0,0,0,0,1,0,0,0,0,0,0,0,0,0,0,0,0,1.5519631793978597,1.0,0.5368708792102935,1.0,0.6589944513057702,1.0,2.247310336012088,1.0,179799.0149999999,666025.6225
2,0,6,177413.54000000004,662175.6099999994,0,0.0,100.96592799768518,785,0,0,0,0,0,0,0,1,0,0,0,0,0.0,1.0,2,0,6,177381.58999999985,662031.7899999991,0,0.0,98.19982846064815,2205,0,0,0,0,1,0,0,0,0,0,0,0,0.0,1.0,2,0,10,180244.75,664183.7100000009,0,0.0,7.78678449074074,787,0,0,0,0,0,0,0,0,0,1,0,0,0.0,1.0,2,5,5,180404.1299999999,661644.5500000007,0,23.11965,0.0,649,0,0,0,0,0,0,1,0,0,0,0,0,1.0,6.123233995736766e-17,1,0,0,1,0,0,0,0,0,0,0,0,0,0,0,0,0,1,0,0,0,0,1,0,0,0,0,0,0,0,0,0,0,0,0,0,0,0,0,0,1,0,0,0,0,1,0,0,0,0,0,0,0,0,0,0,0,0,0,0,0,0,0,0,1,0,0,1,0,0,0,0,0,0,0,0,0,0,0,0,0,0,0,1,0,0,0,0,0,0,0,2,0,0,0,0,0,0,0,0,0,1.2121172531546724,1.0,1.2685119275725976,1.0,1.7728633076881597,1.0,1.443368671256236,1.0,178861.00249999994,662508.915
2,0,10,186260.91999999995,659751.1099999994,0,0.0,132.84439575231482,790,0,0,0,0,0,0,0,0,0,0,1,0,0.0,1.0,2,0,10,186255.74000000025,659726.9600000009,0,0.0,132.84437228009259,790,0,0,0,0,0,0,0,0,0,0,1,0,0.0,1.0,2,0,10,186205.24000000025,659506.6899999995,0,0.0,132.84437258101852,790,0,0,0,0,0,0,0,0,0,0,1,0,0.0,1.0,2,0,8,186370.9000000004,660223.4299999997,0,573.7292333333334,0.0,2324,0,0,0,0,1,0,0,0,0,0,0,0,0.0,1.0,0,0,0,1,0,0,0,0,0,0,0,0,0,0,0,0,0,1,0,0,0,0,1,0,0,0,0,0,0,0,0,0,0,0,0,0,0,0,0,0,1,0,0,0,0,1,0,0,0,0,0,0,0,0,0,0,0,0,0,0,0,0,0,0,1,0,0,0,1,0,0,0,0,0,0,0,0,0,0,0,0,0,0,0,0,0,0,0,1,0,0,4,0,0,0,0,0,0,0,0,0,0.32573149122411144,1.0,0.47924441778926274,1.0,1.8841056948979307,1.0,2.6890664430763964,0.0,248364.26666666695,879736.0633333331
1,0,6,178125.25999999978,654769.8499999996,0,953.0057666666667,0.0,1295,0,0,0,0,0,1,0,0,0,0,0,0,0.0,1.0,1,0,6,182938.83999999985,651463.5999999996,0,953.0059,0.0,1295,0,0,0,0,0,1,0,0,0,0,0,0,0.0,1.0,2,0,6,183335.50999999975,652308.7599999998,0,953.00595,0.0,1295,0,0,0,0,0,1,0,0,0,0,0,0,0.0,1.0,1,0,6,178155.11000000034,654834.6099999994,0,963.0237666666667,0.0,1295,0,0,0,0,0,1,0,0,0,0,0,0,0.0,1.0,0,0,0,1,0,0,0,0,0,0,0,0,0,0,0,0,0,1,0,0,0,0,1,0,0,0,0,0,0,0,0,0,0,0,0,0,0,0,0,0,1,0,0,0,0,1,0,0,0,0,0,0,0,0,0,0,0,0,0,0,0,0,0,0,1,0,0,0,1,0,0,0,0,0,0,0,0,0,0,0,0,0,0,0,0,0,0,0,1,0,0,2,0,0,0,0,0,0,0,0,0,1.4480704212312097,1.0,1.4889145950045586,1.0,1.4476623451867532,1.0,1.4515074141748927,1.0,180638.67999999993,653344.2049999996
2,0,8,175870.9400000004,659360.8900000006,0,0.0,2.418790497685185,1540,0,0,0,0,0,0,0,0,1,0,0,0,0.0,1.0,2,0,8,175870.9400000004,659360.8900000006,0,0.0,2.418790497685185,1540,0,0,0,0,0,0,0,0,1,0,0,0,0.0,1.0,2,0,6,176768.33000000007,658079.6799999997,0,0.0,2.4187905555555558,1540,0,0,0,0,0,0,0,0,1,0,0,0,0.0,1.0,2,0,6,176687.16999999993,658147.6300000008,0,963.0249833333334,0.0,1295,0,0,0,0,0,1,0,0,0,0,0,0,0.0,1.0,0,0,0,1,0,0,0,0,0,0,0,0,0,0,0,0,0,1,0,0,0,0,1,0,0,0,0,0,0,0,0,0,0,0,0,0,0,0,0,0,1,0,0,0,0,1,0,0,0,0,0,0,0,0,0,0,0,0,0,0,0,0,0,0,1,0,0,0,1,0,0,0,0,0,0,0,0,0,0,0,0,0,0,0,0,0,0,0,1,0,0,2,2,0,0,0,0,0,0,0,0,1.4364125677216222,1.0,1.4364125677216222,1.0,1.5334398333045034,1.0,1.3398942780893517,1.0,176299.3450000002,658737.2725000004
1,0,10,179694.4400000004,665825.2200000007,0,0.0,277.9534535300926,785,0,0,0,0,0,0,0,1,0,0,0,0,0.0,1.0,2,0,10,178909.51999999955,666038.7699999996,0,0.0,96.05270122685185,1000,0,0,0,0,0,1,0,0,0,0,0,0,0.0,1.0,2,0,10,179045.6900000004,665999.7799999993,0,0.0,96.05270126157407,1000,0,0,0,0,0,1,0,0,0,0,0,0,0.0,1.0,1,5,5,178279.0700000003,663682.4700000007,0,17.35643333333333,0.0,1141,0,0,0,0,0,0,1,0,0,0,0,0,0.6560590289905072,0.754709580222772,1,0,0,1,0,0,0,0,0,0,0,0,0,0,0,0,0,1,0,0,0,0,1,0,0,0,0,0,0,0,0,0,0,0,0,0,0,0,0,0,1,0,0,0,0,1,0,0,0,0,0,0,0,0,0,0,0,0,0,0,0,0,0,0,1,0,0,1,0,0,0,0,0,0,0,0,0,0,0,0,0,0,0,0,0,0,1,0,0,0,0,2,0,0,0,0,0,0,0,0,0,1.122914649245203,1.0,0.8809379004699414,1.0,0.8275847155067898,1.0,2.4746247201687734,1.0,178982.18000000017,665386.56
2,5,5,178587.20999999996,657896.3800000008,0,29.803583333333332,0.0,2324,0,0,0,0,1,0,0,0,0,0,0,0,-0.9876883405951378,0.15643446504023067,2,5,5,177730.3200000003,658998.2300000004,0,22.702616666666668,0.0,2324,0,0,0,0,1,0,0,0,0,0,0,0,-1.0,-1.8369701987210297e-16,2,5,5,178733.25999999978,658813.0199999996,0,8.85305,0.0,2324,0,0,0,0,1,0,0,0,0,0,0,0,0.8910065241883678,0.4539904997395468,2,5,6,180735.28000000023,657521.5399999991,0,10.70895,0.0,2205,0,0,0,0,1,0,0,0,0,0,0,0,0.9271838545667874,0.37460659341591196,0,0,1,0,0,0,0,0,0,0,0,0,0,0,0,1,0,0,0,0,0,1,0,0,0,0,0,0,0,0,0,0,0,0,0,1,0,0,0,0,0,0,0,0,1,0,0,0,0,0,0,0,0,0,0,0,0,0,0,0,0,0,1,0,0,0,0,0,0,1,0,0,0,0,1,0,0,0,0,0,0,0,0,0,0,0,0,0,0,0,0,0,0,0,0,0,0,0,0,0,0,0.6355051865999444,1.0,1.628508645724473,1.0,0.6390021936783257,1.0,2.2746377163924656,1.0,178946.51750000007,658307.2925
1,0,10,182329.61000000036,665960.5199999996,0,0.0,48.997332569444445,2205,0,0,0,0,1,0,0,0,0,0,0,0,0.0,1.0,2,5,10,185556.91999999995,662944.4700000007,0,37.419866666666664,0.0,2324,0,0,0,0,1,0,0,0,0,0,0,0,-0.5735764363510465,0.8191520442889916,1,5,6,181966.1799999997,666278.3900000006,0,7.603416666666667,0.0,2324,0,0,0,0,1,0,0,0,0,0,0,0,0.5446390350150269,-0.8386705679454242,2,5,5,183203.08999999985,666388.5899999999,0,2.6868,0.0,2324,0,0,0,0,1,0,0,0,0,0,0,0,0.9563047559630354,0.29237170472273677,0,0,0,1,0,0,0,0,0,0,0,0,0,0,0,0,0,1,0,0,0,0,0,1,0,0,0,0,0,1,0,0,0,0,0,0,0,0,0,0,0,0,0,0,1,0,0,0,0,0,0,0,0,0,0,0,0,0,0,0,0,0,1,0,0,0,0,1,0,0,0,0,0,0,0,0,0,0,0,0,0,0,0,0,0,0,1,0,0,0,0,0,0,0,0,0,0,0,0,0,0,0.7751917468684275,1.0,2.378726673140364,1.0,1.1140262004053902,1.0,0.7073015369709098,1.0,183263.94999999995,665392.9925000002
1,0,10,181954.53000000023,664345.2400000002,0,0.0,44.995165844907405,790,0,0,0,0,0,0,0,0,0,0,1,0,0.0,1.0,1,0,10,181954.53000000023,664345.2400000002,0,0.0,45.036831284722226,790,0,0,0,0,0,0,0,0,0,0,1,0,0.0,1.0,1,0,10,181954.53000000023,664345.2400000002,0,0.0,45.078499675925926,790,0,0,0,0,0,0,0,0,0,0,1,0,0.0,1.0,2,5,6,182574.91999999995,663598.4800000004,0,18.95795,0.0,787,0,0,0,0,0,0,0,0,0,1,0,0,0.9702957262759965,-0.24192189559966779,0,0,0,1,0,0,0,0,0,0,0,0,0,0,0,0,0,1,0,0,0,0,1,0,0,0,0,0,0,0,0,0,0,0,0,0,0,0,0,0,1,0,0,0,0,1,0,0,0,0,0,0,0,0,0,0,0,0,0,0,0,0,0,0,1,0,0,1,0,0,0,0,0,0,0,0,0,0,0,0,0,0,0,1,0,0,0,0,0,0,0,3,0,0,0,0,0,0,0,0,0,0.8199771906522767,1.0,0.8199771906522767,1.0,0.8199771906522767,1.0,2.459931571956956,1.0,182109.62750000015,664158.5500000003
1,0,10,183720.41000000012,666760.4499999993,0,0.0,106.00348932870371,2205,0,0,0,0,1,0,0,0,0,0,0,0,0.0,1.0,2,5,9,184205.3700000001,667423.75,0,34.034166666666664,0.0,2324,0,0,0,0,1,0,0,0,0,0,0,0,0.9455185755993167,0.32556815445715676,2,5,5,185288.83999999985,664895.5299999993,0,30.7171,0.0,2324,0,0,0,0,1,0,0,0,0,0,0,0,0.08715574274765864,-0.9961946980917455,4,5,5,183331.86000000036,667108.1300000008,0,2.23415,0.0,2324,0,0,0,0,1,0,0,0,0,0,0,0,0.13917310096006544,0.9902680687415704,0,0,0,1,0,0,0,0,0,0,0,0,0,0,0,0,0,1,0,0,0,1,0,0,0,0,0,0,0,0,0,0,0,0,0,0,0,0,1,0,0,0,0,0,1,0,0,0,0,0,0,0,0,0,0,0,0,0,0,0,1,0,0,0,0,0,0,1,0,0,0,0,0,0,0,0,0,0,0,0,0,0,0,0,0,0,1,0,0,0,0,0,0,0,0,0,0,0,0,0,0,0.5453154969895188,1.0,1.0252782500831994,1.0,2.3474964125123825,1.0,1.1437420835439633,1.0,184136.6200000001,666546.9649999999
1,0,10,178853.0599999996,645047.1500000004,0,0.0,2.377089351851852,1366,0,0,0,0,0,0,0,0,1,0,0,0,0.0,1.0,1,0,10,178853.0599999996,645047.1500000004,0,0.0,2.377089351851852,1366,0,0,0,0,0,0,0,0,1,0,0,0,0.0,1.0,1,0,10,179337.13999999966,644997.9700000007,0,0.0,2.5784652314814815,1366,0,0,0,0,0,0,0,0,1,0,0,0,0.0,1.0,1,0,8,179275.6900000004,645032.3599999994,0,0.0,2.57846525462963,1366,0,0,0,0,0,0,0,0,1,0,0,0,0.0,1.0,0,0,0,1,0,0,0,0,0,0,0,0,0,0,0,0,0,1,0,0,0,0,1,0,0,0,0,0,0,0,0,0,0,0,0,0,0,0,0,0,1,0,0,0,0,1,0,0,0,0,0,0,0,0,0,0,0,0,0,0,0,0,0,0,1,0,0,0,1,0,0,0,0,0,0,0,0,0,0,0,0,0,0,0,0,0,0,0,1,0,0,0,0,0,0,0,0,0,0,0,0,1.8340235310670308,1.0,1.8340235310670308,1.0,2.0946484770279707,1.0,1.5815294906273563,1.0,179079.7374999998,645031.1575000002
2,0,10,177386.4299999997,662058.9399999995,0,0.0,100.03316594907407,2205,0,0,0,0,1,0,0,0,0,0,0,0,0.0,1.0,2,0,7,177349.91999999993,661773.3100000005,0,0.0,100.0331659837963,2205,0,0,0,0,1,0,0,0,0,0,0,0,0.0,1.0,2,0,10,177419.7000000002,662364.0999999996,0,0.0,100.0331659837963,2205,0,0,0,0,1,0,0,0,0,0,0,0,0.0,1.0,2,0,6,177412.58000000007,662309.3499999996,0,0.0,100.0331659837963,2205,0,0,0,0,1,0,0,0,0,0,0,0,0.0,1.0,1,0,0,1,0,0,0,0,0,0,0,0,0,0,0,0,0,1,0,0,0,0,1,0,0,0,0,0,0,0,0,0,0,0,0,0,0,0,0,0,1,0,0,0,0,1,0,0,0,0,0,0,0,0,0,0,0,0,0,0,0,0,0,0,1,0,0,0,1,0,0,0,0,0,0,0,0,0,0,0,0,0,0,0,0,0,0,0,1,0,0,4,0,0,0,0,0,0,0,0,0,0.5181055267483092,1.0,2.720529542835605,0.0,1.8303434926567808,1.0,1.4080413395606426,1.0,236522.87666666662,882835.233333333
2,0,10,178693.75,665885.8900000006,0,0.0,55.995148310185186,1540,0,0,0,0,0,0,0,0,1,0,0,0,0.0,1.0,1,0,9,180759.6799999997,661531.8699999992,0,0.0,25.156039560185185,1141,0,0,0,0,0,0,1,0,0,0,0,0,0.0,1.0,1,5,9,180682.1200000001,664925.3599999994,0,13.463566666666667,0.0,1353,0,0,0,0,0,0,0,1,0,0,0,0,-0.9335804264972021,0.35836794954529955,2,1,5,179742.84999999963,664537.3499999996,0,6.81365,0.0,1353,0,0,0,0,0,0,0,1,0,0,0,0,0.9998476951563913,0.017452406437283376,1,0,0,1,0,0,0,0,0,0,0,0,0,0,0,0,0,1,0,0,0,0,1,0,0,0,0,0,0,0,0,0,0,0,0,0,0,0,0,0,1,0,0,0,1,0,0,0,0,0,0,0,0,0,0,0,0,0,0,0,0,1,0,0,0,0,0,1,0,0,0,0,0,0,0,0,0,0,0,0,0,0,0,1,0,0,0,0,0,0,0,0,0,0,0,0,0,0,0,0,0,1.701620279561056,1.0,2.272313356413866,1.0,0.8130227133774824,1.0,0.316231093097651,1.0,179969.59999999986,664220.1174999997
2,0,10,186260.91999999995,659751.1099999994,0,0.0,132.67771371527778,790,0,0,0,0,0,0,0,0,0,0,1,0,0.0,1.0,1,0,10,187687.1200000001,659857.8300000001,0,0.0,83.9534660300926,1353,0,0,0,0,0,0,0,1,0,0,0,0,0.0,1.0,1,0,10,186028.3899999997,659304.3200000003,0,0.0,40.751081863425924,787,0,0,0,0,0,0,0,0,0,1,0,0,0.0,1.0,2,0,6,186351.3200000003,660157.3000000007,0,335.1079,0.0,2324,0,0,0,0,1,0,0,0,0,0,0,0,0.0,1.0,0,0,0,1,0,0,0,0,0,0,0,0,0,0,0,0,0,1,0,0,0,0,1,0,0,0,0,0,0,0,0,0,0,0,0,0,0,0,0,0,1,0,0,0,0,1,0,0,0,0,0,0,0,0,0,0,0,0,0,0,0,0,0,0,1,0,0,0,1,0,0,0,0,0,0,0,0,0,0,0,0,0,0,0,0,0,0,0,1,0,0,2,0,0,0,0,0,0,0,0,0,0.6731722368146886,1.0,2.322190317510861,1.0,1.511731971366246,1.0,0.9482435809320958,1.0,186581.9375,659767.6400000001
2,0,6,186214.3899999997,659530.0600000005,0,0.0,133.3860476388889,790,0,0,0,0,0,0,0,0,0,0,1,0,0.0,1.0,2,0,10,186260.91999999995,659751.1099999994,0,0.0,133.38602451388888,790,0,0,0,0,0,0,0,0,0,0,1,0,0.0,1.0,2,0,10,186214.3899999997,659530.0600000005,0,0.0,133.42769349537036,790,0,0,0,0,0,0,0,0,0,0,1,0,0.0,1.0,1,0,10,187667.66999999995,659861.0099999998,0,0.0,84.70346888888889,1353,0,0,0,0,0,0,0,1,0,0,0,0,0.0,1.0,0,0,0,1,0,0,0,0,0,0,0,0,0,0,0,0,0,1,0,0,0,0,1,0,0,0,0,0,0,0,0,0,0,0,0,0,0,0,0,0,1,0,0,0,0,1,0,0,0,0,0,0,0,0,0,0,0,0,0,0,0,0,0,0,1,0,0,0,1,0,0,0,0,0,0,0,0,0,0,0,0,0,0,0,0,0,0,0,1,0,0,3,0,0,0,0,0,0,0,0,0,1.0428785050297635,1.0,0.884228611702823,1.0,1.0428785050297635,1.0,2.859341906221519,0.0,248785.78999999978,879557.4133333334
2,0,6,177405.6900000004,662240.8399999999,0,0.0,107.15816671296297,2205,0,0,0,0,1,0,0,0,0,0,0,0,0.0,1.0,17,0,10,178661.00999999978,663015.4499999993,0,0.0,77.65144226851852,790,0,0,0,0,0,0,0,0,0,0,1,0,0.0,1.0,2,0,10,178578.91999999993,665596.5600000005,0,0.0,62.870146006944445,1540,0,0,0,0,0,0,0,0,1,0,0,0,0.0,1.0,2,5,5,177170.91000000015,662606.1199999992,0,15.760216666666667,0.0,1141,0,0,0,0,0,0,1,0,0,0,0,0,-0.5150380749100542,-0.8571673007021123,1,0,0,1,0,0,0,0,0,0,0,0,0,0,0,0,0,1,0,0,0,0,1,0,0,0,0,0,0,0,0,0,0,0,0,0,0,0,0,0,1,0,0,0,0,1,0,0,0,0,0,0,0,0,0,0,0,0,0,0,0,0,0,0,1,0,0,1,0,0,0,0,0,0,0,0,0,0,0,0,0,0,0,0,0,0,1,0,0,0,0,0,0,0,0,0,0,0,0,0,0,1.25751507288898,1.0,0.7928410658372675,1.0,2.33047692300697,1.0,1.0964360603466559,1.0,177954.13250000007,663364.7424999997
2,5,5,189258.3099999996,664500.9299999997,0,30.038316666666667,0.0,1353,0,0,0,0,0,0,0,1,0,0,0,0,-0.40673664307580015,0.913545457642601,2,5,5,188985.5700000003,666000.5600000005,0,18.621733333333335,0.0,1353,0,0,0,0,0,0,0,1,0,0,0,0,0.29237170472273705,-0.9563047559630354,2,5,10,190213.11000000036,666449.1300000008,0,17.121766666666666,0.0,1353,0,0,0,0,0,0,0,1,0,0,0,0,0.49999999999999994,-0.8660254037844387,2,4,5,188445.5599999996,665627.0099999998,0,8.08835,0.0,1353,0,0,0,0,0,0,0,1,0,0,0,0,-0.05233595624294437,0.9986295347545738,0,0,1,0,0,0,0,0,0,0,0,0,0,0,1,0,0,0,0,0,0,1,0,0,0,0,0,0,0,0,0,0,0,0,0,0,0,0,1,0,0,0,0,0,0,0,1,0,0,0,0,0,0,0,0,0,1,0,0,0,0,0,0,0,0,0,0,1,0,0,0,0,0,0,0,0,0,0,0,0,0,0,0,0,0,1,0,0,0,0,0,0,0,0,0,0,0,0,0,0,0,1.6794692108478149,1.0,0.6305773057084593,1.0,1.8701812024237154,1.0,1.1455470876698008,1.0,189225.63749999995,665644.4075000002
2,5,6,183871.6399999997,674427.75,0,23.19075,0.0,1295,0,0,0,0,0,1,0,0,0,0,0,0,0.20791169081775931,0.9781476007338057,2,5,7,182231.2000000002,674386.8300000001,0,20.99116666666667,0.0,1295,0,0,0,0,0,1,0,0,0,0,0,0,0.4694715627858908,0.882947592858927,1,5,5,181984.4400000004,674389.4299999997,0,9.924433333333333,0.0,1295,0,0,0,0,0,1,0,0,0,0,0,0,-0.46947156278589086,-0.8829475928589269,2,5,5,182738.86000000036,676368.0,0,3.4573833333333335,0.0,1295,0,0,0,0,0,1,0,0,0,0,0,0,-0.9945218953682734,0.10452846326765299,0,0,1,0,0,0,0,0,0,0,0,0,0,0,0,0,1,0,0,0,0,1,0,0,0,0,0,0,0,0,0,0,0,0,0,0,0,0,1,0,0,0,0,0,1,0,0,0,0,0,0,0,0,0,0,0,0,0,0,1,0,0,0,0,0,0,0,1,0,0,0,0,0,0,0,0,0,0,0,0,0,0,0,1,0,0,0,0,0,0,0,0,0,0,0,0,0,0,0,0,0,1.5907465656662227,1.0,0.8804429487294282,1.0,1.1162488094632077,1.0,1.8706989410004005,1.0,182706.53500000015,674893.0025
1,0,10,182658.25999999975,669383.8599999994,0,0.0,45.939320636574074,1366,0,0,0,0,0,0,0,0,1,0,0,0,0.0,1.0,2,5,5,179815.36000000034,661818.3300000001,0,11.6551,0.0,1353,0,0,0,0,0,0,0,1,0,0,0,0,0.13917310096006544,0.9902680687415704,2,5,7,180310.2199999997,664338.5999999996,0,4.00505,0.0,1353,0,0,0,0,0,0,0,1,0,0,0,0,0.4383711467890774,0.898794046299167,2,5,5,180792.41999999995,670222.6099999994,0,2.9550666666666667,0.0,1353,0,0,0,0,0,0,0,1,0,0,0,0,-0.17364817766693047,-0.984807753012208,1,0,0,1,0,0,0,0,0,0,0,0,0,0,0,0,0,1,0,0,0,1,0,0,0,0,0,0,0,0,0,0,0,0,0,0,0,0,1,0,0,0,0,0,1,0,0,0,0,0,0,0,0,0,0,0,0,0,0,1,0,0,0,0,0,0,0,1,0,0,0,0,0,0,0,0,0,0,0,0,0,0,0,0,0,0,1,0,0,0,0,0,0,0,0,0,0,0,0,0,0,1.5027690706652428,1.0,2.078877976322412,1.0,0.9555522681414469,1.0,1.6568633530338939,1.0,180894.06499999994,666440.8499999996
2,0,10,177937.33999999985,658564.3000000007,0,0.0,81.67713949074074,1540,0,0,0,0,0,0,0,0,1,0,0,0,0.0,1.0,2,0,10,177976.3700000001,658984.2100000009,0,0.0,81.67713967592593,1540,0,0,0,0,0,0,0,0,1,0,0,0,0.0,1.0,2,5,6,179130.76999999955,660425.3399999999,0,17.7638,0.0,2324,0,0,0,0,1,0,0,0,0,0,0,0,0.4694715627858908,0.882947592858927,2,5,5,178923.03000000026,658139.8499999996,0,2.6482,0.0,2324,0,0,0,0,1,0,0,0,0,0,0,0,0.10452846326765346,0.9945218953682733,0,0,0,1,0,0,0,0,0,0,0,0,0,0,0,0,0,1,0,0,0,0,1,0,0,0,0,0,0,0,0,0,0,0,0,0,0,0,0,0,1,0,0,0,1,0,0,0,0,0,0,0,0,0,0,0,0,0,0,0,0,0,1,0,0,0,0,1,0,0,0,0,0,0,0,0,0,0,0,0,0,0,0,1,0,0,0,0,0,0,0,2,0,0,0,0,0,0,0,0,0,1.0329001135165847,1.0,0.7390361386512265,1.0,2.1940886154481656,1.0,1.4107283294192259,1.0,178491.87749999994,659028.4250000003
2,0,6,177381.6299999999,661904.2699999996,0,0.0,103.09093875,785,0,0,0,0,0,0,0,1,0,0,0,0,0.0,1.0,2,0,10,177437.83000000007,662499.7699999996,0,0.0,100.32483923611112,2205,0,0,0,0,1,0,0,0,0,0,0,0,0.0,1.0,2,0,10,178547.0,665523.4900000002,0,0.0,56.03681835648148,1540,0,0,0,0,0,0,0,0,1,0,0,0,0.0,1.0,1,5,6,184541.01999999955,668190.8599999994,0,5.201766666666667,0.0,1540,0,0,0,0,0,0,0,0,1,0,0,0,0.9986295347545738,-0.05233595624294362,1,0,0,1,0,0,0,0,0,0,0,0,0,0,0,0,0,1,0,0,0,0,1,0,0,0,0,0,0,0,0,0,0,0,0,0,0,0,0,0,1,0,0,0,0,1,0,0,0,0,0,0,0,0,0,0,0,0,0,0,0,0,0,0,1,0,0,1,0,0,0,0,0,0,0,0,0,0,0,0,0,0,0,0,0,0,1,0,0,0,0,2,0,0,0,0,0,0,0,0,0,1.2257354306455581,1.0,1.0499198212327934,1.0,0.49667613919939196,1.0,2.280392161575537,1.0,179476.86999999988,664529.5974999997
2,0,6,177405.6900000004,662240.8399999999,0,0.0,100.90816552083334,2205,0,0,0,0,1,0,0,0,0,0,0,0,0.0,1.0,17,0,10,178661.00999999978,663015.4499999993,0,0.0,71.40144108796297,790,0,0,0,0,0,0,0,0,0,0,1,0,0.0,1.0,2,0,10,178578.91999999993,665596.5600000005,0,0.0,56.62014483796296,1540,0,0,0,0,0,0,0,0,1,0,0,0,0.0,1.0,2,5,5,180119.5700000003,662967.2400000002,0,6.75835,0.0,395,0,0,0,1,0,0,0,0,0,0,0,0,1.0,6.123233995736766e-17,1,0,0,1,0,0,0,0,0,0,0,0,0,0,0,0,0,1,0,0,0,0,1,0,0,0,0,0,0,0,0,0,0,0,0,0,0,0,0,0,1,0,0,0,0,1,0,0,0,0,0,0,0,0,0,0,0,0,0,0,0,0,0,0,1,0,0,1,0,0,0,0,0,0,0,0,0,0,0,0,0,0,0,1,0,0,0,0,0,0,0,0,0,0,0,0,0,0,0,0,0,1.5813345711776299,1.0,0.3940188672880264,1.0,1.9177007660239547,1.0,1.3496613127006771,1.0,178691.2975000001,663455.0225
2,0,8,175870.9400000004,659360.8900000006,0,0.0,1.995171423611111,1540,0,0,0,0,0,0,0,0,1,0,0,0,0.0,1.0,2,0,7,176440.09999999963,658214.3300000001,0,0.0,1.9951715393518519,1540,0,0,0,0,0,0,0,0,1,0,0,0,0.0,1.0,2,0,7,175873.61000000034,659035.5199999996,0,0.0,1.9951725,1540,0,0,0,0,0,0,0,0,1,0,0,0,0.0,1.0,2,0,6,175876.00999999978,658912.0899999999,0,0.0,1.9951726157407408,1540,0,0,0,0,0,0,0,0,1,0,0,0,0.0,1.0,0,0,0,1,0,0,0,0,0,0,0,0,0,0,0,0,0,1,0,0,0,0,1,0,0,0,0,0,0,0,0,0,0,0,0,0,0,0,0,0,1,0,0,0,0,1,0,0,0,0,0,0,0,0,0,0,0,0,0,0,0,0,0,0,1,0,0,0,1,0,0,0,0,0,0,0,0,0,0,0,0,0,0,0,0,0,0,0,1,0,0,3,0,0,0,0,0,0,0,0,0,1.5111892707063266,1.0,2.3821431728579854,1.0,0.6322757926065306,1.0,0.42996010075489427,1.0,176015.16500000004,658880.7075
2,0,10,179211.83999999985,663036.8800000008,0,0.0,157.9620989699074,1141,0,0,0,0,0,0,1,0,0,0,0,0,0.0,1.0,2,0,10,178747.04000000004,666085.1899999995,0,0.0,96.01102258101852,1000,0,0,0,0,0,1,0,0,0,0,0,0,0.0,1.0,2,0,10,178578.91999999993,665596.5600000005,0,0.0,55.82847625,1540,0,0,0,0,0,0,0,0,1,0,0,0,0.0,1.0,1,0,10,182658.25999999975,669383.8599999994,0,0.0,47.77265454861111,1366,0,0,0,0,0,0,0,0,1,0,0,0,0.0,1.0,1,0,0,1,0,0,0,0,0,0,0,0,0,0,0,0,0,1,0,0,0,0,1,0,0,0,0,0,0,0,0,0,0,0,0,0,0,0,0,0,1,0,0,0,0,1,0,0,0,0,0,0,0,0,0,0,0,0,0,0,0,0,0,0,1,0,0,0,1,0,0,0,0,0,0,0,0,0,0,0,0,0,0,0,0,0,0,0,1,0,0,0,0,0,0,0,0,0,0,0,0,1.5519631793978597,1.0,0.5368708792102935,1.0,0.6589944513057702,1.0,2.247310336012088,1.0,179799.0149999999,666025.6225
2,0,10,177334.5,661514.4299999997,0,0.0,101.04927484953704,785,0,0,0,0,0,0,0,1,0,0,0,0,0.0,1.0,2,0,10,177347.7999999998,661625.0600000005,0,0.0,101.04927484953704,785,0,0,0,0,0,0,0,1,0,0,0,0,0.0,1.0,2,0,6,177434.91000000015,662363.7100000009,0,0.0,101.04926326388889,785,0,0,0,0,0,0,0,1,0,0,0,0,0.0,1.0,2,5,5,179086.8700000001,663526.9399999995,0,11.289016666666667,0.0,1353,0,0,0,0,0,0,0,1,0,0,0,0,-0.7071067811865475,-0.7071067811865477,1,0,0,1,0,0,0,0,0,0,0,0,0,0,0,0,0,1,0,0,0,0,1,0,0,0,0,0,0,0,0,0,0,0,0,0,0,0,0,0,1,0,0,0,0,1,0,0,0,0,0,0,0,0,0,0,0,0,0,0,0,0,0,0,1,0,0,1,0,0,0,0,0,0,0,0,0,0,0,0,0,0,0,0,0,0,1,0,0,0,0,3,0,0,0,0,0,0,0,0,0,1.1352821307751597,1.0,1.0067808111635985,1.0,0.4932296029303653,1.0,2.337922603512449,1.0,177801.02000000002,662257.5350000001
2,4,6,168298.4400000004,635016.3499999996,0,29.871566666666666,0.0,1353,0,0,0,0,0,0,0,1,0,0,0,0,-0.731353701619171,0.6819983600624979,2,5,6,170163.86000000034,637838.0800000001,0,4.58915,0.0,1353,0,0,0,0,0,0,0,1,0,0,0,0,0.08715574274765864,-0.9961946980917455,2,5,5,170164.78000000026,638183.5099999998,0,3.3893166666666668,0.0,1353,0,0,0,0,0,0,0,1,0,0,0,0,0.01745240643728344,-0.9998476951563913,2,5,5,168234.6900000004,635068.2699999996,0,1.6719666666666666,0.0,1353,0,0,0,0,0,0,0,1,0,0,0,0,-0.8090169943749476,0.5877852522924729,0,0,1,0,0,0,0,0,0,0,0,0,0,0,0,0,1,0,0,0,0,1,0,0,0,0,0,0,0,0,0,0,0,0,0,0,0,0,1,0,0,0,0,0,1,0,0,0,0,0,0,0,0,0,0,0,0,0,0,0,1,0,0,0,0,0,1,0,0,0,0,1,0,0,0,0,0,0,0,0,0,0,0,0,0,0,0,0,0,0,0,2,2,0,0,0,0,0,0,0,0,1.4490828436148875,1.0,1.3274608784320996,1.0,1.5662360475382286,1.0,1.4413699123762256,1.0,169215.44250000035,636526.5524999998
2,5,8,184168.9299999997,676104.5399999991,0,7.269383333333334,0.0,1000,0,0,0,0,0,1,0,0,0,0,0,0,0.17364817766693033,0.984807753012208,2,5,5,182739.33999999985,676367.7699999996,0,2.3692333333333333,0.0,1000,0,0,0,0,0,1,0,0,0,0,0,0,-0.9945218953682734,0.10452846326765299,2,5,5,184675.33999999985,673991.6699999999,0,13.335816666666666,0.0,649,0,0,0,0,0,0,1,0,0,0,0,0,0.7193398003386514,-0.694658370458997,2,5,5,184174.01999999955,676131.0199999996,0,2.0866,0.0,649,0,0,0,0,0,0,1,0,0,0,0,0,0.17364817766693033,0.984807753012208,0,1,0,0,0,1,0,0,0,0,0,0,0,0,0,0,0,0,0,0,0,1,0,0,0,0,0,0,0,0,0,0,0,0,0,1,0,0,0,0,0,0,0,0,1,0,0,0,0,0,0,0,0,0,0,0,0,0,0,0,1,0,0,0,0,0,0,0,0,1,0,0,0,0,1,0,0,0,0,0,0,0,0,0,0,0,0,0,0,0,0,2,0,0,0,0,0,0,0,0,0,0.6057405254494317,1.0,1.6605710424501638,1.0,2.152181037522394,1.0,0.6365907438032707,1.0,183939.40749999974,675648.7499999995
2,0,10,186290.9000000004,659876.8599999994,0,0.0,130.84436863425927,790,0,0,0,0,0,0,0,0,0,0,1,0,0.0,1.0,2,0,10,186214.3899999997,659530.0600000005,0,0.0,130.84435686342593,790,0,0,0,0,0,0,0,0,0,0,1,0,0.0,1.0,2,0,10,186255.74000000025,659726.9600000009,0,0.0,130.84435729166665,790,0,0,0,0,0,0,0,0,0,0,1,0,0.0,1.0,2,5,5,187483.91999999995,659616.1899999995,0,6.390866666666667,0.0,1366,0,0,0,0,0,0,0,0,1,0,0,0,0.5591929034707469,0.8290375725550417,0,0,0,1,0,0,0,0,0,0,0,0,0,0,0,0,0,1,0,0,0,0,1,0,0,0,0,0,0,0,0,0,0,0,0,0,0,0,0,0,1,0,0,0,0,1,0,0,0,0,0,0,0,0,0,0,0,0,0,0,0,0,0,0,1,0,0,1,0,0,0,0,0,0,0,0,0,0,0,0,0,0,0,1,0,0,0,0,0,0,0,3,0,0,0,0,0,0,0,0,0,0.9954795876286658,1.0,1.1488955121723596,1.0,0.9290738113948029,1.0,2.791250567860553,0.0,248748.31666666677,879583.3566666668
2,0,10,179116.7000000002,665979.1099999994,0,0.0,55.07230563657407,1141,0,0,0,0,0,0,1,0,0,0,0,0,0.0,1.0,1,0,10,179116.38999999966,665972.2300000004,0,0.0,54.16315054398148,2205,0,0,0,0,1,0,0,0,0,0,0,0,0.0,1.0,2,0,10,178678.98000000045,665826.8399999999,0,0.0,53.911807986111114,1540,0,0,0,0,0,0,0,0,1,0,0,0,0.0,1.0,2,2,5,179392.71999999974,665253.5999999996,0,7.2868,0.0,649,0,0,0,0,0,0,1,0,0,0,0,0,-0.01745240643728445,0.9998476951563913,1,0,0,1,0,0,0,0,0,0,0,0,0,0,0,0,0,1,0,0,0,0,1,0,0,0,0,0,0,0,0,0,0,0,0,0,0,0,0,0,1,0,0,0,0,1,0,0,0,0,0,0,0,0,0,0,0,0,0,0,0,0,0,0,1,0,0,1,0,0,0,0,0,0,0,0,0,0,0,0,0,0,0,0,0,0,1,0,0,0,0,0,0,0,0,0,0,0,0,0,0,0.8131525334824694,1.0,0.7884830947326543,1.0,1.4579980557728125,1.0,2.1534335261285507,1.0,179076.1975,665757.9449999998
2,5,10,185826.1900000004,666644.4800000004,0,78.95038333333333,0.0,860,0,0,0,1,0,0,0,0,0,0,0,0,-0.9975640502598242,-0.06975647374412558,2,5,5,186006.53000000023,666654.5600000005,0,27.850233333333332,0.0,2324,0,0,0,0,1,0,0,0,0,0,0,0,-0.9993908270190957,-0.03489949670250165,2,2,5,188671.91000000012,665610.4100000001,0,26.117383333333333,0.0,2324,0,0,0,0,1,0,0,0,0,0,0,0,0.0,1.0,1,1,6,188191.83000000007,666995.0500000007,0,12.80005,0.0,2324,0,0,0,0,1,0,0,0,0,0,0,0,-0.9876883405951378,0.15643446504023067,0,0,1,0,0,0,0,0,0,0,0,0,0,0,0,0,1,0,0,0,0,1,0,0,0,0,0,0,0,0,0,0,0,0,0,0,0,0,1,0,0,0,0,0,1,0,0,0,0,0,0,0,0,0,0,0,0,0,0,1,0,0,0,0,0,0,0,1,0,0,0,0,0,0,0,0,0,0,0,0,0,0,0,0,1,0,0,0,0,0,0,2,0,0,0,0,0,0,0,0,0,1.5176665088967645,1.0,1.3196264396837587,1.0,1.9328224033871826,1.0,1.276318462589824,1.0,187174.11500000022,666476.1250000005
1,0,10,183741.01999999955,652595.0,0,0.0,91.60304474537037,738,0,0,0,0,0,0,0,0,0,1,0,0,0.0,1.0,2,5,5,183175.83000000007,651137.1199999992,0,31.566083333333335,0.0,2324,0,0,0,0,1,0,0,0,0,0,0,0,0.4383711467890774,0.898794046299167,2,5,5,177578.2000000002,654901.7699999996,0,23.9184,0.0,2324,0,0,0,0,1,0,0,0,0,0,0,0,0.9743700647852352,-0.2249510543438648,2,5,5,180944.99000000025,653956.3399999999,0,6.932483333333334,0.0,2324,0,0,0,0,1,0,0,0,0,0,0,0,-0.48480962024633695,-0.8746197071393959,0,0,0,1,0,0,0,0,0,0,0,0,0,0,0,0,0,1,0,0,0,1,0,0,0,0,0,0,0,0,0,0,0,0,0,1,0,0,0,0,0,0,0,0,1,0,0,0,0,0,0,0,0,0,0,0,0,0,0,1,0,0,0,0,0,0,0,1,0,0,0,0,0,0,0,0,0,0,0,0,0,0,0,1,0,0,0,0,0,0,0,0,0,0,0,0,0,0,0,0,0,1.272427790962972,1.0,1.410267785862111,1.0,2.170191584089715,1.0,0.47322621433587,1.0,181360.01,653147.5574999996
1,5,5,181773.66999999995,664079.7899999991,0,21.815,0.0,2324,0,0,0,0,1,0,0,0,0,0,0,0,-0.13917310096006588,0.9902680687415703,2,5,5,182439.66000000012,664029.5800000001,0,11.448033333333333,0.0,2324,0,0,0,0,1,0,0,0,0,0,0,0,0.0,1.0,2,5,5,182562.58999999985,664910.8200000003,0,8.814616666666666,0.0,2324,0,0,0,0,1,0,0,0,0,0,0,0,-0.7313537016191701,-0.6819983600624989,2,5,5,182121.0599999996,664749.9199999999,0,5.747633333333333,0.0,2324,0,0,0,0,1,0,0,0,0,0,0,0,-0.9659258262890683,-0.25881904510252063,0,0,1,0,0,0,0,0,0,0,0,0,0,1,0,0,0,0,0,0,0,1,0,0,0,0,0,0,0,0,0,0,0,0,0,1,0,0,0,0,0,0,0,0,1,0,0,0,0,0,0,0,0,0,0,0,0,0,0,0,0,0,1,0,0,0,0,1,0,0,0,0,0,0,0,0,0,0,0,0,0,0,0,0,0,0,1,0,0,0,0,2,0,0,0,0,0,0,0,0,0,1.6564929766290697,1.0,1.3337919231906903,1.0,1.6544591602853393,1.0,0.9285545274793159,1.0,182224.24499999988,664442.5274999999
1,0,10,183741.01999999955,652595.0,0,0.0,88.81136822916666,738,0,0,0,0,0,0,0,0,0,1,0,0,0.0,1.0,2,5,8,183010.26999999955,650765.0399999991,0,33.103716666666664,0.0,649,0,0,0,0,0,0,1,0,0,0,0,0,-0.9563047559630354,0.2923717047227367,2,5,5,181925.98000000045,652152.2899999991,0,6.121533333333334,0.0,1353,0,0,0,0,0,0,0,1,0,0,0,0,-0.9743700647852351,-0.22495105434386525,2,5,5,181204.4299999997,654405.6899999995,0,5.005233333333333,0.0,1353,0,0,0,0,0,0,0,1,0,0,0,0,-0.45399049973954625,-0.8910065241883681,0,0,0,1,0,0,0,0,0,0,0,0,0,0,0,0,0,1,0,0,0,0,0,1,0,0,0,0,0,1,0,0,0,0,0,0,0,0,0,0,0,0,0,0,1,0,0,0,0,0,0,0,0,0,0,0,0,0,0,0,1,0,0,0,0,0,0,1,0,0,0,0,0,0,0,0,0,0,0,0,0,0,0,0,0,1,0,0,0,0,0,0,0,0,0,0,0,0,0,0,0,1.1209803067034323,1.0,1.5792853424500146,1.0,0.5581107999802277,1.0,2.025215112720266,1.0,182470.4249999998,652479.5049999994
2,0,10,178618.1799999997,665686.4600000009,0,0.0,53.99514425925926,1540,0,0,0,0,0,0,0,0,1,0,0,0,0.0,1.0,2,5,5,180759.9299999997,669918.5500000007,0,29.857666666666667,0.0,1353,0,0,0,0,0,0,0,1,0,0,0,0,0.17364817766693033,0.984807753012208,1,5,7,178747.70999999996,664222.6300000008,0,13.841016666666667,0.0,1353,0,0,0,0,0,0,0,1,0,0,0,0,-0.9510565162951536,0.30901699437494723,1,5,5,179957.2000000002,664126.8000000007,0,9.991033333333334,0.0,1353,0,0,0,0,0,0,0,1,0,0,0,0,0.01745240643728344,-0.9998476951563913,1,0,0,1,0,0,0,0,0,0,0,0,0,0,0,0,0,1,0,0,0,0,0,1,0,0,0,0,0,0,0,0,1,0,0,0,0,0,0,0,0,0,0,0,0,0,1,0,0,0,0,1,0,0,0,0,0,0,0,0,0,0,0,0,0,0,0,1,0,0,0,0,0,0,0,0,0,0,0,0,0,0,0,0,0,0,1,0,0,0,0,0,0,0,0,0,0,0,0,0,0,0.5880079887712225,1.0,2.545675445072008,0.0,1.1909371715892216,1.0,1.1813708241102117,1.0,239361.0066666665,887984.8133333344
2,0,10,179211.83999999985,663036.8800000008,0,0.0,156.04543001157407,1141,0,0,0,0,0,0,1,0,0,0,0,0,0.0,1.0,2,0,10,177424.86000000034,662262.4000000004,0,0.0,100.96592775462963,785,0,0,0,0,0,0,0,1,0,0,0,0,0.0,1.0,2,0,10,180636.83000000007,664833.2699999996,0,0.0,56.20347401620371,2205,0,0,0,0,1,0,0,0,0,0,0,0,0.0,1.0,2,0,10,178618.1799999997,665686.4600000009,0,0.0,53.91180736111111,1540,0,0,0,0,0,0,0,0,1,0,0,0,0.0,1.0,1,0,0,1,0,0,0,0,0,0,0,0,0,0,0,0,0,1,0,0,0,0,1,0,0,0,0,0,0,0,0,0,0,0,0,0,0,0,0,0,1,0,0,0,0,1,0,0,0,0,0,0,0,0,0,0,0,0,0,0,0,0,0,0,1,0,0,0,1,0,0,0,0,0,0,0,0,0,0,0,0,0,0,0,0,0,0,0,1,0,0,0,0,0,0,0,0,0,0,0,0,0.751696836863687,1.0,1.8177822430658588,1.0,1.491246530917764,1.0,1.400962812653242,1.0,178972.9275,663954.7525000004
2,0,10,179116.7000000002,665979.1099999994,0,0.0,54.90564131944444,1141,0,0,0,0,0,0,1,0,0,0,0,0,0.0,1.0,2,0,6,178693.75,665885.8900000006,0,0.0,53.74514364583333,1540,0,0,0,0,0,0,0,0,1,0,0,0,0.0,1.0,2,0,10,178678.98000000045,665826.8399999999,0,0.0,53.745143703703704,1540,0,0,0,0,0,0,0,0,1,0,0,0,0.0,1.0,1,5,6,179371.21999999974,662358.1699999999,0,30.006933333333333,0.0,2205,0,0,0,0,1,0,0,0,0,0,0,0,-0.01745240643728445,0.9998476951563913,1,0,0,1,0,0,0,0,0,0,0,0,0,0,0,0,0,1,0,0,0,0,1,0,0,0,0,0,0,0,0,0,0,0,0,0,0,0,0,0,1,0,0,0,0,1,0,0,0,0,0,0,0,0,0,0,0,0,0,0,0,0,0,0,1,0,1,0,0,0,0,0,1,0,0,0,0,0,0,0,0,0,0,0,0,0,0,0,0,0,0,2,0,0,0,0,0,0,0,0,0,1.0713846684925297,1.0,1.00149351157746,1.0,0.9451796727877884,1.0,2.9403661829370007,0.0,238620.2166666668,886683.3366666666
1,0,10,187492.6399999997,659382.8399999999,0,0.0,86.57848456018519,787,0,0,0,0,0,0,0,0,0,1,0,0,0.0,1.0,1,0,10,186028.3899999997,659304.3200000003,0,0.0,41.54275554398148,787,0,0,0,0,0,0,0,0,0,1,0,0,0.0,1.0,2,0,6,186351.3200000003,660157.3000000007,0,0.0,1.0243875115740741,2324,0,0,0,0,1,0,0,0,0,0,0,0,0.0,1.0,2,5,5,186980.41000000012,658608.6400000006,0,3.3845666666666667,0.0,2324,0,0,0,0,1,0,0,0,0,0,0,0,-0.20791169081775987,0.9781476007338056,0,0,0,1,0,0,0,0,0,0,0,0,0,0,0,0,0,1,0,0,0,0,1,0,0,0,0,0,0,0,0,0,0,0,0,0,0,0,0,0,1,0,0,0,0,1,0,0,0,0,0,0,0,0,0,0,0,0,0,0,0,0,0,0,1,0,0,1,0,0,0,0,0,0,0,0,0,0,0,0,0,0,0,1,0,0,0,0,0,0,0,0,0,0,0,0,0,0,0,0,0,1.39978456488245,1.0,1.2339665803872562,1.0,1.5665703489580476,1.0,1.4372247867679655,1.0,186713.18999999994,659363.2750000004
2,5,6,180770.3799999999,653800.0800000001,0,19.247683333333335,0.0,860,0,0,0,1,0,0,0,0,0,0,0,0,-0.891006524188368,0.45399049973954664,1,5,5,181242.6799999997,653088.25,0,13.54775,0.0,860,0,0,0,1,0,0,0,0,0,0,0,0,-0.9612616959383188,0.2756373558169994,2,2,6,181514.41000000012,652264.8499999996,0,10.047683333333334,0.0,860,0,0,0,1,0,0,0,0,0,0,0,0,-0.034899496702500823,0.9993908270190958,2,5,5,181510.34999999963,652417.0099999998,0,5.4476,0.0,860,0,0,0,1,0,0,0,0,0,0,0,0,-0.05233595624294437,0.9986295347545738,0,0,1,0,0,0,0,0,0,0,0,0,0,0,0,0,1,0,0,0,0,1,0,0,0,0,0,0,0,0,0,0,0,0,0,1,0,0,0,0,0,0,0,0,1,0,0,0,0,0,0,0,0,0,0,0,0,0,0,0,0,0,1,0,0,0,0,1,0,0,0,0,0,0,0,0,0,0,0,0,0,0,0,1,0,0,0,0,0,0,0,2,0,0,0,0,0,0,0,0,0,2.2613573763839985,1.0,0.4308513642349775,1.0,1.4861092811920151,1.0,1.1793797266110928,1.0,181259.45499999984,652892.5474999999
1,0,10,182134.7000000002,666640.9199999999,0,0.0,47.110957800925924,1353,0,0,0,0,0,0,0,1,0,0,0,0,0.0,1.0,1,0,10,182329.61000000036,665960.5199999996,0,0.0,42.33067962962963,2205,0,0,0,0,1,0,0,0,0,0,0,0,0.0,1.0,2,5,5,183123.4000000004,665776.8800000008,0,20.312466666666666,0.0,1366,0,0,0,0,0,0,0,0,1,0,0,0,-0.19080899537654472,-0.981627183447664,2,5,5,182891.48000000045,662896.3300000001,0,1.6119,0.0,1366,0,0,0,0,0,0,0,0,1,0,0,0,0.9612616959383189,0.27563735581699916,0,0,0,1,0,0,0,0,0,0,0,0,0,0,0,0,0,1,0,0,0,0,1,0,0,0,0,0,0,0,0,0,0,0,0,0,0,0,0,0,1,0,0,0,1,0,0,0,0,0,0,0,0,0,0,0,0,0,0,1,0,0,0,0,0,0,0,1,0,0,0,0,0,0,0,0,0,0,0,0,0,0,0,0,0,0,1,0,0,0,0,0,0,0,0,0,0,0,0,0,0,1.53318575738379,1.0,0.7668005400499672,1.0,0.7411741106184877,1.0,2.6534246099645133,0.0,243493.0633333338,887091.5500000002
2,0,10,186205.24000000025,659506.6899999995,0,0.0,132.9276906712963,790,0,0,0,0,0,0,0,0,0,0,1,0,0.0,1.0,1,0,10,187498.5599999996,659374.9499999993,0,0.0,86.03681086805555,787,0,0,0,0,0,0,0,0,0,1,0,0,0.0,1.0,1,0,10,187492.6399999997,659382.8399999999,0,0.0,86.03681104166667,787,0,0,0,0,0,0,0,0,0,1,0,0,0.0,1.0,1,0,10,187663.8200000003,659810.7899999991,0,0.0,84.2034660300926,1353,0,0,0,0,0,0,0,1,0,0,0,0,0.0,1.0,0,0,0,1,0,0,0,0,0,0,0,0,0,0,0,0,0,1,0,0,0,0,1,0,0,0,0,0,0,0,0,0,0,0,0,0,0,0,0,0,1,0,0,0,0,1,0,0,0,0,0,0,0,0,0,0,0,0,0,0,0,0,0,0,1,0,0,0,1,0,0,0,0,0,0,0,0,0,0,0,0,0,0,0,0,0,0,0,1,0,0,2,0,0,0,0,0,0,0,0,0,2.645308916202267,0.0,0.8327300443211061,1.0,0.8096298111942777,1.0,1.4023583937501467,1.0,249620.08666666658,879358.4233333325
1,0,10,188299.2199999997,659292.9600000009,0,0.0,156.63272417824075,738,0,0,0,0,0,0,0,0,0,1,0,0,0.0,1.0,1,0,10,188271.1200000001,659466.2799999993,0,0.0,156.63120766203704,738,0,0,0,0,0,0,0,0,0,1,0,0,0.0,1.0,1,0,10,189948.21,659628.6099999994,0,0.0,30.589911805555555,787,0,0,0,0,0,0,0,0,0,1,0,0,0.0,1.0,1,0,10,189613.1399999997,659628.6600000001,0,0.0,10.644934189814816,738,0,0,0,0,0,0,0,0,0,1,0,0,0.0,1.0,0,0,0,1,0,0,0,0,0,0,0,0,0,0,0,0,0,1,0,0,0,0,1,0,0,0,0,0,0,0,0,0,0,0,0,0,0,0,0,0,1,0,0,0,0,1,0,0,0,0,0,0,0,0,0,0,0,0,0,0,0,0,0,0,1,0,0,0,1,0,0,0,0,0,0,0,0,0,0,0,0,0,0,0,0,0,0,0,1,0,0,2,0,0,0,0,0,0,0,0,0,1.7043745064984182,1.0,1.7027135215680989,1.0,2.062059953209978,1.0,1.324751183077591,1.0,189032.92249999987,659504.1275
2,5,6,186037.3700000001,664517.5500000007,0,5.758333333333334,0.0,787,0,0,0,0,0,0,0,0,0,1,0,0,-0.8829475928589271,0.4694715627858904,2,5,5,185656.0,663718.2400000002,0,14.123616666666667,0.0,395,0,0,0,1,0,0,0,0,0,0,0,0,-0.8910065241883678,-0.4539904997395469,1,5,5,185709.6900000004,665503.0700000003,0,31.945316666666667,0.0,860,0,0,0,1,0,0,0,0,0,0,0,0,-0.587785252292473,-0.8090169943749475,2,5,6,185986.8700000001,663918.2599999998,0,21.9796,0.0,860,0,0,0,1,0,0,0,0,0,0,0,0,0.13917310096006544,0.9902680687415704,0,0,1,0,0,0,0,0,0,0,0,0,0,1,0,0,0,0,0,0,0,1,0,0,0,0,0,0,0,0,0,0,0,0,0,0,1,0,0,0,0,0,0,0,1,0,0,0,0,0,0,0,0,0,0,0,0,0,0,1,0,0,0,0,0,0,0,1,0,0,0,0,0,0,0,0,0,0,0,0,0,0,0,1,0,0,0,0,0,0,0,2,0,0,0,0,0,0,0,0,0,0.5022695145347021,1.0,1.6774607346279704,1.0,2.550179674974391,0.0,1.1972358576029705,1.0,247796.64333333354,885885.706666667
2,0,6,175881.0700000003,659144.1699999999,0,0.0,2.286832847222222,1540,0,0,0,0,0,0,0,0,1,0,0,0,0.0,1.0,2,0,7,175873.61000000034,659035.5199999996,0,0.0,2.2868328703703704,1540,0,0,0,0,0,0,0,0,1,0,0,0,0.0,1.0,2,0,6,175876.00999999978,658912.0899999999,0,0.0,2.286832951388889,1540,0,0,0,0,0,0,0,0,1,0,0,0,0.0,1.0,2,0,6,176533.04000000004,658207.4299999997,0,773.0063,0.0,1295,0,0,0,0,0,1,0,0,0,0,0,0,0.0,1.0,0,0,0,1,0,0,0,0,0,0,0,0,0,0,0,0,0,1,0,0,0,0,1,0,0,0,0,0,0,0,0,0,0,0,0,0,0,0,0,0,1,0,0,0,0,1,0,0,0,0,0,0,0,0,0,0,0,0,0,0,0,0,0,0,1,0,0,0,1,0,0,0,0,0,0,0,0,0,0,0,0,0,0,0,0,0,0,0,1,0,0,3,0,0,0,0,0,0,0,0,0,1.0990623660972902,1.0,0.8280273556933915,1.0,0.574228335788502,1.0,2.429597830305594,1.0,176040.9325000001,658824.8024999998
1,0,10,188299.2199999997,659292.9600000009,0,0.0,158.84105915509258,738,0,0,0,0,0,0,0,0,0,1,0,0,0.0,1.0,1,0,10,188271.1200000001,659466.2799999993,0,0.0,158.83954261574075,738,0,0,0,0,0,0,0,0,0,1,0,0,0.0,1.0,1,0,10,189613.1399999997,659628.6600000001,0,0.0,12.853269224537037,738,0,0,0,0,0,0,0,0,0,1,0,0,0.0,1.0,1,0,6,190137.86000000036,659584.3200000003,0,0.0,1.635688263888889,134,0,0,0,0,0,0,0,0,0,0,0,1,0.0,1.0,0,0,0,1,0,0,0,0,0,0,0,0,0,0,0,0,0,1,0,0,0,0,1,0,0,0,0,0,0,0,0,0,0,0,0,0,0,0,0,0,1,0,0,0,0,1,0,0,0,0,0,0,0,0,0,0,0,0,0,0,0,0,0,0,1,0,0,0,1,0,0,0,0,0,0,0,0,0,0,0,0,0,0,0,0,0,0,0,1,0,0,2,0,0,0,0,0,0,0,0,0,1.7039044448960634,1.0,1.710922777490035,1.0,1.161786491826486,1.0,2.2430078802138183,1.0,189080.33499999996,659493.0550000002
2,0,10,186290.9000000004,659876.8599999994,0,0.0,130.594365,790,0,0,0,0,0,0,0,0,0,0,1,0,0.0,1.0,2,0,10,186255.74000000025,659726.9600000009,0,0.0,130.59435351851852,790,0,0,0,0,0,0,0,0,0,0,1,0,0.0,1.0,2,0,8,186255.74000000025,659726.9600000009,0,0.0,130.5943535300926,790,0,0,0,0,0,0,0,0,0,0,1,0,0.0,1.0,1,0,10,186004.1399999997,659312.2799999993,0,0.0,38.66775648148148,787,0,0,0,0,0,0,0,0,0,1,0,0,0.0,1.0,0,0,0,1,0,0,0,0,0,0,0,0,0,0,0,0,0,1,0,0,0,0,1,0,0,0,0,0,0,0,0,0,0,0,0,0,0,0,0,0,1,0,0,0,0,1,0,0,0,0,0,0,0,0,0,0,0,0,0,0,0,0,0,0,1,0,0,0,1,0,0,0,0,0,0,0,0,0,0,0,0,0,0,0,0,0,0,0,1,0,0,3,0,0,0,0,0,0,0,0,0,1.4378465080532812,1.0,0.5257775580600829,1.0,0.5257775580600829,1.0,2.463287058993095,1.0,186201.63000000015,659660.7650000001
2,0,10,177965.59999999963,658892.7699999996,0,0.0,88.76048090277777,1540,0,0,0,0,0,0,0,0,1,0,0,0,0.0,1.0,1,0,10,179004.88999999966,658838.9399999995,0,0.0,52.437645243055556,142,1,0,0,0,0,0,0,0,0,0,0,0,0.0,1.0,2,5,5,178577.58000000007,657898.0800000001,0,4.711116666666666,0.0,2205,0,0,0,0,1,0,0,0,0,0,0,0,-0.9848077530122081,0.17364817766692997,2,5,5,178257.01999999955,656922.1099999994,0,13.942183333333332,0.0,1295,0,0,0,0,0,1,0,0,0,0,0,0,-0.9945218953682734,0.10452846326765299,0,0,0,1,0,0,0,0,0,0,0,0,0,0,0,0,0,1,0,0,0,0,1,0,0,0,0,0,0,0,0,0,0,0,0,0,0,0,0,0,1,0,0,0,1,0,0,0,0,0,0,0,0,0,0,0,0,0,0,1,0,0,0,0,0,0,0,1,0,0,0,0,0,0,0,0,0,0,0,0,0,0,0,0,0,1,0,0,0,0,0,0,0,0,0,0,0,0,0,0,0,1.5062371091677533,1.0,1.4989753568084083,1.0,0.4549760531060226,1.0,2.0663023583008875,1.0,178451.27249999973,658137.9749999996
2,0,8,191283.08999999985,675529.3599999994,0,0.0,1.6454099421296295,1295,0,0,0,0,0,1,0,0,0,0,0,0,0.0,1.0,2,0,8,191283.08999999985,675529.3599999994,0,0.0,1.6454099421296295,1295,0,0,0,0,0,1,0,0,0,0,0,0,0.0,1.0,2,0,8,191283.08999999985,675529.3599999994,0,0.0,1.6454099421296295,1295,0,0,0,0,0,1,0,0,0,0,0,0,0.0,1.0,2,0,6,191370.46,675506.0700000003,0,0.0,1.645410775462963,1295,0,0,0,0,0,1,0,0,0,0,0,0,0.0,1.0,0,0,0,1,0,0,0,0,0,0,0,0,0,0,0,0,0,1,0,0,0,0,1,0,0,0,0,0,0,0,0,0,0,0,0,0,0,0,0,0,1,0,0,0,0,1,0,0,0,0,0,0,0,0,0,0,0,0,0,0,0,0,0,0,1,0,0,0,1,0,0,0,0,0,0,0,0,0,0,0,0,0,0,0,0,0,0,0,1,0,0,4,0,0,0,0,0,0,0,0,0,0.9435123231550223,1.0,0.9435123231550223,1.0,0.9435123231550223,1.0,2.830536969466241,0.0,255073.24333333317,900698.0499999995
2,0,10,178678.98000000045,665826.8399999999,0,0.0,55.78681128472222,1540,0,0,0,0,0,0,0,0,1,0,0,0,0.0,1.0,2,5,5,179496.1900000004,666500.3100000005,0,21.64155,0.0,1295,0,0,0,0,0,1,0,0,0,0,0,0,-0.13917310096006552,-0.9902680687415703,1,5,6,177232.48000000045,662310.0299999993,0,16.291616666666666,0.0,1295,0,0,0,0,0,1,0,0,0,0,0,0,-0.6018150231520483,0.7986355100472928,2,5,5,180661.4699999997,667385.0399999991,0,6.308233333333333,0.0,1295,0,0,0,0,0,1,0,0,0,0,0,0,0.13917310096006574,-0.9902680687415703,1,0,0,1,0,0,0,0,0,0,0,0,0,0,0,0,0,1,0,0,0,1,0,0,0,0,0,0,0,0,0,0,0,0,0,0,0,0,1,0,0,0,0,0,1,0,0,0,0,0,0,0,0,0,0,0,0,0,0,1,0,0,0,0,0,0,0,1,0,0,0,0,0,0,0,0,0,0,0,0,0,0,0,0,1,0,0,0,0,0,0,0,0,0,0,0,0,0,0,0,0,0.2939668895163081,1.0,0.6956340887383271,1.0,2.3062171771226225,1.0,1.5734217008797247,1.0,179017.28000000026,665505.5549999997
2,0,6,180689.86000000036,657504.1899999995,0,953.0054333333334,0.0,1295,0,0,0,0,0,1,0,0,0,0,0,0,0.0,1.0,2,0,6,178337.98000000045,659866.5500000007,0,953.0054666666666,0.0,1295,0,0,0,0,0,1,0,0,0,0,0,0,0.0,1.0,2,0,6,180753.25999999975,657528.2400000002,0,953.0054833333334,0.0,1295,0,0,0,0,0,1,0,0,0,0,0,0,0.0,1.0,2,0,6,177967.1900000004,658911.2799999993,0,953.00555,0.0,1295,0,0,0,0,0,1,0,0,0,0,0,0,0.0,1.0,0,0,0,1,0,0,0,0,0,0,0,0,0,0,0,0,0,1,0,0,0,0,1,0,0,0,0,0,0,0,0,0,0,0,0,0,0,0,0,0,1,0,0,0,0,1,0,0,0,0,0,0,0,0,0,0,0,0,0,0,0,0,0,0,1,0,0,0,1,0,0,0,0,0,0,0,0,0,0,0,0,0,0,0,0,0,0,0,1,0,0,0,0,0,0,0,0,0,0,0,0,1.3742153702316615,1.0,1.566309196010091,1.0,1.4066272277661946,1.0,1.346688596053949,1.0,179437.07250000024,658452.565
2,0,10,177408.16000000015,662268.3399999999,0,0.0,100.07483252314815,2205,0,0,0,0,1,0,0,0,0,0,0,0,0.0,1.0,2,0,6,177405.6900000004,662240.8399999999,0,0.0,100.0748325925926,2205,0,0,0,0,1,0,0,0,0,0,0,0,0.0,1.0,2,0,10,178618.1799999997,665686.4600000009,0,0.0,55.78681173611111,1540,0,0,0,0,0,0,0,0,1,0,0,0,0.0,1.0,1,0,6,179719.23000000045,665936.1300000008,0,0.0,12.745168229166667,1366,0,0,0,0,0,0,0,0,1,0,0,0,0.0,1.0,1,0,0,1,0,0,0,0,0,0,0,0,0,0,0,0,0,1,0,0,0,0,1,0,0,0,0,0,0,0,0,0,0,0,0,0,0,0,0,0,1,0,0,0,0,1,0,0,0,0,0,0,0,0,0,0,0,0,0,0,0,0,0,0,1,0,0,0,1,0,0,0,0,0,0,0,0,0,0,0,0,0,0,0,0,0,0,0,1,0,0,2,0,0,0,0,0,0,0,0,0,1.4372902680061472,1.0,1.4560527751901973,1.0,1.2291679898423138,1.0,1.7359428749740082,1.0,178287.81500000018,664032.9425000004
6,5,6,188597.28000000023,692300.4199999999,0,43.725833333333334,0.0,785,0,0,0,0,0,0,0,1,0,0,0,0,-0.992546151641322,0.12186934340514768,20,0,8,188280.00999999975,692197.3800000008,0,35.12466666666667,0.0,785,0,0,0,0,0,0,0,1,0,0,0,0,-0.01745240643728445,0.9998476951563913,2,5,6,187734.48000000045,694114.6699999999,0,30.557883333333333,0.0,785,0,0,0,0,0,0,0,1,0,0,0,0,0.374606593415912,0.9271838545667874,2,5,5,187749.2000000002,692403.8800000008,0,3.5582666666666665,0.0,785,0,0,0,0,0,0,0,1,0,0,0,0,0.9902680687415704,-0.13917310096006535,0,0,1,0,0,0,0,0,0,0,0,0,0,1,0,0,0,0,0,0,0,1,0,0,0,0,0,0,0,0,0,0,0,0,0,0,0,1,0,0,0,0,0,0,1,0,0,0,0,0,0,0,0,0,0,0,0,0,0,1,0,0,0,0,0,0,1,0,0,0,0,1,0,0,0,0,0,0,0,0,0,0,0,0,0,0,0,0,0,0,0,0,0,0,0,0,0,0,0,0,0,1.1781578266850732,1.0,1.0184894247419873,1.0,2.435259181949385,1.0,0.8464817947702106,1.0,188090.24250000017,692754.0875000004
2,0,10,177363.59999999963,661768.3800000008,0,0.0,102.96593094907408,785,0,0,0,0,0,0,0,1,0,0,0,0,0.0,1.0,2,0,10,178693.75,665885.8900000006,0,0.0,55.911810625,1540,0,0,0,0,0,0,0,0,1,0,0,0,0.0,1.0,1,5,6,177990.8700000001,663681.2300000004,0,30.573883333333335,0.0,649,0,0,0,0,0,0,1,0,0,0,0,0,0.984807753012208,0.17364817766693041,1,3,5,180358.41999999995,665088.5999999996,0,9.540566666666667,0.0,649,0,0,0,0,0,0,1,0,0,0,0,0,-0.9975640502598242,-0.06975647374412558,1,0,0,1,0,0,0,0,0,0,0,0,0,0,0,0,0,1,0,0,0,0,1,0,0,0,0,0,0,0,0,0,0,0,0,0,0,0,0,0,1,0,0,0,1,0,0,0,0,0,0,0,0,0,0,0,0,0,0,0,0,0,1,0,0,0,0,1,0,0,0,0,0,0,0,0,0,0,0,0,0,0,0,0,0,1,0,0,0,0,0,0,0,0,0,0,0,0,0,0,0,1.9728809002390113,1.0,1.3292321394574753,1.0,0.5548786602345115,1.0,1.501238528118663,1.0,178601.65999999992,664106.0250000004
1,0,10,179078.8099999996,645173.0500000007,0,0.0,8.786801238425927,1366,0,0,0,0,0,0,0,0,1,0,0,0,0.0,1.0,1,0,6,179078.8099999996,645173.0500000007,0,0.0,8.786801597222222,1366,0,0,0,0,0,0,0,0,1,0,0,0,0.0,1.0,1,0,10,178853.0599999996,645047.1500000004,0,0.0,8.786801909722222,1366,0,0,0,0,0,0,0,0,1,0,0,0,0.0,1.0,1,0,10,179030.88999999966,644755.5,0,0.0,3.856766539351852,1353,0,0,0,0,0,0,0,1,0,0,0,0,0.0,1.0,0,0,0,1,0,0,0,0,0,0,0,0,0,0,0,0,0,1,0,0,0,0,1,0,0,0,0,0,0,0,0,0,0,0,0,0,0,0,0,0,1,0,0,0,0,1,0,0,0,0,0,0,0,0,0,0,0,0,0,0,0,0,0,0,1,0,0,0,1,0,0,0,0,0,0,0,0,0,0,0,0,0,0,0,0,0,0,0,1,0,0,0,0,0,0,0,0,0,0,0,0,1.1546764097727507,1.0,1.1546764097727507,1.0,1.1966578517029682,1.0,2.1438626561406506,1.0,179010.3924999996,645037.1875000005
1,0,10,182134.7000000002,666640.9199999999,0,0.0,53.77761081018519,1353,0,0,0,0,0,0,0,1,0,0,0,0,0.0,1.0,2,5,8,183955.6200000001,663473.3800000008,0,15.459383333333333,0.0,2205,0,0,0,0,1,0,0,0,0,0,0,0,-0.034899496702500823,0.9993908270190958,2,5,5,185919.6799999997,662267.2100000009,0,10.092716666666666,0.0,2205,0,0,0,0,1,0,0,0,0,0,0,0,0.8480480961564261,0.5299192642332049,2,5,5,182814.71,666257.2100000009,0,2.876116666666667,0.0,2205,0,0,0,0,1,0,0,0,0,0,0,0,-0.9563047559630353,-0.2923717047227371,0,0,0,1,0,0,0,0,0,0,0,0,0,0,0,0,0,1,0,0,0,0,0,1,0,0,0,0,0,0,0,0,0,0,0,0,0,0,0,0,0,0,1,0,0,0,1,0,0,0,0,1,0,0,0,0,0,0,0,0,0,0,0,0,0,0,0,1,0,0,0,0,0,0,0,0,0,0,0,0,0,0,0,0,0,0,1,0,0,0,0,0,0,0,0,0,0,0,0,0,0,1.5426358369093598,1.0,0.7394983936090451,1.0,1.9883006364260987,1.0,1.1159996589992216,1.0,183706.1775,664659.6800000006
2,5,5,189406.3200000003,666313.3499999996,0,29.430516666666666,0.0,1366,0,0,0,0,0,0,0,0,1,0,0,0,0.4694715627858911,-0.8829475928589268,2,5,8,186489.6500000004,666616.25,0,13.0137,0.0,1366,0,0,0,0,0,0,0,0,1,0,0,0,0.9945218953682734,-0.10452846326765333,2,5,6,189334.61000000036,664218.3100000005,0,8.44705,0.0,1366,0,0,0,0,0,0,0,0,1,0,0,0,-0.10452846326765342,0.9945218953682733,2,5,5,188685.09999999963,667227.0500000007,0,2.547083333333333,0.0,1366,0,0,0,0,0,0,0,0,1,0,0,0,0.984807753012208,-0.1736481776669303,0,0,1,0,0,0,0,0,0,0,0,0,0,1,0,0,0,0,0,0,0,1,0,0,0,0,0,0,0,0,0,0,0,0,0,1,0,0,0,0,0,0,0,0,1,0,0,0,0,0,0,0,0,0,0,0,0,0,0,0,0,1,0,0,0,0,0,1,0,0,0,0,0,0,0,0,0,0,0,0,0,0,0,0,1,0,0,0,0,0,0,0,0,0,0,0,0,0,0,0,0,0.8237026214060493,1.0,1.7776121636406794,1.0,1.7816482380546972,1.0,0.9955781089714981,1.0,188478.92000000016,666093.7400000002
2,0,10,186205.24000000025,659506.6899999995,0,0.0,139.55269240740742,790,0,0,0,0,0,0,0,0,0,0,1,0,0.0,1.0,1,0,10,187663.8200000003,659810.7899999991,0,0.0,90.82846769675926,1353,0,0,0,0,0,0,0,1,0,0,0,0,0.0,1.0,1,0,6,186243.86000000036,659905.7599999998,0,0.0,4.793664398148148,1353,0,0,0,0,0,0,0,1,0,0,0,0,0.0,1.0,2,0,8,186304.66000000012,659894.9900000002,0,0.0,4.130794236111111,860,0,0,0,1,0,0,0,0,0,0,0,0,0.0,1.0,0,0,0,1,0,0,0,0,0,0,0,0,0,0,0,0,0,1,0,0,0,0,1,0,0,0,0,0,0,0,0,0,0,0,0,0,0,0,0,0,1,0,0,0,0,1,0,0,0,0,0,0,0,0,0,0,0,0,0,0,0,0,0,0,1,0,0,0,1,0,0,0,0,0,0,0,0,0,0,0,0,0,0,0,0,0,0,0,1,0,0,0,0,0,0,0,0,0,0,0,0,1.248636925272468,1.0,2.7370962401737353,0.0,0.9864556016154844,1.0,0.8294666733794431,1.0,248805.86000000034,879706.0766666662
1,0,10,188285.58999999985,659377.2899999991,0,0.0,159.30634850694443,738,0,0,0,0,0,0,0,0,0,1,0,0,0.0,1.0,1,0,10,188285.58999999985,659377.2899999991,0,0.0,159.30634850694443,738,0,0,0,0,0,0,0,0,0,1,0,0,0.0,1.0,1,0,10,189613.1399999997,659628.6600000001,0,0.0,13.519935023148149,738,0,0,0,0,0,0,0,0,0,1,0,0,0.0,1.0,1,0,6,190137.86000000036,659584.3200000003,0,0.0,2.3023540625,134,0,0,0,0,0,0,0,0,0,0,0,1,0.0,1.0,0,0,0,1,0,0,0,0,0,0,0,0,0,0,0,0,0,1,0,0,0,0,1,0,0,0,0,0,0,0,0,0,0,0,0,0,0,0,0,0,1,0,0,0,0,1,0,0,0,0,0,0,0,0,0,0,0,0,0,0,0,0,0,0,1,0,0,0,1,0,0,0,0,0,0,0,0,0,0,0,0,0,0,0,0,0,0,0,1,0,0,2,0,0,0,0,0,0,0,0,0,1.7235800681683877,1.0,1.7235800681683877,1.0,1.1800138561562976,1.0,2.2776134102157957,1.0,189080.54499999993,659491.8899999997
2,0,10,179055.76999999955,663114.8699999992,0,0.0,154.98870680555555,1141,0,0,0,0,0,0,1,0,0,0,0,0,0.0,1.0,17,0,10,178491.23000000045,663020.3100000005,0,0.0,69.6097716087963,790,0,0,0,0,0,0,0,0,0,0,1,0,0.0,1.0,1,0,6,176901.25999999978,661672.7599999998,0,893.0377833333333,0.0,790,0,0,0,0,0,0,0,0,0,0,1,0,0.0,1.0,2,4,5,180004.8099999996,661596.4900000002,0,9.321133333333334,0.0,1000,0,0,0,0,0,1,0,0,0,0,0,0,1.0,6.123233995736766e-17,1,0,0,1,0,0,0,0,0,0,0,0,0,0,0,0,0,1,0,0,0,0,1,0,0,0,0,0,0,0,0,0,0,0,0,0,0,0,0,0,1,0,0,0,0,1,0,0,0,0,0,0,0,0,0,0,0,0,0,0,0,0,0,0,1,0,0,1,0,0,0,0,0,0,0,0,0,0,0,0,0,0,0,0,0,0,1,0,0,0,0,0,0,0,0,0,0,0,0,0,0,0.9571066926194444,1.0,0.7375877544871136,1.0,1.996751647075196,1.0,1.7164401134774858,1.0,178613.26749999984,662351.1074999999
2,0,10,177334.5,661514.4299999997,0,0.0,103.47289903935186,785,0,0,0,0,0,0,0,1,0,0,0,0,0.0,1.0,2,0,10,177334.5,661514.4299999997,0,0.0,103.47289903935186,785,0,0,0,0,0,0,0,1,0,0,0,0,0.0,1.0,2,0,10,178747.04000000004,666085.1899999995,0,0.0,56.41876709490741,1540,0,0,0,0,0,0,0,0,1,0,0,0,0.0,1.0,2,0,10,178747.04000000004,666085.1899999995,0,0.0,56.41876709490741,1540,0,0,0,0,0,0,0,0,1,0,0,0,0.0,1.0,1,0,0,1,0,0,0,0,0,0,0,0,0,0,0,0,0,1,0,0,0,0,1,0,0,0,0,0,0,0,0,0,0,0,0,0,0,0,0,0,1,0,0,0,0,1,0,0,0,0,0,0,0,0,0,0,0,0,0,0,0,0,0,0,1,0,0,0,1,0,0,0,0,0,0,0,0,0,0,0,0,0,0,0,0,0,0,0,1,0,0,2,2,0,0,0,0,0,0,0,0,1.5991336221269399,1.0,1.5991336221269399,1.0,1.5991336221269399,1.0,1.5991336221269399,1.0,178040.77000000002,663799.8099999996
1,0,6,179062.41999999993,665885.5,0,0.0,58.03682771990741,1366,0,0,0,0,0,0,0,0,1,0,0,0,0.0,1.0,2,0,10,178547.0,665523.4900000002,0,0.0,56.078494444444445,1540,0,0,0,0,0,0,0,0,1,0,0,0,0.0,1.0,2,0,6,180344.96,664164.5899999999,0,0.0,9.95347130787037,787,0,0,0,0,0,0,0,0,0,1,0,0,0.0,1.0,2,5,5,177234.6200000001,662710.5700000003,0,2.1153166666666667,0.0,1366,0,0,0,0,0,0,0,0,1,0,0,0,-0.5150380749100542,-0.8571673007021123,1,0,0,1,0,0,0,0,0,0,0,0,0,0,0,0,0,1,0,0,0,0,1,0,0,0,0,0,0,0,0,0,0,0,0,0,0,0,0,0,1,0,0,0,0,1,0,0,0,0,0,0,0,0,0,0,0,0,0,0,0,0,0,0,1,0,0,1,0,0,0,0,0,0,0,0,0,0,0,0,0,0,0,0,0,0,1,0,0,0,0,0,0,0,0,0,0,0,0,0,0,1.1335849986008202,1.0,0.8324975611662075,1.0,1.3527430070211226,1.0,2.053931288767051,1.0,178797.25,664571.0375000001
1,0,10,186028.3899999997,659304.3200000003,0,0.0,40.70941482638889,787,0,0,0,0,0,0,0,0,0,1,0,0,0.0,1.0,20,0,6,187270.0,659512.6500000004,0,0.0,1.7451671875,787,0,0,0,0,0,0,0,0,0,1,0,0,0.0,1.0,20,0,6,187301.4000000004,659492.1300000008,0,0.0,1.7451671875,787,0,0,0,0,0,0,0,0,0,1,0,0,0.0,1.0,2,0,6,186351.3200000003,660157.3000000007,0,275.10738333333336,0.0,2324,0,0,0,0,1,0,0,0,0,0,0,0,0.0,1.0,0,0,0,1,0,0,0,0,0,0,0,0,0,0,0,0,0,1,0,0,0,0,1,0,0,0,0,0,0,0,0,0,0,0,0,0,0,0,0,0,1,0,0,0,0,1,0,0,0,0,0,0,0,0,0,0,0,0,0,0,0,0,0,0,1,0,0,0,1,0,0,0,0,0,0,0,0,0,0,0,0,0,0,0,0,0,0,0,1,0,0,0,0,0,0,0,0,0,0,0,0,1.7568361931770404,1.0,1.2291567913905075,1.0,1.3083171608927515,1.0,1.5064377265690412,1.0,186737.77750000008,659616.6000000006
2,0,10,179182.24000000022,665961.1099999994,0,0.0,57.44730805555555,1141,0,0,0,0,0,0,1,0,0,0,0,0,0.0,1.0,2,0,10,178678.98000000045,665826.8399999999,0,0.0,56.28681033564815,1540,0,0,0,0,0,0,0,0,1,0,0,0,0.0,1.0,2,0,6,182782.2999999998,668239.7599999998,0,773.0069,0.0,1295,0,0,0,0,0,1,0,0,0,0,0,0,0.0,1.0,2,5,5,178160.75999999978,665197.7100000009,0,31.35695,0.0,101,0,0,0,0,0,0,0,0,0,0,0,1,-0.20791169081775907,-0.9781476007338057,1,0,0,1,0,0,0,0,0,0,0,0,0,0,0,0,0,1,0,0,0,0,1,0,0,0,0,0,0,0,0,0,0,0,0,0,0,0,0,0,1,0,0,0,0,1,0,0,0,0,0,0,0,0,0,0,0,0,0,0,0,0,0,0,1,0,0,1,0,0,0,0,0,0,0,0,0,0,0,0,0,0,0,1,0,0,0,0,0,0,0,0,0,0,0,0,0,0,0,0,0,0.4199332063844463,1.0,0.7607464396730046,1.0,2.4511270287464386,1.0,1.278801682107522,1.0,179701.07000000007,666306.355
1,0,6,179275.6900000004,645032.3599999994,0,0.0,2.1617978703703704,1366,0,0,0,0,0,0,0,0,1,0,0,0,0.0,1.0,1,0,8,179078.8099999996,645173.0500000007,0,0.0,2.1617982175925925,1366,0,0,0,0,0,0,0,0,1,0,0,0,0.0,1.0,1,0,6,179078.8099999996,645173.0500000007,0,0.0,2.1617984259259257,1366,0,0,0,0,0,0,0,0,1,0,0,0,0.0,1.0,2,5,5,181834.79000000004,645829.8900000006,0,6.2231,0.0,170,0,0,0,0,0,0,0,0,0,0,1,0,0.40673664307580043,-0.9135454576426008,0,0,0,1,0,0,0,0,0,0,0,0,0,0,0,0,0,1,0,0,0,0,1,0,0,0,0,0,0,0,0,0,0,0,0,0,0,0,0,0,1,0,0,0,0,1,0,0,0,0,0,0,0,0,0,0,0,0,0,0,0,0,0,0,1,0,0,1,0,0,0,0,0,0,0,0,0,0,0,0,0,0,0,0,1,0,0,0,0,0,0,0,0,0,0,0,0,0,0,0,0,0.8185184054514275,1.0,1.0142076602690298,1.0,1.0142076602690298,1.0,2.8226098903061545,0.0,239756.0333333332,860402.7833333338
2,0,10,186260.91999999995,659751.1099999994,0,0.0,132.84437311342592,790,0,0,0,0,0,0,0,0,0,0,1,0,0.0,1.0,20,0,6,187249.4699999997,659502.8599999994,0,0.0,1.953516701388889,787,0,0,0,0,0,0,0,0,0,1,0,0,0.0,1.0,1,0,6,187301.4000000004,659492.1300000008,0,0.0,1.953516701388889,787,0,0,0,0,0,0,0,0,0,1,0,0,0.0,1.0,20,0,6,187244.58999999985,659513.1899999995,0,0.0,1.9535167361111112,787,0,0,0,0,0,0,0,0,0,1,0,0,0.0,1.0,0,0,0,1,0,0,0,0,0,0,0,0,0,0,0,0,0,1,0,0,0,0,1,0,0,0,0,0,0,0,0,0,0,0,0,0,0,0,0,0,1,0,0,0,0,1,0,0,0,0,0,0,0,0,0,0,0,0,0,0,0,0,0,0,1,0,0,0,1,0,0,0,0,0,0,0,0,0,0,0,0,0,0,0,0,0,0,0,1,0,0,0,0,0,0,0,0,0,0,0,0,2.8565310299323023,0.0,0.8961067362111726,1.0,1.091105864924543,1.0,0.8696463963089686,1.0,249352.12666666662,879419.7633333331
1,0,9,180759.6799999997,661531.8699999992,0,0.0,24.906036145833333,1141,0,0,0,0,0,0,1,0,0,0,0,0,0.0,1.0,1,0,10,180468.24000000025,661860.9900000002,0,0.0,11.86446212962963,649,0,0,0,0,0,0,1,0,0,0,0,0,0.0,1.0,2,5,5,178478.74000000022,663105.8499999996,0,27.1088,0.0,2205,0,0,0,0,1,0,0,0,0,0,0,0,-0.17364817766693127,0.9848077530122079,1,5,7,179173.54000000004,666720.8699999992,0,12.8921,0.0,2205,0,0,0,0,1,0,0,0,0,0,0,0,0.15643446504023087,0.9876883405951378,1,0,0,1,0,0,0,0,0,0,0,0,0,0,0,0,0,1,0,0,0,0,1,0,0,0,0,0,0,0,0,0,0,0,0,0,0,0,0,0,1,0,0,0,1,0,0,0,0,0,0,0,0,0,0,0,0,0,0,0,0,0,1,0,0,0,0,0,0,1,0,0,0,0,0,1,0,0,0,0,0,0,0,0,0,0,0,0,0,0,0,0,0,0,0,0,0,0,0,0,0,1.3745904230038524,1.0,1.0876080563744868,1.0,0.8407780585652087,1.0,2.3136150314340402,1.0,179720.05000000005,663304.8949999996
2,0,6,177395.46999999974,662145.5199999996,0,0.0,100.94984739583333,2205,0,0,0,0,1,0,0,0,0,0,0,0,0.0,1.0,17,0,10,178733.74000000022,662995.6600000001,0,0.0,71.44311123842593,790,0,0,0,0,0,0,0,0,0,0,1,0,0.0,1.0,2,5,5,184160.8700000001,668228.2200000007,0,12.230266666666667,0.0,860,0,0,0,1,0,0,0,0,0,0,0,0,0.9902680687415704,-0.13917310096006535,2,5,5,183082.08999999985,669644.7400000002,0,6.596916666666667,0.0,860,0,0,0,1,0,0,0,0,0,0,0,0,-0.5299192642332048,-0.8480480961564261,1,0,0,1,0,0,0,0,0,0,0,0,0,0,0,0,0,1,0,0,0,0,1,0,0,0,0,0,0,0,0,0,0,0,0,0,0,0,0,0,1,0,0,0,1,0,0,0,0,0,0,0,0,0,0,0,0,0,0,0,0,0,1,0,0,0,0,1,0,0,0,0,0,0,0,0,0,0,0,0,0,0,0,0,1,0,0,0,0,0,0,0,0,0,0,0,0,0,0,0,0,1.6415010849853169,1.0,1.142075744983797,1.0,1.3614927652233293,1.0,1.4767265644712277,1.0,180843.04249999998,665753.5350000001
1,0,10,186647.59999999963,695230.3699999992,0,0.0,27.96068888888889,738,0,0,0,0,0,0,0,0,0,1,0,0,0.0,1.0,2,5,5,187048.01999999955,688166.3599999994,0,28.675183333333333,0.0,1366,0,0,0,0,0,0,0,0,1,0,0,0,-0.9945218953682734,0.10452846326765299,2,5,5,186840.11000000036,688220.7100000009,0,27.175833333333333,0.0,1366,0,0,0,0,0,0,0,0,1,0,0,0,-0.9659258262890682,0.25881904510252113,2,5,6,186876.6200000001,686770.6500000004,0,26.5759,0.0,1366,0,0,0,0,0,0,0,0,1,0,0,0,-0.5446390350150271,-0.838670567945424,0,0,0,1,0,0,0,0,0,0,0,0,0,0,0,0,0,1,0,0,0,1,0,0,0,0,0,0,0,0,0,0,0,0,0,0,1,0,0,0,0,0,0,0,1,0,0,0,0,0,0,0,0,0,0,0,0,0,0,0,1,0,0,0,0,0,0,1,0,0,0,0,0,0,0,0,0,0,0,0,0,0,0,0,0,0,1,0,0,0,0,0,0,0,0,0,0,0,0,0,0,3.271490881707782,0.0,0.8379575052137175,1.0,0.7987792863972649,1.0,1.640343817873045,1.0,249137.44999999987,919462.6966666667
2,0,10,179116.7000000002,665979.1099999994,0,0.0,57.28064365740741,1141,0,0,0,0,0,0,1,0,0,0,0,0,0.0,1.0,2,0,10,178678.98000000045,665826.8399999999,0,0.0,56.12014603009259,1540,0,0,0,0,0,0,0,0,1,0,0,0,0.0,1.0,1,0,6,180789.41999999995,661429.6300000008,0,374.6769,0.0,1141,0,0,0,0,0,0,1,0,0,0,0,0,0.0,1.0,2,5,7,180768.25999999975,665629.8699999992,0,3.7935333333333334,0.0,738,0,0,0,0,0,0,0,0,0,1,0,0,-0.19080899537654472,-0.981627183447664,1,0,0,1,0,0,0,0,0,0,0,0,0,0,0,0,0,1,0,0,0,0,1,0,0,0,0,0,0,0,0,0,0,0,0,0,0,0,0,0,1,0,0,0,0,1,0,0,0,0,0,0,0,0,0,0,0,0,0,0,0,0,0,0,1,0,0,1,0,0,0,0,0,0,0,0,0,0,0,0,0,0,0,1,0,0,0,0,0,0,0,0,0,0,0,0,0,0,0,0,0,1.018916702781342,1.0,1.1246920108364855,1.0,2.397060526732125,1.0,0.9132326522363434,1.0,179838.34000000008,664716.3624999998
17,0,10,178661.00999999978,663015.4499999993,0,0.0,70.90144299768518,790,0,0,0,0,0,0,0,0,0,0,1,0,0.0,1.0,2,0,10,178578.91999999993,665596.5600000005,0,0.0,56.120146759259256,1540,0,0,0,0,0,0,0,0,1,0,0,0,0.0,1.0,2,0,10,178672.3799999999,665806.7899999991,0,0.0,56.12014678240741,1540,0,0,0,0,0,0,0,0,1,0,0,0,0.0,1.0,2,5,5,180797.0499999998,670249.2100000009,0,9.694616666666667,0.0,738,0,0,0,0,0,0,0,0,0,1,0,0,-0.15643446504023073,-0.9876883405951378,1,0,0,1,0,0,0,0,0,0,0,0,0,0,0,0,0,1,0,0,0,0,1,0,0,0,0,0,0,0,0,0,0,0,0,0,0,0,0,0,1,0,0,0,0,1,0,0,0,0,0,0,0,0,0,0,0,0,0,0,0,0,0,0,1,0,0,1,0,0,0,0,0,0,0,0,0,0,0,0,0,0,0,0,0,0,1,0,0,0,0,2,0,0,0,0,0,0,0,0,0,1.8061101488136564,1.0,0.4675637089047507,1.0,0.3507925309587485,1.0,2.483763422780091,1.0,179177.33999999985,666167.0025
1,0,10,180135.2000000002,662368.6999999993,0,0.0,113.75902368055556,1353,0,0,0,0,0,0,0,1,0,0,0,0,0.0,1.0,1,0,10,179022.34999999963,665899.0600000005,0,0.0,64.70347972222223,1366,0,0,0,0,0,0,0,0,1,0,0,0,0.0,1.0,2,5,5,176774.9400000004,661483.6099999994,0,20.060766666666666,0.0,2205,0,0,0,0,1,0,0,0,0,0,0,0,0.0697564737441253,0.9975640502598242,2,5,6,181281.41000000012,663494.0299999993,0,9.110766666666667,0.0,2205,0,0,0,0,1,0,0,0,0,0,0,0,-0.8290375725550421,0.5591929034707462,1,0,0,1,0,0,0,0,0,0,0,0,0,0,0,0,0,1,0,0,0,0,1,0,0,0,0,0,0,0,0,0,0,0,0,0,0,0,0,0,1,0,0,0,1,0,0,0,0,0,0,0,0,0,0,0,0,0,0,0,0,0,1,0,0,0,0,1,0,0,0,0,0,0,0,0,0,0,0,0,0,0,0,0,0,0,1,0,0,0,0,0,0,0,0,0,0,0,0,0,0,0.7574674014649065,1.0,1.5683752957474517,1.0,1.8799009211076816,1.0,1.1968590700359498,1.0,179303.4750000001,663311.3499999996
1,0,10,183694.99000000025,652624.1099999994,0,0.0,88.64470297453704,738,0,0,0,0,0,0,0,0,0,1,0,0,0.0,1.0,1,0,10,183741.01999999955,652595.0,0,0.0,88.64470395833334,738,0,0,0,0,0,0,0,0,0,1,0,0,0.0,1.0,1,5,10,180561.6500000004,652405.7300000004,0,62.30553333333334,0.0,2324,0,0,0,0,1,0,0,0,0,0,0,0,0.12186934340514748,0.992546151641322,2,5,5,178679.50999999978,654373.4199999999,0,26.6236,0.0,2205,0,0,0,0,1,0,0,0,0,0,0,0,-0.8660254037844386,0.5000000000000001,0,0,0,1,0,0,0,0,0,0,0,0,0,0,0,0,0,1,0,0,0,0,1,0,0,0,0,0,0,0,0,0,0,0,0,0,0,0,0,0,1,0,0,0,0,0,1,0,0,0,0,1,0,0,0,0,0,0,0,0,0,0,0,0,0,0,0,1,0,0,0,0,0,0,0,0,0,0,0,0,0,0,0,0,0,0,1,0,0,0,0,2,0,0,0,0,0,0,0,0,0,1.395917009628599,1.0,1.4302432464387527,1.0,0.8515536976104603,1.0,2.2294110656947157,1.0,181669.29249999998,652999.565
2,0,10,177965.59999999963,658892.7699999996,0,0.0,82.3924356712963,1540,0,0,0,0,0,0,0,0,1,0,0,0,0.0,1.0,2,0,10,177965.59999999963,658892.7699999996,0,0.0,82.3924356712963,1540,0,0,0,0,0,0,0,0,1,0,0,0,0.0,1.0,1,0,10,179004.88999999966,658838.9399999995,0,0.0,46.06959998842593,142,1,0,0,0,0,0,0,0,0,0,0,0,0.0,1.0,1,0,10,179004.88999999966,658838.9399999995,0,0.0,46.06959998842593,142,1,0,0,0,0,0,0,0,0,0,0,0,0.0,1.0,0,0,0,1,0,0,0,0,0,0,0,0,0,0,0,0,0,1,0,0,0,0,1,0,0,0,0,0,0,0,0,0,0,0,0,0,0,0,0,0,1,0,0,0,0,1,0,0,0,0,0,0,0,0,0,0,0,0,0,0,0,0,0,0,1,0,0,0,1,0,0,0,0,0,0,0,0,0,0,0,0,0,0,0,0,0,0,0,1,0,0,2,0,0,0,0,0,0,0,0,0,1.904060172801016,1.0,1.904060172801016,1.0,1.904060172801016,1.0,1.904060172801016,1.0,178485.24499999965,658865.8549999995
2,0,6,178693.75,665885.8900000006,0,0.0,55.99514853009259,1540,0,0,0,0,0,0,0,0,1,0,0,0,0.0,1.0,1,0,6,180789.41999999995,661429.6300000008,0,194.68056666666666,0.0,1141,0,0,0,0,0,0,1,0,0,0,0,0,0.0,1.0,2,4,6,181702.6500000004,669804.7599999998,0,25.647266666666667,0.0,1353,0,0,0,0,0,0,0,1,0,0,0,0,0.981627183447664,-0.1908089953765448,1,5,5,179555.5499999998,663702.2699999996,0,24.963933333333333,0.0,1353,0,0,0,0,0,0,0,1,0,0,0,0,0.8660254037844387,-0.4999999999999998,1,0,0,1,0,0,0,0,0,0,0,0,0,0,0,0,0,1,0,0,0,0,1,0,0,0,0,0,0,0,0,0,0,0,0,0,0,0,0,0,1,0,0,0,1,0,0,0,0,0,0,0,0,0,0,0,0,0,0,1,0,0,0,0,0,0,0,1,0,0,0,0,0,0,0,0,0,0,0,0,0,0,0,0,0,0,1,0,0,0,0,0,0,0,0,0,0,0,0,0,0,0.7737619859500887,1.0,1.8048707242627406,1.0,2.285786142355684,1.0,0.7693098471982874,1.0,180185.34250000003,665205.6375000002
1,5,5,178679.20999999996,654985.2100000009,0,22.580383333333334,0.0,1353,0,0,0,0,0,0,0,1,0,0,0,0,-0.45399049973954625,-0.8910065241883681,2,3,5,178746.49000000022,654768.7200000007,0,19.747416666666666,0.0,1353,0,0,0,0,0,0,0,1,0,0,0,0,-0.46947156278589086,-0.8829475928589269,2,1,5,178162.23000000045,655588.9800000004,0,18.913633333333333,0.0,1353,0,0,0,0,0,0,0,1,0,0,0,0,-0.898794046299167,0.4383711467890774,20,5,5,178497.2000000002,652988.4000000004,0,10.930216666666666,0.0,1353,0,0,0,0,0,0,0,1,0,0,0,0,0.5299192642332049,0.848048096156426,0,0,1,0,0,0,0,0,0,0,0,0,0,0,0,0,1,0,0,0,0,1,0,0,0,0,0,0,0,0,0,0,0,0,0,1,0,0,0,0,0,0,0,0,1,0,0,0,0,0,0,0,0,0,0,0,0,0,0,0,0,1,0,0,0,0,0,1,0,0,0,0,0,0,0,0,0,0,0,0,0,0,0,0,0,0,1,0,0,0,0,0,0,0,0,0,0,0,0,0,0,0.7235475276923937,1.0,0.48879497092271873,1.0,1.788174448810538,1.0,2.669141523366135,0.0,238028.37666666694,872777.1033333341
2,5,6,180085.46999999974,664528.8499999996,0,28.113683333333334,0.0,1353,0,0,0,0,0,0,0,1,0,0,0,0,0.9998476951563913,-0.017452406437283477,2,5,9,179786.0599999996,663680.7699999996,0,25.613683333333334,0.0,1353,0,0,0,0,0,0,0,1,0,0,0,0,0.9659258262890683,-0.25881904510252085,2,5,5,183797.3899999997,668473.0099999998,0,6.747,0.0,1353,0,0,0,0,0,0,0,1,0,0,0,0,0.37460659341591224,-0.9271838545667873,2,5,5,180983.16999999995,665861.4900000002,0,2.763716666666667,0.0,1353,0,0,0,0,0,0,0,1,0,0,0,0,0.9876883405951377,-0.15643446504023104,1,0,1,0,0,0,0,0,0,0,0,0,0,0,0,0,1,0,0,0,0,1,0,0,0,0,0,0,0,0,0,0,0,0,0,0,0,0,1,0,0,0,0,0,1,0,0,0,0,0,0,0,0,0,0,0,0,0,0,0,0,0,1,0,0,0,0,1,0,0,0,0,0,0,0,0,0,0,0,0,0,0,0,0,1,0,0,0,0,0,0,0,0,0,0,0,0,0,0,0,0,0.9097540999993734,1.0,1.4081970378532263,1.0,2.2796999942662173,1.0,0.1698274993587722,1.0,181163.02249999973,665636.0299999998
2,0,6,175906.53000000026,658624.5399999991,0,0.0,1.7451573032407408,1366,0,0,0,0,0,0,0,0,1,0,0,0,0.0,1.0,2,0,6,175884.34999999963,658762.1300000008,0,0.0,1.7451578935185186,1366,0,0,0,0,0,0,0,0,1,0,0,0,0.0,1.0,2,0,7,175878.59999999963,658876.3699999992,0,0.0,1.7451579050925925,1366,0,0,0,0,0,0,0,0,1,0,0,0,0.0,1.0,2,5,5,175605.6299999999,657311.0399999991,0,3.827183333333333,0.0,1295,0,0,0,0,0,1,0,0,0,0,0,0,-0.6819983600624983,0.7313537016191707,0,0,0,1,0,0,0,0,0,0,0,0,0,0,0,0,0,1,0,0,0,0,1,0,0,0,0,0,0,0,0,0,0,0,0,0,0,0,0,0,1,0,0,0,0,1,0,0,0,0,0,0,0,0,0,0,0,0,0,0,0,0,0,0,1,0,0,0,0,1,0,0,0,0,0,1,0,0,0,0,0,0,0,0,0,0,0,0,0,0,0,3,0,0,0,0,0,0,0,0,0,0.6548088687424759,1.0,0.9920424845608332,1.0,1.289193329882631,1.0,2.9233310620313637,0.0,234425.03666666648,877858.026666666
2,0,10,179211.83999999985,663036.8800000008,0,0.0,158.50376469907408,1141,0,0,0,0,0,0,1,0,0,0,0,0,0.0,1.0,2,0,10,178747.04000000004,666085.1899999995,0,0.0,96.55268829861112,1000,0,0,0,0,0,1,0,0,0,0,0,0,0.0,1.0,2,0,10,178578.91999999993,665596.5600000005,0,0.0,56.37014199074074,1540,0,0,0,0,0,0,0,0,1,0,0,0,0.0,1.0,1,0,10,182658.25999999975,669383.8599999994,0,0.0,48.31432025462963,1366,0,0,0,0,0,0,0,0,1,0,0,0,0.0,1.0,1,0,0,1,0,0,0,0,0,0,0,0,0,0,0,0,0,1,0,0,0,0,1,0,0,0,0,0,0,0,0,0,0,0,0,0,0,0,0,0,1,0,0,0,0,1,0,0,0,0,0,0,0,0,0,0,0,0,0,0,0,0,0,0,1,0,0,0,1,0,0,0,0,0,0,0,0,0,0,0,0,0,0,0,0,0,0,0,1,0,0,0,0,0,0,0,0,0,0,0,0,1.5519631793978597,1.0,0.5368708792102935,1.0,0.6589944513057702,1.0,2.247310336012088,1.0,179799.0149999999,666025.6225
1,0,10,183694.99000000025,652624.1099999994,0,0.0,97.68637215277778,738,0,0,0,0,0,0,0,0,0,1,0,0,0.0,1.0,1,0,10,183741.01999999955,652595.0,0,0.0,97.68637296296296,738,0,0,0,0,0,0,0,0,0,1,0,0,0.0,1.0,2,5,10,181840.7000000002,653302.9000000004,0,21.65885,0.0,1295,0,0,0,0,0,1,0,0,0,0,0,0,0.20791169081775931,0.9781476007338057,2,5,5,181746.9500000002,650727.2300000004,0,4.5438833333333335,0.0,1295,0,0,0,0,0,1,0,0,0,0,0,0,-0.798635510047293,0.6018150231520479,0,0,0,1,0,0,0,0,0,0,0,0,0,0,0,0,0,1,0,0,0,0,1,0,0,0,0,0,0,0,0,0,0,0,0,0,0,0,0,0,1,0,0,0,0,0,1,0,0,0,0,0,1,0,0,0,0,0,0,0,0,0,0,0,0,0,0,0,0,1,0,0,0,0,0,0,1,0,0,0,0,0,0,0,0,0,0,0,0,0,0,2,0,0,0,0,0,0,0,0,0,1.030297741272117,1.0,1.067135343841553,1.0,1.4042883078442323,1.0,1.9564594232350585,1.0,182755.91500000004,652312.31
1,0,10,186647.59999999963,695230.3699999992,0,0.0,29.62735601851852,738,0,0,0,0,0,0,0,0,0,1,0,0,0.0,1.0,1,0,10,186810.84999999963,695239.0700000003,0,0.0,29.627356469907408,738,0,0,0,0,0,0,0,0,0,1,0,0,0.0,1.0,2,5,5,187043.25999999975,688149.4100000001,0,29.3834,0.0,2324,0,0,0,0,1,0,0,0,0,0,0,0,0.9902680687415704,-0.13917310096006535,6,5,5,189038.24000000025,692236.0899999999,0,28.609583333333333,0.0,2205,0,0,0,0,1,0,0,0,0,0,0,0,0.0,1.0,0,0,0,1,0,0,0,0,0,0,0,0,0,0,0,0,0,1,0,0,0,0,1,0,0,0,0,0,0,0,0,0,0,0,0,0,0,0,0,0,1,0,0,0,1,0,0,0,0,0,0,0,0,0,0,0,0,0,0,0,0,0,1,0,0,0,0,1,0,0,0,0,0,0,0,0,0,0,0,0,0,0,0,0,0,0,1,0,0,0,0,0,0,0,0,0,0,0,0,0,0,1.3550952613918907,1.0,1.338217819106922,1.0,2.3651277827913337,1.0,0.8892255826659741,1.0,187384.9874999998,692713.7349999999
2,0,6,175881.0700000003,659144.1699999999,0,1193.0366666666666,0.0,1540,0,0,0,0,0,0,0,0,1,0,0,0,0.0,1.0,2,0,7,175873.61000000034,659035.5199999996,0,1193.0366833333333,0.0,1540,0,0,0,0,0,0,0,0,1,0,0,0,0.0,1.0,2,0,6,175876.00999999978,658912.0899999999,0,1193.0368166666667,0.0,1540,0,0,0,0,0,0,0,0,1,0,0,0,0.0,1.0,2,5,5,176838.40000000037,656670.9700000007,0,30.7869,0.0,1000,0,0,0,0,0,1,0,0,0,0,0,0,0.9659258262890683,-0.25881904510252085,0,0,0,1,0,0,0,0,0,0,0,0,0,0,0,0,0,1,0,0,0,0,1,0,0,0,0,0,0,0,0,0,0,0,0,0,0,0,0,0,1,0,0,0,0,1,0,0,0,0,0,0,0,0,0,0,0,0,0,0,0,0,0,0,1,0,0,1,0,0,0,0,0,0,0,0,0,0,0,0,0,0,0,1,0,0,0,0,0,0,0,3,0,0,0,0,0,0,0,0,0,1.0296676693080942,1.0,0.8919209440450973,1.0,0.7347817129212395,1.0,2.6516038433737217,0.0,234823.03000000026,877920.9166666666
1,0,10,183720.41000000012,666760.4499999993,0,0.0,104.0868185763889,2205,0,0,0,0,1,0,0,0,0,0,0,0,0.0,1.0,2,4,6,185061.8200000003,667593.9499999993,0,25.268766666666668,0.0,1000,0,0,0,0,0,1,0,0,0,0,0,0,-0.9961946980917455,0.08715574274765789,2,5,5,185296.11000000036,664839.3900000006,0,2.6196,0.0,1000,0,0,0,0,0,1,0,0,0,0,0,0,0.08715574274765817,0.9961946980917455,17,0,5,184594.49000000025,664619.3699999992,0,21.452566666666666,0.0,649,0,0,0,0,0,0,1,0,0,0,0,0,-0.01745240643728445,0.9998476951563913,0,0,0,1,0,0,0,0,0,0,0,0,0,0,0,0,0,1,0,0,0,1,0,0,0,0,0,0,0,0,0,0,0,0,0,1,0,0,0,0,0,0,0,0,0,0,1,0,0,0,0,0,0,0,0,0,0,0,0,0,0,0,0,0,0,1,0,1,0,0,0,0,0,0,0,0,0,0,0,0,0,0,0,1,0,0,0,0,0,0,0,0,0,0,0,0,0,0,0,0,0,1.3357667516100504,1.0,1.8103373635771294,1.0,1.3719947879976624,1.0,1.433444646583562,1.0,184668.20750000025,665953.2899999996
1,0,10,179748.33000000007,666135.5099999998,0,0.0,180.32848605324074,395,0,0,0,1,0,0,0,0,0,0,0,0,0.0,1.0,1,0,10,180468.24000000025,661860.9900000002,0,0.0,10.03112494212963,649,0,0,0,0,0,0,1,0,0,0,0,0,0.0,1.0,1,5,5,179117.66000000015,663981.2599999998,0,29.2199,0.0,649,0,0,0,0,0,0,1,0,0,0,0,0,0.0,1.0,1,5,5,178584.5,662965.2899999991,0,7.686566666666667,0.0,649,0,0,0,0,0,0,1,0,0,0,0,0,-0.08715574274765832,0.9961946980917455,1,0,0,1,0,0,0,0,0,0,0,0,0,0,0,0,0,1,0,0,0,0,1,0,0,0,0,0,0,0,0,0,0,0,0,0,0,0,0,0,1,0,0,0,0,1,0,0,0,0,0,0,0,0,0,0,0,0,0,0,0,0,0,1,0,0,0,1,0,0,0,0,0,0,0,0,0,0,0,0,0,0,0,0,0,0,1,0,0,0,0,0,0,0,0,0,0,0,0,0,0,2.118859707508964,1.0,1.8597429687351947,1.0,0.3838158845636399,1.0,1.0363730566698897,1.0,179479.6825000001,663735.7624999997
1,0,10,187498.5599999996,659374.9499999993,0,0.0,85.95349413194444,787,0,0,0,0,0,0,0,0,0,1,0,0,0.0,1.0,1,0,10,187663.8200000003,659810.7899999991,0,0.0,84.12014927083334,1353,0,0,0,0,0,0,0,1,0,0,0,0,0.0,1.0,1,0,10,186004.1399999997,659312.2799999993,0,0.0,40.91777653935185,787,0,0,0,0,0,0,0,0,0,1,0,0,0.0,1.0,1,0,6,187286.83999999985,659459.1400000006,0,0.0,1.9535172222222221,787,0,0,0,0,0,0,0,0,0,1,0,0,0.0,1.0,0,0,0,1,0,0,0,0,0,0,0,0,0,0,0,0,0,1,0,0,0,0,1,0,0,0,0,0,0,0,0,0,0,0,0,0,0,0,0,0,1,0,0,0,0,1,0,0,0,0,0,0,0,0,0,0,0,0,0,0,0,0,0,0,1,0,0,0,1,0,0,0,0,0,0,0,0,0,0,0,0,0,0,0,0,0,0,0,1,0,0,0,0,0,0,0,0,0,0,0,0,0.9488535830529536,1.0,1.5053157964010229,1.0,2.652323772004286,0.0,0.41582983848918625,1.0,249484.45333333313,879319.0533333328
1,0,10,179694.4400000004,665825.2200000007,0,0.0,276.0784529050926,785,0,0,0,0,0,0,0,1,0,0,0,0,0.0,1.0,2,0,10,178909.51999999955,666038.7699999996,0,0.0,94.17770060185185,1000,0,0,0,0,0,1,0,0,0,0,0,0,0.0,1.0,2,5,8,179670.5700000003,662180.6099999994,0,37.455533333333335,0.0,1353,0,0,0,0,0,0,0,1,0,0,0,0,0.17364817766693028,-0.984807753012208,2,5,5,177463.99000000022,662728.3300000001,0,15.0389,0.0,1353,0,0,0,0,0,0,0,1,0,0,0,0,-0.0348994967025009,-0.9993908270190958,1,0,0,1,0,0,0,0,0,0,0,0,0,0,0,0,0,1,0,0,0,0,1,0,0,0,0,0,0,0,0,0,0,0,0,0,0,0,0,0,1,0,0,0,1,0,0,0,0,0,0,0,0,0,0,0,0,0,0,0,0,0,1,0,0,0,0,1,0,0,0,0,0,0,0,0,0,0,0,0,0,0,0,0,0,0,1,0,0,0,0,0,0,0,0,0,0,0,0,0,0,1.3550560425920757,1.0,1.3893167881889386,1.0,1.6130629212212912,1.0,1.562472633497823,1.0,178934.63000000012,664193.2324999999
2,0,10,177334.5,661514.4299999997,0,0.0,109.7992775,785,0,0,0,0,0,0,0,1,0,0,0,0,0.0,1.0,2,0,10,177321.38999999966,661428.4299999997,0,0.0,109.79926586805556,785,0,0,0,0,0,0,0,1,0,0,0,0,0.0,1.0,2,0,6,177434.91000000015,662363.7100000009,0,0.0,109.79926591435185,785,0,0,0,0,0,0,0,1,0,0,0,0,0.0,1.0,2,0,10,177366.4400000004,661908.0899999999,0,0.0,107.0331663425926,2205,0,0,0,0,1,0,0,0,0,0,0,0,0.0,1.0,1,0,0,1,0,0,0,0,0,0,0,0,0,0,0,0,0,1,0,0,0,0,1,0,0,0,0,0,0,0,0,0,0,0,0,0,0,0,0,0,1,0,0,0,0,1,0,0,0,0,0,0,0,0,0,0,0,0,0,0,0,0,0,0,1,0,0,0,1,0,0,0,0,0,0,0,0,0,0,0,0,0,0,0,0,0,0,0,1,0,0,4,0,0,0,0,0,0,0,0,0,1.403289451111658,1.0,1.8227531038509388,1.0,2.724259878598672,0.0,0.5040768672382816,1.0,236485.74666666673,882404.8866666667
4,5,5,180845.7999999998,653797.5800000001,0,27.0981,0.0,860,0,0,0,1,0,0,0,0,0,0,0,0,-0.8090169943749473,-0.5877852522924732,2,5,5,180957.66000000012,653507.5099999998,0,11.265233333333333,0.0,860,0,0,0,1,0,0,0,0,0,0,0,0,-0.4226182617407,0.9063077870366497,1,5,5,180352.9500000002,653990.0600000005,0,10.665016666666666,0.0,860,0,0,0,1,0,0,0,0,0,0,0,0,0.5299192642332049,-0.848048096156426,1,5,5,180923.1799999997,652737.8200000003,0,3.08135,0.0,860,0,0,0,1,0,0,0,0,0,0,0,0,0.10452846326765346,0.9945218953682733,0,0,1,0,0,0,0,0,0,0,0,0,0,0,0,0,1,0,0,0,0,1,0,0,0,0,0,0,0,0,0,0,0,0,0,1,0,0,0,0,0,0,0,0,1,0,0,0,0,0,0,0,0,0,0,0,0,0,0,0,0,0,1,0,0,0,0,1,0,0,0,0,0,0,0,0,0,0,0,0,0,0,0,0,1,0,0,0,0,0,0,0,0,0,0,0,0,0,0,0,0,0.8298437191725277,1.0,0.5208969920982507,1.0,1.7676616107900658,1.0,2.179207478754181,1.0,180769.89749999996,653508.2425000002
2,0,10,191283.08999999985,675529.3599999994,0,0.0,7.930126493055556,1295,0,0,0,0,0,1,0,0,0,0,0,0,0.0,1.0,2,0,6,191370.46,675506.0700000003,0,0.0,7.930127037037037,1295,0,0,0,0,0,1,0,0,0,0,0,0,0.0,1.0,2,0,6,191566.1299999999,675454.4299999997,0,712.99965,0.0,790,0,0,0,0,0,0,0,0,0,0,1,0,0.0,1.0,2,5,5,192016.4299999997,675465.5899999999,0,16.5331,0.0,2324,0,0,0,0,1,0,0,0,0,0,0,0,-0.22495105434386498,-0.9743700647852352,0,0,0,1,0,0,0,0,0,0,0,0,0,0,0,0,0,1,0,0,0,0,1,0,0,0,0,0,0,0,0,0,0,0,0,0,0,0,0,0,1,0,0,0,0,1,0,0,0,0,0,0,0,0,0,0,0,0,0,0,0,0,0,0,1,0,0,1,0,0,0,0,0,0,0,0,0,0,0,0,0,0,0,0,0,1,0,0,0,0,0,3,0,0,0,0,0,0,0,0,0,1.7790404728725608,1.0,1.2078558975838896,1.0,0.2242664149242349,1.0,2.9215106499934294,0.0,255412.03666666648,900651.8166666664
1,0,10,188299.2199999997,659292.9600000009,0,0.0,158.79939153935186,738,0,0,0,0,0,0,0,0,0,1,0,0,0.0,1.0,1,0,10,188271.1200000001,659466.2799999993,0,0.0,158.79787506944444,738,0,0,0,0,0,0,0,0,0,1,0,0,0.0,1.0,1,0,10,189613.1399999997,659628.6600000001,0,0.0,12.811601689814815,738,0,0,0,0,0,0,0,0,0,1,0,0,0.0,1.0,1,0,6,190137.86000000036,659584.3200000003,0,0.0,1.5940207291666666,134,0,0,0,0,0,0,0,0,0,0,0,1,0.0,1.0,0,0,0,1,0,0,0,0,0,0,0,0,0,0,0,0,0,1,0,0,0,0,1,0,0,0,0,0,0,0,0,0,0,0,0,0,0,0,0,0,1,0,0,0,0,1,0,0,0,0,0,0,0,0,0,0,0,0,0,0,0,0,0,0,1,0,0,0,1,0,0,0,0,0,0,0,0,0,0,0,0,0,0,0,0,0,0,0,1,0,0,2,0,0,0,0,0,0,0,0,0,1.7039044448960634,1.0,1.710922777490035,1.0,1.161786491826486,1.0,2.2430078802138183,1.0,189080.33499999996,659493.0550000002
1,0,10,179748.33000000007,666135.5099999998,0,0.0,182.82848782407407,395,0,0,0,1,0,0,0,0,0,0,0,0,0.0,1.0,1,0,10,180468.24000000025,661860.9900000002,0,0.0,12.531126701388889,649,0,0,0,0,0,0,1,0,0,0,0,0,0.0,1.0,1,0,6,179882.91999999993,663430.5600000005,0,1012.9891166666666,0.0,2205,0,0,0,0,1,0,0,0,0,0,0,0,0.0,1.0,2,0,6,179976.3099999996,662406.6699999999,0,593.0391166666667,0.0,1540,0,0,0,0,0,0,0,0,1,0,0,0,0.0,1.0,1,0,0,1,0,0,0,0,0,0,0,0,0,0,0,0,0,1,0,0,0,0,1,0,0,0,0,0,0,0,0,0,0,0,0,0,0,0,0,0,1,0,0,0,0,1,0,0,0,0,0,0,0,0,0,0,0,0,0,0,0,0,0,0,1,0,0,0,1,0,0,0,0,0,0,0,0,0,0,0,0,0,0,0,0,0,0,0,1,0,0,0,0,0,0,0,0,0,0,0,0,2.8074075723974494,0.0,1.7313858509735032,1.0,0.14487785446209925,1.0,1.0982750175231633,1.0,240025.2666666666,884611.2433333335
2,0,10,179182.24000000022,665961.1099999994,0,0.0,55.94730892361111,1141,0,0,0,0,0,0,1,0,0,0,0,0,0.0,1.0,1,0,6,176901.25999999978,661672.7599999998,0,833.0416166666666,0.0,790,0,0,0,0,0,0,0,0,0,0,1,0,0.0,1.0,2,5,6,179735.7999999998,661518.2200000007,0,9.291533333333334,0.0,1295,0,0,0,0,0,1,0,0,0,0,0,0,0.15643446504023087,0.9876883405951378,2,5,5,183669.0499999998,669741.7699999996,0,6.3582833333333335,0.0,1295,0,0,0,0,0,1,0,0,0,0,0,0,0.08715574274765864,-0.9961946980917455,1,0,0,1,0,0,0,0,0,0,0,0,0,0,0,0,0,1,0,0,0,0,1,0,0,0,0,0,0,0,0,0,0,0,0,0,0,0,0,0,1,0,0,0,1,0,0,0,0,0,0,0,0,0,0,0,0,0,0,1,0,0,0,0,0,0,0,1,0,0,0,0,0,0,0,0,0,0,0,0,0,0,0,0,1,0,0,0,0,0,0,0,0,0,0,0,0,0,0,0,0,0.485404944424929,1.0,1.4587804297362839,1.0,1.0990391292628177,1.0,2.155802507943569,1.0,179872.0874999999,664723.4649999999
1,0,10,179694.4400000004,665825.2200000007,0,0.0,275.82845311342595,785,0,0,0,0,0,0,0,1,0,0,0,0,0.0,1.0,2,0,10,179084.16000000015,663131.1799999997,0,0.0,153.90537434027777,1141,0,0,0,0,0,0,1,0,0,0,0,0,0.0,1.0,1,0,10,180770.2999999998,661493.5800000001,0,0.0,22.906045671296297,1141,0,0,0,0,0,0,1,0,0,0,0,0,0.0,1.0,2,5,5,180053.0700000003,661595.6500000004,0,2.289083333333333,0.0,2205,0,0,0,0,1,0,0,0,0,0,0,0,1.0,6.123233995736766e-17,1,0,0,1,0,0,0,0,0,0,0,0,0,0,0,0,0,1,0,0,0,0,1,0,0,0,0,0,0,0,0,0,0,0,0,0,0,0,0,0,1,0,0,0,0,1,0,0,0,0,0,0,0,0,0,0,0,0,0,0,0,0,0,0,1,0,0,1,0,0,0,0,0,0,0,0,0,0,0,0,0,0,0,0,0,0,1,0,0,0,0,0,0,0,0,0,0,0,0,0,0,2.3916293447078574,1.0,0.6994060076034806,1.0,1.4829415198813065,1.0,1.2070737131673053,1.0,179900.49250000017,663011.4075000002
1,0,10,181954.53000000023,664345.2400000002,0,0.0,51.578501875,790,0,0,0,0,0,0,0,0,0,0,1,0,0.0,1.0,1,5,5,181392.76999999955,665294.7200000007,0,18.8769,0.0,2205,0,0,0,0,1,0,0,0,0,0,0,0,-0.8386705679454243,0.5446390350150266,2,4,6,182814.6299999999,663532.9199999999,0,31.493483333333334,0.0,1295,0,0,0,0,0,1,0,0,0,0,0,0,-0.9335804264972021,0.35836794954529955,2,5,7,181381.04000000004,664608.1199999992,0,16.159366666666667,0.0,1295,0,0,0,0,0,1,0,0,0,0,0,0,0.32556815445715664,0.9455185755993168,0,0,0,1,0,0,0,0,0,0,0,0,0,0,0,0,0,1,0,0,0,1,0,0,0,0,0,0,0,0,0,0,0,0,0,1,0,0,0,0,0,0,0,0,1,0,0,0,0,0,0,0,0,0,0,0,0,0,0,0,0,0,1,0,0,0,0,1,0,0,0,0,0,0,0,0,0,0,0,0,0,0,0,0,0,0,1,0,0,0,0,0,0,0,0,0,0,0,0,0,0,0.1998391429386708,1.0,1.6169729034708205,1.0,2.1435420346559133,1.0,0.8731152615794736,1.0,181885.74249999993,664445.25
2,0,10,177965.59999999963,658892.7699999996,0,0.0,88.71881427083333,1540,0,0,0,0,0,0,0,0,1,0,0,0,0.0,1.0,2,0,8,177956.8700000001,658813.6199999992,0,0.0,88.71880270833333,1540,0,0,0,0,0,0,0,0,1,0,0,0,0.0,1.0,2,0,10,178134.86000000034,659696.8800000008,0,0.0,5.995133842592592,1295,0,0,0,0,0,1,0,0,0,0,0,0,0.0,1.0,2,5,10,180852.5599999996,657601.7200000007,0,22.309416666666667,0.0,2205,0,0,0,0,1,0,0,0,0,0,0,0,0.788010753606722,0.6156614753256583,0,0,0,1,0,0,0,0,0,0,0,0,0,0,0,0,0,1,0,0,0,0,1,0,0,0,0,0,0,0,0,0,0,0,0,0,0,0,0,0,1,0,0,0,0,1,0,0,0,0,0,0,0,0,0,0,0,0,0,0,0,0,0,0,1,0,0,0,0,1,0,0,0,0,0,1,0,0,0,0,0,0,0,0,0,0,0,0,0,0,0,2,0,0,0,0,0,0,0,0,0,0.7838306983695847,1.0,0.782027391413639,1.0,1.1288333845592122,1.0,2.443901584684902,1.0,178727.47249999992,658751.2475
2,0,10,179055.76999999955,663114.8699999992,0,0.0,156.5720403472222,1141,0,0,0,0,0,0,1,0,0,0,0,0,0.0,1.0,2,0,6,178813.41999999993,666065.5299999993,0,0.0,96.59436673611111,1000,0,0,0,0,0,1,0,0,0,0,0,0,0.0,1.0,2,0,6,181436.3700000001,668475.5,0,953.0047666666667,0.0,1295,0,0,0,0,0,1,0,0,0,0,0,0,0.0,1.0,2,0,6,179681.75999999978,662507.3699999992,0,713.0047833333333,0.0,785,0,0,0,0,0,0,0,1,0,0,0,0,0.0,1.0,1,0,0,1,0,0,0,0,0,0,0,0,0,0,0,0,0,1,0,0,0,0,1,0,0,0,0,0,0,0,0,0,0,0,0,0,0,0,0,0,1,0,0,0,0,1,0,0,0,0,0,0,0,0,0,0,0,0,0,0,0,0,0,0,1,0,0,0,1,0,0,0,0,0,0,0,0,0,0,0,0,0,0,0,0,0,0,0,1,0,0,0,0,0,0,0,0,0,0,0,0,1.195818645591277,1.0,0.8100628429939277,1.0,2.2369930044496984,1.0,1.4810760829761753,1.0,179746.82999999984,665040.8174999994
1,5,5,183802.53000000023,666030.5800000001,0,22.610516666666665,0.0,2205,0,0,0,0,1,0,0,0,0,0,0,0,0.5446390350150271,0.838670567945424,2,4,5,185263.36000000036,666640.8399999999,0,17.960466666666665,0.0,2205,0,0,0,0,1,0,0,0,0,0,0,0,-0.9876883405951378,0.15643446504023067,1,5,5,183980.6299999999,665014.3599999994,0,6.061216666666667,0.0,2205,0,0,0,0,1,0,0,0,0,0,0,0,-0.3090169943749477,0.9510565162951535,2,5,7,184539.48000000045,665344.0399999991,0,5.960466666666667,0.0,2205,0,0,0,0,1,0,0,0,0,0,0,0,0.24192189559966773,0.9702957262759965,0,0,1,0,0,0,0,0,0,0,0,0,0,0,0,1,0,0,0,0,0,1,0,0,0,0,0,0,0,0,0,0,0,0,0,0,0,0,1,0,0,0,0,0,1,0,0,0,0,0,0,0,0,0,0,0,0,0,0,0,0,0,1,0,0,0,0,0,0,1,0,0,0,0,0,0,0,0,0,0,0,0,1,0,0,0,0,0,0,0,0,0,0,0,0,0,0,0,0,0,0,1.091708984255323,1.0,2.0667789772469396,1.0,1.422005166497548,1.0,0.7304845147817021,1.0,184396.50000000023,665757.4549999996
17,0,6,178698.5599999996,663005.4399999995,0,0.0,70.81811402777778,790,0,0,0,0,0,0,0,0,0,0,1,0,0.0,1.0,2,5,5,179061.26999999955,663501.6400000006,0,19.0176,0.0,1540,0,0,0,0,0,0,0,0,1,0,0,0,-0.7071067811865475,-0.7071067811865477,2,5,5,181034.11000000036,662321.6099999994,0,14.117616666666667,0.0,1540,0,0,0,0,0,0,0,0,1,0,0,0,0.9975640502598242,-0.06975647374412533,2,5,5,182058.4699999997,667862.4700000007,0,8.067566666666666,0.0,1540,0,0,0,0,0,0,0,0,1,0,0,0,-0.913545457642601,-0.4067366430758001,1,0,0,1,0,0,0,0,0,0,0,0,0,0,0,0,0,1,0,0,0,1,0,0,0,0,0,0,0,0,0,0,0,0,0,0,0,0,1,0,0,0,0,0,1,0,0,0,0,0,0,0,0,0,0,0,0,0,0,0,0,0,1,0,0,0,0,1,0,0,0,0,0,0,0,0,0,0,0,0,0,0,0,1,0,0,0,0,0,0,0,0,0,0,0,0,0,0,0,0,0,1.0747313028512213,1.0,0.7492517296416976,1.0,1.1381647286142886,1.0,2.3186381820485376,1.0,180213.1024999998,664172.79
2,5,5,185062.1500000004,666659.0199999996,0,22.57925,0.0,1366,0,0,0,0,0,0,0,0,1,0,0,0,-0.9986295347545738,0.052335956242943946,2,5,5,184484.83000000007,666615.0700000003,0,22.129333333333335,0.0,1366,0,0,0,0,0,0,0,0,1,0,0,0,0.984807753012208,0.17364817766693041,2,5,5,183914.26999999955,667830.9399999995,0,12.229066666666666,0.0,1366,0,0,0,0,0,0,0,0,1,0,0,0,-0.05233595624294437,0.9986295347545738,1,5,5,183662.28000000023,666579.8100000005,0,9.979033333333334,0.0,1366,0,0,0,0,0,0,0,0,1,0,0,0,0.19080899537654497,-0.981627183447664,0,0,1,0,0,0,0,0,0,0,0,0,0,1,0,0,0,0,0,0,0,1,0,0,0,0,0,0,0,0,0,0,0,0,0,0,0,0,1,0,0,0,0,0,1,0,0,0,0,0,0,0,0,0,0,0,0,0,0,0,0,0,1,0,0,0,0,1,0,0,0,0,0,0,0,0,0,0,0,0,0,0,0,0,0,0,1,0,0,0,0,2,0,0,0,0,0,0,0,0,0,1.5452714118716293,1.0,0.6897722816382681,1.0,1.8391674404058838,1.0,1.3248844659573427,1.0,184280.88250000007,666921.21
2,0,10,177437.83000000007,662499.7699999996,0,0.0,100.36651528935185,2205,0,0,0,0,1,0,0,0,0,0,0,0,0.0,1.0,2,0,10,179116.7000000002,665979.1099999994,0,0.0,96.26105232638889,1000,0,0,0,0,0,1,0,0,0,0,0,0,0.0,1.0,2,5,9,181368.7000000002,663427.9399999995,0,36.04885,0.0,1366,0,0,0,0,0,0,0,0,1,0,0,0,0.9271838545667874,-0.37460659341591207,2,5,5,183812.84999999963,668465.6300000008,0,15.965516666666666,0.0,1366,0,0,0,0,0,0,0,0,1,0,0,0,-0.32556815445715753,0.9455185755993165,1,0,0,1,0,0,0,0,0,0,0,0,0,0,0,0,0,1,0,0,0,0,1,0,0,0,0,0,0,0,0,0,0,0,0,0,0,0,0,0,1,0,0,0,1,0,0,0,0,0,0,0,0,0,0,0,0,0,0,0,0,0,1,0,0,0,0,1,0,0,0,0,0,0,0,0,0,0,0,0,0,0,0,0,0,0,1,0,0,0,0,0,0,0,0,0,0,0,0,0,0,1.6773431158752634,1.0,0.6719926987806842,1.0,0.8082954183420378,1.0,2.0207475444178367,1.0,180434.02000000002,665093.1124999998
2,0,10,186290.9000000004,659876.8599999994,0,0.0,139.55270336805555,790,0,0,0,0,0,0,0,0,0,0,1,0,0.0,1.0,2,0,10,186214.3899999997,659530.0600000005,0,0.0,139.5526916087963,790,0,0,0,0,0,0,0,0,0,0,1,0,0.0,1.0,1,0,10,187667.66999999995,659861.0099999998,0,0.0,90.82846699074074,1353,0,0,0,0,0,0,0,1,0,0,0,0,0.0,1.0,2,0,6,186290.9000000004,659876.8599999994,0,0.0,4.808247326388889,1353,0,0,0,0,0,0,0,1,0,0,0,0,0.0,1.0,0,0,0,1,0,0,0,0,0,0,0,0,0,0,0,0,0,1,0,0,0,0,1,0,0,0,0,0,0,0,0,0,0,0,0,0,0,0,0,0,1,0,0,0,0,1,0,0,0,0,0,0,0,0,0,0,0,0,0,0,0,0,0,0,1,0,0,0,1,0,0,0,0,0,0,0,0,0,0,0,0,0,0,0,0,0,0,0,1,0,0,2,0,0,0,0,0,0,0,0,0,0.8927489134973955,1.0,1.2600269801338115,1.0,2.789217108640592,0.0,0.8927489134973955,1.0,248821.28666666683,879714.9299999997
2,0,10,179107.7000000002,663112.9000000004,0,0.0,103.69642962962963,2205,0,0,0,0,1,0,0,0,0,0,0,0,0.0,1.0,2,0,10,177386.4299999997,662058.9399999995,0,0.0,100.70678842592592,2205,0,0,0,0,1,0,0,0,0,0,0,0,0.0,1.0,1,0,6,179177.2000000002,662945.9700000007,0,963.0253333333334,0.0,1295,0,0,0,0,0,1,0,0,0,0,0,0,0.0,1.0,1,0,6,179177.2000000002,662945.9700000007,0,963.0253333333334,0.0,1295,0,0,0,0,0,1,0,0,0,0,0,0,0.0,1.0,1,0,0,1,0,0,0,0,0,0,0,0,0,0,0,0,0,1,0,0,0,0,1,0,0,0,0,0,0,0,0,0,0,0,0,0,0,0,0,0,1,0,0,0,0,1,0,0,0,0,0,0,0,0,0,0,0,0,0,0,0,0,0,0,1,0,0,0,1,0,0,0,0,0,0,0,0,0,0,0,0,0,0,0,0,0,0,0,1,0,0,2,0,0,0,0,0,0,0,0,0,0.8919896454311642,1.0,2.547036867977262,0.0,0.8454180525676015,1.0,0.8454180525676015,1.0,238282.8433333334,883687.9266666671
2,0,10,179116.7000000002,665979.1099999994,0,0.0,57.48897518518518,1141,0,0,0,0,0,0,1,0,0,0,0,0,0.0,1.0,2,0,6,178693.75,665885.8900000006,0,0.0,56.32847751157407,1540,0,0,0,0,0,0,0,0,1,0,0,0,0.0,1.0,2,0,6,179318.16999999993,663393.6600000001,0,892.99095,0.0,2205,0,0,0,0,1,0,0,0,0,0,0,0,0.0,1.0,1,0,6,180789.41999999995,661429.6300000008,0,674.6742833333333,0.0,1141,0,0,0,0,0,0,1,0,0,0,0,0,0.0,1.0,1,0,0,1,0,0,0,0,0,0,0,0,0,0,0,0,0,1,0,0,0,0,1,0,0,0,0,0,0,0,0,0,0,0,0,0,0,0,0,0,1,0,0,0,0,1,0,0,0,0,0,0,0,0,0,0,0,0,0,0,0,0,0,0,1,0,0,0,1,0,0,0,0,0,0,0,0,0,0,0,0,0,0,0,0,0,0,0,1,0,0,0,0,0,0,0,0,0,0,0,0,1.374498141721548,1.0,1.4060154518365946,1.0,0.5928420731270104,1.0,2.266509009564416,1.0,179479.51,664172.0725000002
2,0,10,177437.83000000007,662499.7699999996,0,0.0,98.19982905092593,2205,0,0,0,0,1,0,0,0,0,0,0,0,0.0,1.0,1,0,6,179062.41999999993,665885.5,0,0.0,55.87014153935185,1366,0,0,0,0,0,0,0,0,1,0,0,0,0.0,1.0,1,0,10,179115.53000000026,665875.9800000004,0,0.0,54.16316236111111,2205,0,0,0,0,1,0,0,0,0,0,0,0,0.0,1.0,2,0,6,180344.96,664164.5899999999,0,0.0,7.786785069444444,787,0,0,0,0,0,0,0,0,0,1,0,0,0.0,1.0,1,0,0,1,0,0,0,0,0,0,0,0,0,0,0,0,0,1,0,0,0,0,1,0,0,0,0,0,0,0,0,0,0,0,0,0,0,0,0,0,1,0,0,0,0,1,0,0,0,0,0,0,0,0,0,0,0,0,0,0,0,0,0,0,1,0,0,0,1,0,0,0,0,0,0,0,0,0,0,0,0,0,0,0,0,0,0,0,1,0,0,0,0,0,0,0,0,0,0,0,0,2.1481438169032567,1.0,1.0516197264281815,1.0,1.0471990584206476,1.0,1.169774577556221,1.0,178990.18500000006,664606.46
2,5,5,184550.33000000007,665398.8900000006,0,25.496616666666668,0.0,1353,0,0,0,0,0,0,0,1,0,0,0,0,-0.39073112848927355,-0.9205048534524404,2,5,5,184147.2999999998,667418.3200000003,0,21.046833333333332,0.0,1353,0,0,0,0,0,0,0,1,0,0,0,0,-0.9455185755993168,-0.32556815445715664,1,5,5,184380.5,667515.0199999996,0,8.0135,0.0,1353,0,0,0,0,0,0,0,1,0,0,0,0,0.9563047559630354,0.29237170472273677,1,5,5,184762.4299999997,665716.4600000009,0,2.480183333333333,0.0,1353,0,0,0,0,0,0,0,1,0,0,0,0,-0.9945218953682734,0.10452846326765299,0,0,1,0,0,0,0,0,0,0,0,0,0,0,0,0,1,0,0,0,0,1,0,0,0,0,0,0,0,0,0,0,0,0,0,1,0,0,0,0,0,0,0,0,1,0,0,0,0,0,0,0,0,0,0,0,0,0,0,0,0,0,1,0,0,0,0,1,0,0,0,0,0,0,0,0,0,0,0,0,0,0,0,1,0,0,0,0,0,0,0,0,0,0,0,0,0,0,0,0,0,1.8813574761928444,1.0,1.614717771488969,1.0,1.6945153098658137,1.0,1.4337582189032032,1.0,184460.1399999999,666512.1725000003
2,0,6,177412.58000000007,662309.3499999996,0,0.0,98.03316440972222,2205,0,0,0,0,1,0,0,0,0,0,0,0,0.0,1.0,2,0,7,177349.91999999993,661773.3100000005,0,0.0,98.03316442129629,2205,0,0,0,0,1,0,0,0,0,0,0,0,0.0,1.0,2,5,5,181165.23000000045,663913.3100000005,0,29.623416666666667,0.0,2205,0,0,0,0,1,0,0,0,0,0,0,0,0.0697564737441253,0.9975640502598242,2,5,8,180023.04000000004,661596.0899999999,0,3.6734333333333336,0.0,2205,0,0,0,0,1,0,0,0,0,0,0,0,0.9998476951563913,-0.017452406437283477,1,0,0,1,0,0,0,0,0,0,0,0,0,0,0,0,0,1,0,0,0,0,1,0,0,0,0,0,0,0,0,0,0,0,0,0,0,0,0,0,1,0,0,0,1,0,0,0,0,0,0,0,0,0,0,0,0,0,0,0,0,0,1,0,0,0,0,0,0,1,0,0,0,0,1,0,0,0,0,0,0,0,0,0,0,0,0,0,0,0,0,2,0,0,0,0,0,0,0,0,0,1.227715496797091,1.0,1.3641088064254432,1.0,2.064511367431275,1.0,1.0191422339541418,1.0,178987.69250000012,662398.0150000001
2,0,6,177356.33999999985,661702.3200000003,0,0.0,100.88259427083334,785,0,0,0,0,0,0,0,1,0,0,0,0,0.0,1.0,17,0,6,178698.5599999996,663005.4399999995,0,0.0,68.60977017361111,790,0,0,0,0,0,0,0,0,0,0,1,0,0.0,1.0,1,0,6,176901.25999999978,661672.7599999998,0,892.9691,0.0,790,0,0,0,0,0,0,0,0,0,0,1,0,0.0,1.0,1,5,5,179440.0499999998,664564.3399999999,0,1.4191,0.0,1000,0,0,0,0,0,1,0,0,0,0,0,0,0.27563735581699916,0.9612616959383189,1,0,0,1,0,0,0,0,0,0,0,0,0,0,0,0,0,1,0,0,0,0,1,0,0,0,0,0,0,0,0,0,0,0,0,0,0,0,0,0,1,0,0,0,0,1,0,0,0,0,0,0,0,0,0,0,0,0,0,0,0,0,0,0,1,0,0,1,0,0,0,0,0,0,0,0,0,0,0,0,0,0,0,1,0,0,0,0,0,0,0,0,0,0,0,0,0,0,0,0,0,1.1559292755497483,1.0,0.5967409720414055,1.0,1.4544431660458332,1.0,2.058702005942974,1.0,178099.05249999976,662736.2149999999
2,0,10,179182.24000000022,665961.1099999994,0,0.0,55.155641215277775,1141,0,0,0,0,0,0,1,0,0,0,0,0,0.0,1.0,2,0,6,178693.75,665885.8900000006,0,0.0,53.995143472222225,1540,0,0,0,0,0,0,0,0,1,0,0,0,0.0,1.0,2,5,5,180424.3200000003,668854.9199999999,0,26.223266666666667,0.0,1353,0,0,0,0,0,0,0,1,0,0,0,0,0.992546151641322,0.12186934340514749,1,5,5,179892.41999999993,664198.1199999992,0,19.939933333333332,0.0,1353,0,0,0,0,0,0,0,1,0,0,0,0,1.0,6.123233995736766e-17,1,0,0,1,0,0,0,0,0,0,0,0,0,0,0,0,0,1,0,0,0,0,1,0,0,0,0,0,0,0,0,0,0,0,0,0,0,0,0,0,1,0,0,0,1,0,0,0,0,0,0,0,0,0,0,0,0,0,0,1,0,0,0,0,0,0,0,1,0,0,0,0,0,0,0,0,0,0,0,0,0,0,0,0,0,1,0,0,0,0,0,0,0,0,0,0,0,0,0,0,0,0.38636551372062605,1.0,0.7872239064675519,1.0,2.3738327157654036,1.0,1.7605977988997208,1.0,179548.1825000001,666225.0099999998
2,0,10,179075.4500000002,663147.9499999993,0,0.0,101.35614,2205,0,0,0,0,1,0,0,0,0,0,0,0,0.0,1.0,2,0,10,179107.7000000002,663112.9000000004,0,0.0,101.35614001157407,2205,0,0,0,0,1,0,0,0,0,0,0,0,0.0,1.0,2,0,10,177386.4299999997,662058.9399999995,0,0.0,98.36649880787037,2205,0,0,0,0,1,0,0,0,0,0,0,0,0.0,1.0,2,5,5,181142.53000000023,663502.4299999997,0,13.958333333333334,0.0,1366,0,0,0,0,0,0,0,0,1,0,0,0,0.9902680687415703,0.1391731009600657,1,0,0,1,0,0,0,0,0,0,0,0,0,0,0,0,0,1,0,0,0,0,1,0,0,0,0,0,0,0,0,0,0,0,0,0,0,0,0,0,1,0,0,0,0,1,0,0,0,0,0,0,0,0,0,0,0,0,0,0,0,0,0,0,1,0,0,1,0,0,0,0,0,0,0,0,0,0,0,0,0,0,0,0,0,0,1,0,0,0,0,0,0,0,0,0,0,0,0,0,0,0.2331316500194398,1.0,0.18428246192031134,1.0,2.1421777263425286,1.0,2.1804242216626135,1.0,179178.02750000008,662955.5549999997
2,0,10,178747.04000000004,666085.1899999995,0,0.0,103.05269081018518,1000,0,0,0,0,0,1,0,0,0,0,0,0,0.0,1.0,2,0,10,178578.91999999993,665596.5600000005,0,0.0,62.87014451388889,1540,0,0,0,0,0,0,0,0,1,0,0,0,0.0,1.0,1,0,10,180774.2199999997,661479.4800000004,0,0.0,32.03104725694445,1141,0,0,0,0,0,0,1,0,0,0,0,0,0.0,1.0,1,0,8,180794.6399999997,661410.1999999993,0,0.0,6.968526435185185,1141,0,0,0,0,0,0,1,0,0,0,0,0,0.0,1.0,1,0,0,1,0,0,0,0,0,0,0,0,0,0,0,0,0,1,0,0,0,0,1,0,0,0,0,0,0,0,0,0,0,0,0,0,0,0,0,0,1,0,0,0,0,1,0,0,0,0,0,0,0,0,0,0,0,0,0,0,0,0,0,0,1,0,0,0,1,0,0,0,0,0,0,0,0,0,0,0,0,0,0,0,0,0,0,0,1,0,0,2,0,0,0,0,0,0,0,0,0,1.6100977797075595,1.0,1.3860763308043633,1.0,1.4721122646188383,1.0,1.5157374373006216,1.0,179723.70499999984,663642.8574999999
17,0,10,178491.23000000045,663020.3100000005,0,0.0,70.90144248842593,790,0,0,0,0,0,0,0,0,0,0,1,0,0.0,1.0,2,5,6,180385.1500000004,664598.1300000008,0,17.260366666666666,0.0,738,0,0,0,0,0,0,0,0,0,1,0,0,0.35836794954530027,0.9335804264972017,2,5,5,181693.5700000003,667738.2100000009,0,10.82705,0.0,738,0,0,0,0,0,0,0,0,0,1,0,0,-0.961261695938319,-0.2756373558169989,2,2,5,179332.83999999985,666947.1600000001,0,2.22705,0.0,738,0,0,0,0,0,0,0,0,0,1,0,0,-0.9902680687415704,0.13917310096006547,1,0,0,1,0,0,0,0,0,0,0,0,0,0,0,0,0,1,0,0,0,1,0,0,0,0,0,0,0,0,0,0,0,0,0,0,0,0,1,0,0,0,0,0,1,0,0,0,0,0,0,0,0,0,0,0,0,0,0,0,1,0,0,0,0,0,0,1,0,0,0,0,0,0,0,0,0,0,0,0,0,0,0,1,0,0,0,0,0,0,0,0,0,0,0,0,0,0,0,0,0,1.9246762665505006,1.0,0.690350514891072,1.0,1.7984089175034572,1.0,0.98622157576453,1.0,179975.69750000024,665575.9525000006
2,5,5,168951.1900000004,637447.2100000009,0,28.7431,0.0,1366,0,0,0,0,0,0,0,0,1,0,0,0,-0.08715574274765794,-0.9961946980917455,1,5,5,167917.7000000002,636560.0800000001,0,26.85321666666667,0.0,1000,0,0,0,0,0,1,0,0,0,0,0,0,-0.20791169081775987,0.9781476007338056,2,5,10,168645.74000000022,633464.7599999998,0,10.786583333333333,0.0,1000,0,0,0,0,0,1,0,0,0,0,0,0,0.13917310096006574,-0.9902680687415703,2,5,5,168226.6200000001,631932.1300000008,0,8.987066666666667,0.0,1000,0,0,0,0,0,1,0,0,0,0,0,0,-0.5000000000000001,-0.8660254037844386,0,0,1,0,0,0,0,0,0,0,0,0,0,0,0,0,1,0,0,0,0,1,0,0,0,0,0,0,0,0,0,0,0,0,0,0,0,1,0,0,0,0,0,0,0,0,1,0,0,0,0,0,1,0,0,0,0,0,0,0,0,0,0,0,0,0,0,0,0,1,0,0,0,0,1,0,0,0,0,0,0,0,0,0,0,0,0,0,0,0,0,2,0,0,0,0,0,0,0,0,0,2.008210457088901,1.0,1.3548034916844767,1.0,1.0638169741985062,1.0,2.2202225734330954,1.0,168435.31250000023,634851.0450000004
17,0,10,178540.1799999997,663026.1099999994,0,0.0,77.5264534837963,790,0,0,0,0,0,0,0,0,0,0,1,0,0.0,1.0,17,0,6,178698.5599999996,663005.4399999995,0,0.0,77.52644194444444,790,0,0,0,0,0,0,0,0,0,0,1,0,0.0,1.0,1,0,10,180749.91999999995,661572.5,0,0.0,31.90604841435185,1141,0,0,0,0,0,0,1,0,0,0,0,0,0.0,1.0,2,0,10,180244.75,664183.7100000009,0,0.0,16.620122465277777,787,0,0,0,0,0,0,0,0,0,1,0,0,0.0,1.0,1,0,0,1,0,0,0,0,0,0,0,0,0,0,0,0,0,1,0,0,0,0,1,0,0,0,0,0,0,0,0,0,0,0,0,0,0,0,0,0,1,0,0,0,0,1,0,0,0,0,0,0,0,0,0,0,0,0,0,0,0,0,0,0,1,0,0,0,1,0,0,0,0,0,0,0,0,0,0,0,0,0,0,0,0,0,0,0,1,0,0,2,0,0,0,0,0,0,0,0,0,1.08455670389981,1.0,0.9152053350369677,1.0,1.9318125343710666,1.0,1.5021643346348705,1.0,179558.3524999998,662946.94
2,0,8,186255.74000000025,659726.9600000009,0,0.0,132.63602314814815,790,0,0,0,0,0,0,0,0,0,0,1,0,0.0,1.0,1,0,10,186004.1399999997,659312.2799999993,0,0.0,40.70942608796296,787,0,0,0,0,0,0,0,0,0,1,0,0,0.0,1.0,1,0,6,187286.83999999985,659459.1400000006,0,0.0,1.7451667824074073,787,0,0,0,0,0,0,0,0,0,1,0,0,0.0,1.0,1,0,6,187269.54000000004,659426.4900000002,0,0.0,1.7451667939814814,787,0,0,0,0,0,0,0,0,0,1,0,0,0.0,1.0,0,0,0,1,0,0,0,0,0,0,0,0,0,0,0,0,0,1,0,0,0,0,1,0,0,0,0,0,0,0,0,0,0,0,0,0,0,0,0,0,1,0,0,0,0,1,0,0,0,0,0,0,0,0,0,0,0,0,0,0,0,0,0,0,1,0,0,0,1,0,0,0,0,0,0,0,0,0,0,0,0,0,0,0,0,0,0,0,1,0,0,2,0,0,0,0,0,0,0,0,0,1.3949662114949442,1.0,1.9645845772089987,1.0,1.591240965674879,1.0,1.550106392972631,1.0,186704.06499999994,659481.2175000003
1,0,10,188285.58999999985,659377.2899999991,0,0.0,158.7160578587963,738,0,0,0,0,0,0,0,0,0,1,0,0,0.0,1.0,1,0,10,188285.58999999985,659377.2899999991,0,0.0,123.66179905092592,170,0,0,0,0,0,0,0,0,0,0,1,0,0.0,1.0,2,0,10,190399.8799999999,659472.3200000003,0,0.0,40.786822037037034,1366,0,0,0,0,0,0,0,0,1,0,0,0,0.0,1.0,1,0,9,189608.8799999999,659721.5999999996,0,0.0,12.728256921296296,738,0,0,0,0,0,0,0,0,0,1,0,0,0.0,1.0,0,0,0,1,0,0,0,0,0,0,0,0,0,0,0,0,0,1,0,0,0,0,1,0,0,0,0,0,0,0,0,0,0,0,0,0,0,0,0,0,1,0,0,0,0,1,0,0,0,0,0,0,0,0,0,0,0,0,0,0,0,0,0,0,1,0,0,0,1,0,0,0,0,0,0,0,0,0,0,0,0,0,0,0,0,0,0,0,1,0,0,2,0,0,0,0,0,0,0,0,0,1.6588254032856569,1.0,1.6588254032856569,1.0,2.402853052522164,1.0,0.9952080178830626,1.0,189144.98499999987,659487.1249999995
1,0,10,186162.73000000045,664161.8900000006,0,0.0,5.511765578703704,790,0,0,0,0,0,0,0,0,0,0,1,0,0.0,1.0,1,0,7,186316.4500000002,664041.9800000004,0,0.0,5.511754386574074,790,0,0,0,0,0,0,0,0,0,0,1,0,0.0,1.0,2,5,5,185841.08000000007,663833.9700000007,0,16.386166666666668,0.0,2324,0,0,0,0,1,0,0,0,0,0,0,0,-0.848048096156426,-0.529919264233205,2,5,5,185630.58000000007,664851.7599999998,0,7.06975,0.0,2324,0,0,0,0,1,0,0,0,0,0,0,0,-0.39073112848927355,-0.9205048534524404,0,0,0,1,0,0,0,0,0,0,0,0,0,0,0,0,0,1,0,0,0,0,1,0,0,0,0,0,0,0,0,0,0,0,0,0,0,0,0,0,1,0,0,0,1,0,0,0,0,0,0,0,0,0,0,0,0,0,0,0,1,0,0,0,0,0,0,1,0,0,0,0,0,0,0,0,0,0,0,0,0,0,0,0,0,0,1,0,0,0,0,2,0,0,0,0,0,0,0,0,0,0.5697633246429553,1.0,1.1537573692110028,1.0,1.2774091804901615,1.0,2.2264016722634667,1.0,185987.7100000002,664222.4000000004
2,0,6,185535.0700000003,664068.2300000004,0,963.02465,0.0,1295,0,0,0,0,0,1,0,0,0,0,0,0,0.0,1.0,2,0,6,185535.0700000003,664068.2300000004,0,963.02465,0.0,1295,0,0,0,0,0,1,0,0,0,0,0,0,0.0,1.0,2,0,6,185535.0700000003,664068.2300000004,0,963.02465,0.0,1295,0,0,0,0,0,1,0,0,0,0,0,0,0.0,1.0,2,0,6,185535.0700000003,664068.2300000004,0,963.02465,0.0,1295,0,0,0,0,0,1,0,0,0,0,0,0,0.0,1.0,0,0,0,1,0,0,0,0,0,0,0,0,0,0,0,0,0,1,0,0,0,0,1,0,0,0,0,0,0,0,0,0,0,0,0,0,0,0,0,0,1,0,0,0,0,1,0,0,0,0,0,0,0,0,0,0,0,0,0,0,0,0,0,0,1,0,0,0,1,0,0,0,0,0,0,0,0,0,0,0,0,0,0,0,0,0,0,0,1,0,0,4,0,0,0,0,0,0,0,0,0,0.0,1.0,0.0,1.0,0.0,1.0,0.0,1.0,185535.0700000003,664068.2300000004
2,5,5,185216.09999999963,667552.0,0,16.41175,0.0,860,0,0,0,1,0,0,0,0,0,0,0,0,-0.9396926207859085,0.34202014332566816,2,5,5,183914.61000000036,667822.4000000004,0,15.611933333333333,0.0,860,0,0,0,1,0,0,0,0,0,0,0,0,-0.05233595624294437,0.9986295347545738,2,5,5,185175.0499999998,665339.1899999995,0,5.879033333333333,0.0,860,0,0,0,1,0,0,0,0,0,0,0,0,-0.19080899537654467,0.981627183447664,1,5,5,183985.3099999996,664976.5299999993,0,5.645083333333333,0.0,860,0,0,0,1,0,0,0,0,0,0,0,0,0.754709580222772,0.6560590289905073,0,0,1,0,0,0,0,0,0,0,0,0,0,0,0,0,1,0,0,0,0,1,0,0,0,0,0,0,0,0,0,0,0,0,0,0,0,0,1,0,0,0,0,0,1,0,0,0,0,0,0,0,0,0,0,0,0,0,0,1,0,0,0,0,0,0,0,1,0,0,0,0,0,0,0,0,0,0,0,0,0,0,0,0,0,1,0,0,0,0,0,0,0,0,0,0,0,0,0,0,0,1.369533010646997,1.0,1.6298104304123744,1.0,1.3059636989814742,1.0,1.6444620684707199,1.0,184572.76749999984,666422.5299999998
2,0,6,191566.1299999999,675454.4299999997,0,892.99325,0.0,790,0,0,0,0,0,0,0,0,0,0,1,0,0.0,1.0,2,5,10,192588.8099999996,676698.4299999997,0,25.293383333333335,0.0,1000,0,0,0,0,0,1,0,0,0,0,0,0,-0.945518575599317,0.3255681544571563,2,3,5,191099.5499999998,677088.1999999993,0,6.976616666666667,0.0,1000,0,0,0,0,0,1,0,0,0,0,0,0,0.9659258262890683,-0.25881904510252085,2,5,5,195423.58000000007,676491.9800000004,0,3.3601,0.0,1000,0,0,0,0,0,1,0,0,0,0,0,0,-0.9563047559630353,-0.2923717047227371,0,0,0,1,0,0,0,0,0,0,0,0,0,0,0,0,0,1,0,0,0,0,0,1,0,0,0,0,0,0,0,0,0,0,0,0,0,0,0,0,0,0,1,0,0,0,1,0,0,0,1,0,0,0,0,0,0,0,0,0,0,0,0,0,0,0,0,1,0,0,0,0,0,0,0,0,0,0,0,0,0,0,0,0,0,0,1,0,0,0,0,0,0,0,0,0,0,0,0,0,0,1.292068335626697,1.0,0.24280680090044507,1.0,1.490145992883182,1.0,2.413077232716385,1.0,192669.51749999984,676433.2599999998
1,0,6,182872.16999999995,651485.9199999999,0,963.0238,0.0,1295,0,0,0,0,0,1,0,0,0,0,0,0,0.0,1.0,1,0,6,178177.33999999985,654886.4199999999,0,963.0238666666667,0.0,1295,0,0,0,0,0,1,0,0,0,0,0,0,0.0,1.0,1,0,6,178177.33999999985,654886.4199999999,0,963.0238666666667,0.0,1295,0,0,0,0,0,1,0,0,0,0,0,0,0.0,1.0,1,0,6,178177.33999999985,654886.4199999999,0,963.0238666666667,0.0,1295,0,0,0,0,0,1,0,0,0,0,0,0,0.0,1.0,0,0,0,1,0,0,0,0,0,0,0,0,0,0,0,0,0,1,0,0,0,0,1,0,0,0,0,0,0,0,0,0,0,0,0,0,0,0,0,0,1,0,0,0,0,1,0,0,0,0,0,0,0,0,0,0,0,0,0,0,0,0,0,0,1,0,0,0,1,0,0,0,0,0,0,0,0,0,0,0,0,0,0,0,0,0,0,0,1,0,0,0,0,0,0,0,0,0,0,0,0,2.4806009783925957,1.0,0.8268669927975274,1.0,0.8268669927975274,1.0,0.8268669927975274,1.0,179351.04749999987,654036.2949999999
1,5,5,185210.61000000036,665469.4700000007,0,11.089916666666667,0.0,1353,0,0,0,0,0,0,0,1,0,0,0,0,-0.8191520442889916,-0.5735764363510464,1,5,6,184371.91000000012,667512.6099999994,0,7.489933333333333,0.0,1353,0,0,0,0,0,0,0,1,0,0,0,0,0.9563047559630354,0.29237170472273677,1,5,5,184282.0,664930.1600000001,0,6.190016666666667,0.0,1353,0,0,0,0,0,0,0,1,0,0,0,0,0.992546151641322,0.12186934340514749,1,5,5,185209.24000000025,664808.7799999993,0,2.69025,0.0,1353,0,0,0,0,0,0,0,1,0,0,0,0,0.9702957262759965,-0.24192189559966779,0,0,1,0,0,0,0,0,0,0,0,0,0,1,0,0,0,0,0,0,0,1,0,0,0,0,0,0,0,0,0,0,0,0,0,0,0,0,1,0,0,0,0,0,1,0,0,0,0,0,0,0,0,0,0,0,0,0,0,1,0,0,0,0,0,0,0,1,0,0,0,0,0,0,0,0,0,0,0,0,0,0,0,0,0,0,1,0,0,0,0,0,0,0,0,0,0,0,0,0,0,0.6405776595687981,1.0,2.4516821653165004,1.0,1.1691279650917346,1.0,1.277141035263618,1.0,184768.44000000018,665680.2549999999
2,5,9,184793.1799999997,667594.3000000007,0,40.082483333333336,0.0,860,0,0,0,1,0,0,0,0,0,0,0,0,-0.9925461516413221,-0.12186934340514717,1,5,6,183831.08999999985,666072.9499999993,0,26.348983333333333,0.0,860,0,0,0,1,0,0,0,0,0,0,0,0,-0.5591929034707467,-0.8290375725550417,2,5,5,184437.9500000002,664895.3100000005,0,17.965666666666667,0.0,860,0,0,0,1,0,0,0,0,0,0,0,0,0.1908089953765448,0.981627183447664,2,5,5,185108.8200000003,666641.4299999997,0,5.56625,0.0,860,0,0,0,1,0,0,0,0,0,0,0,0,0.9993908270190958,-0.03489949670250073,0,0,1,0,0,0,0,0,0,0,0,0,0,0,0,0,1,0,0,0,0,0,0,1,0,0,0,0,0,0,0,1,0,0,0,0,0,0,0,0,0,0,0,0,1,0,0,0,0,0,0,0,0,0,0,0,0,0,0,1,0,0,0,0,0,0,0,1,0,0,0,0,0,0,0,0,0,0,0,0,0,0,0,0,1,0,0,0,0,0,0,0,0,0,0,0,0,0,0,0,0,1.8153833196882787,1.0,1.0298633777050883,1.0,1.942533458948056,1.0,0.9102853009455623,1.0,184542.76,666300.9975
2,0,7,177403.1200000001,662212.1300000008,0,0.0,100.32483755787037,2205,0,0,0,0,1,0,0,0,0,0,0,0,0.0,1.0,2,5,5,180181.41999999995,665143.6099999994,0,29.682733333333335,0.0,1540,0,0,0,0,0,0,0,0,1,0,0,0,-0.08715574274765794,-0.9961946980917455,2,5,5,181201.75,666421.5500000007,0,19.732783333333334,0.0,1540,0,0,0,0,0,0,0,0,1,0,0,0,-0.9063077870366498,0.4226182617406996,1,5,5,180933.6399999997,665496.5099999998,0,7.349483333333334,0.0,1540,0,0,0,0,0,0,0,0,1,0,0,0,0.6427876096865393,0.766044443118978,1,0,0,1,0,0,0,0,0,0,0,0,0,0,0,0,0,1,0,0,0,1,0,0,0,0,0,0,0,0,0,0,0,0,0,1,0,0,0,0,0,0,0,0,1,0,0,0,0,0,0,0,0,0,0,0,0,0,0,1,0,0,0,0,0,0,0,1,0,0,0,0,0,0,0,0,0,0,0,0,0,0,0,0,0,0,1,0,0,0,0,0,0,0,0,0,0,0,0,0,0,2.356064161088363,1.0,0.26677324869654456,1.0,1.3281024307073834,1.0,0.7861262796628327,1.0,179929.98249999993,664818.4500000002
1,0,10,186647.59999999963,695230.3699999992,0,0.0,30.044021736111112,738,0,0,0,0,0,0,0,0,0,1,0,0,0.0,1.0,2,4,5,187741.5,694131.5,0,22.357633333333332,0.0,787,0,0,0,0,0,0,0,0,0,1,0,0,-0.01745240643728445,0.9998476951563913,6,5,6,188772.9299999997,692279.4600000009,0,13.29085,0.0,787,0,0,0,0,0,0,0,0,0,1,0,0,-0.992546151641322,0.12186934340514768,2,3,5,185471.7000000002,686376.2100000009,0,5.974666666666667,0.0,787,0,0,0,0,0,0,0,0,0,1,0,0,0.8746197071393957,0.4848096202463371,0,0,0,1,0,0,0,0,0,0,0,0,0,0,0,0,0,1,0,0,0,1,0,0,0,0,0,0,0,0,0,0,0,0,0,0,0,0,1,0,0,0,0,1,0,0,0,0,1,0,0,0,0,0,0,0,0,0,0,0,0,0,0,0,0,0,0,1,0,0,0,0,0,0,0,0,0,0,0,0,0,0,0,0,0,1,0,0,0,0,0,0,0,0,0,0,0,0,0,0,0,1.405905705460511,1.0,0.9493778033470142,1.0,0.7049645087076062,1.0,2.529067739851618,0.0,249544.57666666651,922672.5133333337
2,0,6,186214.3899999997,659530.0600000005,0,0.0,132.7193820023148,790,0,0,0,0,0,0,0,0,0,0,1,0,0.0,1.0,1,0,10,187492.6399999997,659382.8399999999,0,0.0,128.82849047453703,787,0,0,0,0,0,0,0,0,0,1,0,0,0.0,1.0,1,0,10,187422.34999999963,659473.8200000003,0,0.0,128.82849077546297,787,0,0,0,0,0,0,0,0,0,1,0,0,0.0,1.0,1,0,6,187269.54000000004,659426.4900000002,0,0.0,1.8285021296296295,787,0,0,0,0,0,0,0,0,0,1,0,0,0.0,1.0,0,0,0,1,0,0,0,0,0,0,0,0,0,0,0,0,0,1,0,0,0,0,1,0,0,0,0,0,0,0,0,0,0,0,0,0,0,0,0,0,1,0,0,0,0,1,0,0,0,0,0,0,0,0,0,0,0,0,0,0,0,0,0,0,1,0,0,0,1,0,0,0,0,0,0,0,0,0,0,0,0,0,0,0,0,0,0,0,1,0,0,2,0,0,0,0,0,0,0,0,0,3.1059032606441974,0.0,1.3951424205588776,1.0,1.1298466536735834,1.0,0.6008449449407224,1.0,249466.30666666632,879271.0700000003
2,0,10,186290.9000000004,659876.8599999994,0,0.0,133.18465826388888,790,0,0,0,0,0,0,0,0,0,0,1,0,0.0,1.0,2,0,10,186290.9000000004,659876.8599999994,0,0.0,133.18465826388888,790,0,0,0,0,0,0,0,0,0,0,1,0,0.0,1.0,1,0,10,187492.6399999997,659382.8399999999,0,0.0,129.29377861111112,787,0,0,0,0,0,0,0,0,0,1,0,0,0.0,1.0,1,0,10,187492.6399999997,659382.8399999999,0,0.0,129.29377861111112,787,0,0,0,0,0,0,0,0,0,1,0,0,0.0,1.0,0,0,0,1,0,0,0,0,0,0,0,0,0,0,0,0,0,1,0,0,0,0,1,0,0,0,0,0,0,0,0,0,0,0,0,0,0,0,0,0,1,0,0,0,0,1,0,0,0,0,0,0,0,0,0,0,0,0,0,0,0,0,0,0,1,0,0,0,1,0,0,0,0,0,0,0,0,0,0,0,0,0,0,0,0,0,0,0,1,0,0,2,2,0,0,0,0,0,0,0,0,1.532434890467292,1.0,1.532434890467292,1.0,1.532434890467292,1.0,1.532434890467292,1.0,186891.77000000005,659629.8499999996
2,0,10,177334.5,661514.4299999997,0,0.0,101.1326094212963,785,0,0,0,0,0,0,0,1,0,0,0,0,0.0,1.0,2,0,10,177321.38999999966,661428.4299999997,0,0.0,101.13259777777778,785,0,0,0,0,0,0,0,1,0,0,0,0,0.0,1.0,2,0,6,177434.91000000015,662363.7100000009,0,0.0,101.13259782407407,785,0,0,0,0,0,0,0,1,0,0,0,0,0.0,1.0,2,0,10,177366.4400000004,661908.0899999999,0,0.0,98.36649825231481,2205,0,0,0,0,1,0,0,0,0,0,0,0,0.0,1.0,1,0,0,1,0,0,0,0,0,0,0,0,0,0,0,0,0,1,0,0,0,0,1,0,0,0,0,0,0,0,0,0,0,0,0,0,0,0,0,0,1,0,0,0,0,1,0,0,0,0,0,0,0,0,0,0,0,0,0,0,0,0,0,0,1,0,0,0,1,0,0,0,0,0,0,0,0,0,0,0,0,0,0,0,0,0,0,0,1,0,0,4,0,0,0,0,0,0,0,0,0,1.403289451111658,1.0,1.8227531038509388,1.0,2.724259878598672,0.0,0.5040768672382816,1.0,236485.74666666673,882404.8866666667
1,0,8,178853.0599999996,645047.1500000004,0,0.0,1.953472488425926,1366,0,0,0,0,0,0,0,0,1,0,0,0,0.0,1.0,1,0,6,179275.6900000004,645032.3599999994,0,0.0,1.9951377199074074,1366,0,0,0,0,0,0,0,0,1,0,0,0,0.0,1.0,2,5,8,179341.7000000002,644113.1400000006,0,28.731166666666667,0.0,1540,0,0,0,0,0,0,0,0,1,0,0,0,-0.9205048534524403,-0.3907311284892738,1,5,5,181062.2199999997,643614.5099999998,0,19.648933333333332,0.0,1540,0,0,0,0,0,0,0,0,1,0,0,0,0.9702957262759965,-0.24192189559966779,0,0,0,1,0,0,0,0,0,0,0,0,0,0,0,0,0,1,0,0,0,0,1,0,0,0,0,0,0,0,0,0,0,0,0,0,0,0,0,0,1,0,0,0,1,0,0,0,0,0,0,0,0,0,0,0,0,0,0,1,0,0,0,0,0,0,0,1,0,0,0,0,0,0,0,0,0,0,0,0,0,0,0,1,0,0,0,0,0,0,0,0,0,0,0,0,0,0,0,0,0,1.3443497984635715,1.0,0.9340100716323739,1.0,0.612089610359738,1.0,2.268952335711502,1.0,179633.16749999998,644451.79
1,0,10,185945.34999999963,672815.7400000002,0,0.0,35.25553912037037,2324,0,0,0,0,1,0,0,0,0,0,0,0,0.0,1.0,1,0,6,184323.34999999963,672013.5800000001,0,358.0306166666667,0.0,2205,0,0,0,0,1,0,0,0,0,0,0,0,0.0,1.0,2,5,5,184830.74000000025,672281.1300000008,0,10.8432,0.0,785,0,0,0,0,0,0,0,1,0,0,0,0,-0.34202014332566866,-0.9396926207859084,2,4,8,184336.34999999963,671078.3800000008,0,2.8806333333333334,0.0,1353,0,0,0,0,0,0,0,1,0,0,0,0,0.754709580222772,0.6560590289905073,0,0,0,1,0,0,0,0,0,0,0,0,0,0,0,0,0,1,0,0,0,0,1,0,0,0,0,0,0,0,0,0,0,0,0,0,0,0,0,0,1,0,0,0,1,0,0,0,0,0,0,0,0,0,0,0,0,0,0,0,1,0,0,0,0,0,0,1,0,0,0,0,0,0,0,0,0,0,0,0,0,0,0,1,0,0,0,0,0,0,0,0,0,0,0,0,0,0,0,0,0,2.0643887594514427,1.0,0.8325029214333471,1.0,0.3655103298506068,1.0,1.7076415971954113,1.0,184858.94749999978,672047.2075000005
2,0,10,186214.3899999997,659530.0600000005,0,0.0,133.46936159722222,790,0,0,0,0,0,0,0,0,0,0,1,0,0.0,1.0,1,0,10,187667.66999999995,659861.0099999998,0,0.0,84.74513695601851,1353,0,0,0,0,0,0,0,1,0,0,0,0,0.0,1.0,2,0,6,186351.3200000003,660157.3000000007,0,1415.1160333333332,0.0,2324,0,0,0,0,1,0,0,0,0,0,0,0,0.0,1.0,2,5,5,186955.1200000001,658734.8200000003,0,1.6970333333333334,0.0,2324,0,0,0,0,1,0,0,0,0,0,0,0,-0.19080899537654467,0.981627183447664,0,0,0,1,0,0,0,0,0,0,0,0,0,0,0,0,0,1,0,0,0,0,1,0,0,0,0,0,0,0,0,0,0,0,0,0,0,0,0,0,1,0,0,0,0,1,0,0,0,0,0,0,0,0,0,0,0,0,0,0,0,0,0,0,1,0,0,1,0,0,0,0,0,0,0,0,0,0,0,0,0,0,0,0,1,0,0,0,0,0,0,2,0,0,0,0,0,0,0,0,0,1.0564276324481376,1.0,1.6595280996229382,1.0,1.3322963894729603,1.0,1.538599385012053,1.0,186797.125,659570.7975000003
2,0,6,177405.6900000004,662240.8399999999,0,0.0,100.61649878472222,2205,0,0,0,0,1,0,0,0,0,0,0,0,0.0,1.0,2,0,6,182695.59999999963,668331.6799999997,0,833.0082666666667,0.0,1295,0,0,0,0,0,1,0,0,0,0,0,0,0.0,1.0,2,0,6,183423.9299999997,668158.7100000009,0,833.0083,0.0,1295,0,0,0,0,0,1,0,0,0,0,0,0,0.0,1.0,2,0,6,180067.6200000001,662404.2200000007,0,473.04165,0.0,1540,0,0,0,0,0,0,0,0,1,0,0,0,0.0,1.0,1,0,0,1,0,0,0,0,0,0,0,0,0,0,0,0,0,1,0,0,0,0,1,0,0,0,0,0,0,0,0,0,0,0,0,0,0,0,0,0,1,0,0,0,0,1,0,0,0,0,0,0,0,0,0,0,0,0,0,0,0,0,0,0,1,0,0,0,1,0,0,0,0,0,0,0,0,0,0,0,0,0,0,0,0,0,0,0,1,0,0,2,0,0,0,0,0,0,0,0,0,1.7368414607402045,1.0,1.3266840639358457,1.0,1.4348244874372482,1.0,1.1237265367498923,1.0,180898.20999999996,665283.8625000003
2,0,10,177976.3700000001,658984.2100000009,0,0.0,82.26046798611111,1540,0,0,0,0,0,0,0,0,1,0,0,0,0.0,1.0,2,0,6,177937.33999999985,658564.3000000007,0,773.0071166666667,0.0,1295,0,0,0,0,0,1,0,0,0,0,0,0,0.0,1.0,2,0,6,180765.86000000036,657536.9499999993,0,773.0071333333333,0.0,1295,0,0,0,0,0,1,0,0,0,0,0,0,0.0,1.0,2,0,6,180689.86000000036,657504.1899999995,0,773.00735,0.0,1295,0,0,0,0,0,1,0,0,0,0,0,0,0.0,1.0,0,0,0,1,0,0,0,0,0,0,0,0,0,0,0,0,0,1,0,0,0,0,1,0,0,0,0,0,0,0,0,0,0,0,0,0,0,0,0,0,1,0,0,0,0,1,0,0,0,0,0,0,0,0,0,0,0,0,0,0,0,0,0,0,1,0,0,0,1,0,0,0,0,0,0,0,0,0,0,0,0,0,0,0,0,0,0,0,1,0,0,2,0,0,0,0,0,0,0,0,0,1.5781550048661026,1.0,1.4438178540671376,1.0,1.5258988909802942,1.0,1.4709978453330226,1.0,179342.35750000016,658147.4125000001
2,0,10,179084.16000000015,663131.1799999997,0,0.0,153.98870518518518,1141,0,0,0,0,0,0,1,0,0,0,0,0,0.0,1.0,2,0,10,179225.83999999985,663041.8200000003,0,0.0,124.91179543981481,785,0,0,0,0,0,0,0,1,0,0,0,0,0.0,1.0,2,0,10,177424.86000000034,662262.4000000004,0,0.0,100.88259403935186,785,0,0,0,0,0,0,0,1,0,0,0,0,0.0,1.0,1,0,10,180770.2999999998,661493.5800000001,0,0.0,22.98937650462963,1141,0,0,0,0,0,0,1,0,0,0,0,0,0.0,1.0,1,0,0,1,0,0,0,0,0,0,0,0,0,0,0,0,0,1,0,0,0,0,1,0,0,0,0,0,0,0,0,0,0,0,0,0,0,0,0,0,1,0,0,0,0,1,0,0,0,0,0,0,0,0,0,0,0,0,0,0,0,0,0,0,1,0,0,0,1,0,0,0,0,0,0,0,0,0,0,0,0,0,0,0,0,0,0,0,1,0,0,0,0,0,0,0,0,0,0,0,0,0.70396785725234,1.0,0.6152656800854156,1.0,1.8571539144853073,1.0,2.0767089778593926,1.0,179126.29000000004,662482.2450000001
2,0,8,177956.8700000001,658813.6199999992,0,0.0,88.67714221064814,1540,0,0,0,0,0,0,0,0,1,0,0,0,0.0,1.0,1,0,10,179004.88999999966,658838.9399999995,0,0.0,52.354318113425926,142,1,0,0,0,0,0,0,0,0,0,0,0,0.0,1.0,2,5,5,180485.6900000004,657680.5099999998,0,29.284566666666667,0.0,2324,0,0,0,0,1,0,0,0,0,0,0,0,0.8987940462991669,-0.4383711467890775,2,5,5,181614.79000000004,656487.1400000006,0,12.984666666666667,0.0,2324,0,0,0,0,1,0,0,0,0,0,0,0,-0.6156614753256588,0.7880107536067216,0,0,0,1,0,0,0,0,0,0,0,0,0,0,0,0,0,1,0,0,0,0,1,0,0,0,0,0,0,0,0,0,0,0,0,0,0,0,0,0,1,0,0,0,1,0,0,0,0,0,0,0,0,0,0,0,0,0,0,0,0,0,1,0,0,0,0,1,0,0,0,0,0,0,0,0,0,0,0,0,0,0,0,1,0,0,0,0,0,0,0,0,0,0,0,0,0,0,0,0,0,1.6942553370516782,1.0,0.9868194327409019,1.0,0.6521791898361948,1.0,1.9979648234962086,1.0,179765.56000000006,657955.0524999998
2,0,10,177334.5,661514.4299999997,0,0.0,109.88261087962962,785,0,0,0,0,0,0,0,1,0,0,0,0,0.0,1.0,2,0,10,177347.7999999998,661625.0600000005,0,0.0,109.88261090277778,785,0,0,0,0,0,0,0,1,0,0,0,0,0.0,1.0,2,0,10,177401.2000000002,662045.3599999994,0,0.0,109.88261090277778,785,0,0,0,0,0,0,0,1,0,0,0,0,0.0,1.0,2,0,6,177381.58999999985,662031.7899999991,0,0.0,107.11649982638889,2205,0,0,0,0,1,0,0,0,0,0,0,0,0.0,1.0,1,0,0,1,0,0,0,0,0,0,0,0,0,0,0,0,0,1,0,0,0,0,1,0,0,0,0,0,0,0,0,0,0,0,0,0,0,0,0,0,1,0,0,0,0,1,0,0,0,0,0,0,0,0,0,0,0,0,0,0,0,0,0,0,1,0,0,0,1,0,0,0,0,0,0,0,0,0,0,0,0,0,0,0,0,0,0,0,1,0,0,4,0,0,0,0,0,0,0,0,0,2.206522701886049,1.0,1.3630523287987404,1.0,1.8450270561138742,1.0,1.7271484830454844,1.0,177366.27249999996,661804.1599999997
2,0,6,177412.58000000007,662309.3499999996,0,0.0,100.28317087962962,2205,0,0,0,0,1,0,0,0,0,0,0,0,0.0,1.0,2,5,6,177179.16000000015,662546.8800000008,0,23.649533333333334,0.0,1353,0,0,0,0,0,0,0,1,0,0,0,0,-0.8829475928589271,0.4694715627858904,2,5,5,177971.2000000002,664253.8499999996,0,9.5994,0.0,1353,0,0,0,0,0,0,0,1,0,0,0,0,0.29237170472273677,0.9563047559630354,1,5,5,179634.20999999996,663338.9100000001,0,5.5494666666666665,0.0,1353,0,0,0,0,0,0,0,1,0,0,0,0,0.20791169081775931,0.9781476007338057,1,0,0,1,0,0,0,0,0,0,0,0,0,0,0,0,0,1,0,0,0,1,0,0,0,0,0,0,0,0,0,0,0,0,0,1,0,0,0,0,0,0,0,0,1,0,0,0,0,0,0,0,0,0,0,0,0,0,0,0,0,0,1,0,0,0,0,1,0,0,0,0,0,0,0,0,0,0,0,0,0,0,0,0,0,0,1,0,0,0,0,0,0,0,0,0,0,0,0,0,0,1.1910835179991575,1.0,1.2061436546109479,1.0,1.33004902073183,1.0,1.860987761430949,1.0,178049.2875000001,663112.2475
1,0,10,183694.99000000025,652624.1099999994,0,0.0,90.72803658564816,738,0,0,0,0,0,0,0,0,0,1,0,0,0.0,1.0,1,0,10,183741.01999999955,652595.0,0,0.0,90.72803722222223,738,0,0,0,0,0,0,0,0,0,1,0,0,0.0,1.0,1,0,10,183694.99000000025,652624.1099999994,0,0.0,90.76970341435185,738,0,0,0,0,0,0,0,0,0,1,0,0,0.0,1.0,2,5,5,177246.59999999963,655001.0500000007,0,2.4739333333333335,0.0,1000,0,0,0,0,0,1,0,0,0,0,0,0,-0.9702957262759966,0.24192189559966742,0,0,0,1,0,0,0,0,0,0,0,0,0,0,0,0,0,1,0,0,0,0,1,0,0,0,0,0,0,0,0,0,0,0,0,0,0,0,0,0,1,0,0,0,0,1,0,0,0,0,0,0,0,0,0,0,0,0,0,0,0,0,0,0,1,0,0,1,0,0,0,0,0,0,0,0,0,0,0,0,0,0,0,0,0,0,1,0,0,0,0,3,0,0,0,0,0,0,0,0,0,0.889674131104923,1.0,0.9174765040384232,1.0,0.889674131104923,1.0,2.6968118551094427,0.0,242792.5333333332,870948.0899999999
2,0,10,179084.16000000015,663131.1799999997,0,0.0,156.5789983101852,1141,0,0,0,0,0,0,1,0,0,0,0,0,0.0,1.0,2,0,10,179084.16000000015,663131.1799999997,0,0.0,156.5789983101852,1141,0,0,0,0,0,0,1,0,0,0,0,0,0.0,1.0,2,0,10,179084.16000000015,663131.1799999997,0,0.0,156.5789983101852,1141,0,0,0,0,0,0,1,0,0,0,0,0,0.0,1.0,1,0,10,179022.34999999963,665899.0600000005,0,0.0,58.37710016203704,1366,0,0,0,0,0,0,0,0,1,0,0,0,0.0,1.0,1,0,0,1,0,0,0,0,0,0,0,0,0,0,0,0,0,1,0,0,0,0,1,0,0,0,0,0,0,0,0,0,0,0,0,0,0,0,0,0,1,0,0,0,0,1,0,0,0,0,0,0,0,0,0,0,0,0,0,0,0,0,0,0,1,0,0,0,1,0,0,0,0,0,0,0,0,0,0,0,0,0,0,0,0,0,0,0,1,0,0,0,0,0,0,0,0,0,0,0,0,1.129759562863724,1.0,1.129759562863724,1.0,1.129759562863724,1.0,3.389278688591172,0.0,238758.2766666667,885097.5333333332
2,0,10,177401.2000000002,662045.3599999994,0,0.0,103.00760996527778,785,0,0,0,0,0,0,0,1,0,0,0,0,0.0,1.0,2,0,10,177347.7999999998,661625.0600000005,0,0.0,103.00760996527778,785,0,0,0,0,0,0,0,1,0,0,0,0,0.0,1.0,22,5,5,183017.59999999963,668740.5399999991,0,15.55835,0.0,785,0,0,0,0,0,0,0,1,0,0,0,0,-0.9975640502598242,-0.06975647374412558,2,5,5,180478.8099999996,662498.6999999993,0,6.025,0.0,785,0,0,0,0,0,0,0,1,0,0,0,0,0.08715574274765817,0.9961946980917455,1,0,0,1,0,0,0,0,0,0,0,0,0,0,0,0,0,1,0,0,0,0,1,0,0,0,0,0,0,0,0,0,0,0,0,0,0,0,0,0,1,0,0,0,0,0,1,0,0,0,0,0,0,1,0,0,0,0,0,0,0,0,0,0,0,0,0,1,0,0,0,0,0,0,0,0,0,0,0,0,0,0,0,1,0,0,0,0,0,0,0,2,0,0,0,0,0,0,0,0,0,1.0380802446686836,1.0,1.1575236794329997,1.0,2.30877363474069,1.0,0.5814311138702458,1.0,179561.3524999998,663727.4149999996
2,5,6,188304.96,668305.4800000004,0,18.333716666666668,0.0,2324,0,0,0,0,1,0,0,0,0,0,0,0,-0.9848077530122081,0.17364817766692997,2,5,5,189549.11000000036,665847.1699999999,0,6.03345,0.0,2324,0,0,0,0,1,0,0,0,0,0,0,0,-0.22495105434386534,0.9743700647852351,2,5,5,189175.09999999963,664619.7899999991,0,1.9164666666666668,0.0,2324,0,0,0,0,1,0,0,0,0,0,0,0,-0.9998476951563913,0.01745240643728313,2,5,5,189013.4699999997,664626.1699999999,0,1.3166166666666668,0.0,2324,0,0,0,0,1,0,0,0,0,0,0,0,-0.9986295347545738,0.052335956242943946,0,0,1,0,0,0,0,0,0,0,0,0,0,0,0,0,1,0,0,0,0,1,0,0,0,0,0,0,0,0,0,0,0,0,0,1,0,0,0,0,0,0,0,0,1,0,0,0,0,0,0,0,0,0,0,0,0,0,0,0,0,0,1,0,0,0,0,1,0,0,0,0,0,0,0,0,0,0,0,0,0,0,0,0,0,0,1,0,0,0,0,2,0,0,0,0,0,0,0,0,0,2.614346468381645,0.0,0.5509173365822052,1.0,1.2695234149359043,1.0,1.2518011594847571,1.0,252014.21333333323,887799.5366666665
2,0,7,177403.1200000001,662212.1300000008,0,0.0,100.2831696875,2205,0,0,0,0,1,0,0,0,0,0,0,0,0.0,1.0,17,0,10,178733.74000000022,662995.6600000001,0,0.0,70.77644510416667,790,0,0,0,0,0,0,0,0,0,0,1,0,0.0,1.0,2,5,5,179384.58999999985,661649.7400000002,0,10.330966666666667,0.0,1353,0,0,0,0,0,0,0,1,0,0,0,0,0.981627183447664,-0.1908089953765448,2,5,5,180451.1200000001,662963.2200000007,0,1.7809666666666666,0.0,1353,0,0,0,0,0,0,0,1,0,0,0,0,-0.9998476951563913,0.01745240643728313,1,0,0,1,0,0,0,0,0,0,0,0,0,0,0,0,0,1,0,0,0,0,1,0,0,0,0,0,0,0,0,0,0,0,0,0,0,0,0,0,1,0,0,0,1,0,0,0,0,0,0,0,0,0,0,0,0,0,0,0,0,0,1,0,0,0,0,1,0,0,0,0,0,0,0,0,0,0,0,0,0,0,0,0,0,0,1,0,0,0,0,0,0,0,0,0,0,0,0,0,0,1.9324588715690239,1.0,0.720245134414961,1.0,1.0759004665603134,1.0,1.8549221085806198,1.0,178993.14250000007,662455.1875000005
2,0,10,179084.16000000015,663131.1799999997,0,0.0,156.48870855324074,1141,0,0,0,0,0,0,1,0,0,0,0,0,0.0,1.0,2,0,10,179225.83999999985,663041.8200000003,0,0.0,127.41179880787037,785,0,0,0,0,0,0,0,1,0,0,0,0,0.0,1.0,1,0,10,180770.2999999998,661493.5800000001,0,0.0,25.489379872685184,1141,0,0,0,0,0,0,1,0,0,0,0,0,0.0,1.0,2,5,6,178477.63999999966,663114.5099999998,0,11.273633333333333,0.0,134,0,0,0,0,0,0,0,0,0,0,0,1,0.0,1.0,1,0,0,1,0,0,0,0,0,0,0,0,0,0,0,0,0,1,0,0,0,0,1,0,0,0,0,0,0,0,0,0,0,0,0,0,0,0,0,0,1,0,0,0,0,1,0,0,0,0,0,0,0,0,0,0,0,0,0,0,0,0,0,0,1,0,0,0,1,0,0,0,0,0,0,0,0,0,0,0,0,0,0,0,0,0,0,1,0,0,0,0,0,0,0,0,0,0,0,0,0,0.6912121641402014,1.0,0.49774717008632535,1.0,2.377408511798623,1.0,1.3034595011206604,1.0,179389.48499999987,662695.2725
2,5,6,185272.54000000004,664960.2400000002,0,31.480783333333335,0.0,1353,0,0,0,0,0,0,0,1,0,0,0,0,0.3090169943749475,-0.9510565162951535,1,4,5,185210.2199999997,665072.4700000007,0,23.147083333333335,0.0,1353,0,0,0,0,0,0,0,1,0,0,0,0,0.8090169943749475,0.5877852522924731,1,5,5,183599.79000000004,667008.9800000004,0,22.213816666666666,0.0,1353,0,0,0,0,0,0,0,1,0,0,0,0,-0.9781476007338058,0.20791169081775857,2,5,5,184555.54000000004,665402.3000000007,0,4.597383333333333,0.0,1353,0,0,0,0,0,0,0,1,0,0,0,0,0.25881904510252074,0.9659258262890683,0,0,1,0,0,0,0,0,0,0,0,0,0,0,0,0,1,0,0,0,0,1,0,0,0,0,0,0,0,0,0,0,0,0,0,0,0,0,1,0,0,0,0,0,1,0,0,0,0,0,0,0,0,0,0,0,0,0,0,0,0,0,1,0,0,0,0,1,0,0,0,0,0,0,0,0,0,0,0,0,0,0,0,1,0,0,0,0,0,0,0,0,0,0,0,0,0,0,0,0,0,1.1947871986475473,1.0,1.0293710356055477,1.0,2.3444089218591757,1.0,0.3116089667359633,1.0,184659.52249999996,665610.9975000005
1,0,10,188285.58999999985,659377.2899999991,0,0.0,124.2034645949074,170,0,0,0,0,0,0,0,0,0,0,1,0,0.0,1.0,1,0,10,190015.04000000004,659611.7300000004,0,0.0,33.21491150462963,787,0,0,0,0,0,0,0,0,0,1,0,0,0.0,1.0,1,0,10,189613.1399999997,659628.6600000001,0,0.0,13.311600219907408,738,0,0,0,0,0,0,0,0,0,1,0,0,0.0,1.0,1,0,6,190137.86000000036,659584.3200000003,0,0.0,2.0940193055555554,134,0,0,0,0,0,0,0,0,0,0,0,1,0.0,1.0,0,0,0,1,0,0,0,0,0,0,0,0,0,0,0,0,0,1,0,0,0,0,1,0,0,0,0,0,0,0,0,0,0,0,0,0,0,0,0,0,1,0,0,0,0,1,0,0,0,0,0,0,0,0,0,0,0,0,0,0,0,0,0,0,1,0,0,0,1,0,0,0,0,0,0,0,0,0,0,0,0,0,0,0,0,0,0,0,1,0,0,0,0,0,0,0,0,0,0,0,0,2.9654990615218204,0.0,1.2102686066431003,1.0,0.3041018793783966,1.0,1.49740878594712,1.0,252683.87666666662,879400.6666666666
17,0,10,178540.1799999997,663026.1099999994,0,0.0,71.20007504629629,790,0,0,0,0,0,0,0,0,0,0,1,0,0.0,1.0,17,0,10,178540.1799999997,663026.1099999994,0,0.0,71.20007504629629,790,0,0,0,0,0,0,0,0,0,0,1,0,0.0,1.0,2,0,6,179341.53000000026,663426.5099999998,0,1023.0080666666667,0.0,2205,0,0,0,0,1,0,0,0,0,0,0,0,0.0,1.0,2,0,6,179341.53000000026,663426.5099999998,0,1023.0080666666667,0.0,2205,0,0,0,0,1,0,0,0,0,0,0,0,0.0,1.0,1,0,0,1,0,0,0,0,0,0,0,0,0,0,0,0,0,1,0,0,0,0,1,0,0,0,0,0,0,0,0,0,0,0,0,0,0,0,0,0,1,0,0,0,0,1,0,0,0,0,0,0,0,0,0,0,0,0,0,0,0,0,0,0,1,0,0,0,1,0,0,0,0,0,0,0,0,0,0,0,0,0,0,0,0,0,0,0,1,0,0,2,2,0,0,0,0,0,0,0,0,1.49084849080778,1.0,1.49084849080778,1.0,1.49084849080778,1.0,1.49084849080778,1.0,178940.85499999998,663226.3099999996
2,0,6,176526.84999999963,658196.6999999993,0,0.0,1.9118331828703703,1540,0,0,0,0,0,0,0,0,1,0,0,0,0.0,1.0,2,0,6,175881.0700000003,659144.1699999999,0,0.0,1.9118332175925925,1540,0,0,0,0,0,0,0,0,1,0,0,0,0.0,1.0,2,0,7,175873.61000000034,659035.5199999996,0,0.0,1.9118332523148147,1540,0,0,0,0,0,0,0,0,1,0,0,0,0.0,1.0,2,0,6,175876.00999999978,658912.0899999999,0,0.0,1.9118333796296296,1540,0,0,0,0,0,0,0,0,1,0,0,0,0.0,1.0,0,0,0,1,0,0,0,0,0,0,0,0,0,0,0,0,0,1,0,0,0,0,1,0,0,0,0,0,0,0,0,0,0,0,0,0,0,0,0,0,1,0,0,0,0,1,0,0,0,0,0,0,0,0,0,0,0,0,0,0,0,0,0,0,1,0,0,0,1,0,0,0,0,0,0,0,0,0,0,0,0,0,0,0,0,0,0,0,1,0,0,3,0,0,0,0,0,0,0,0,0,2.4332811797152587,1.0,1.1012084599311027,1.0,0.8292189492010257,1.0,0.5723316842233275,1.0,176039.385,658822.1199999996
2,0,10,186290.9000000004,659876.8599999994,0,0.0,132.8860366435185,790,0,0,0,0,0,0,0,0,0,0,1,0,0.0,1.0,1,0,7,187286.83999999985,659459.1400000006,0,0.0,1.9951685416666667,787,0,0,0,0,0,0,0,0,0,1,0,0,0.0,1.0,20,0,6,187270.0,659512.6500000004,0,0.0,1.9951685648148147,787,0,0,0,0,0,0,0,0,0,1,0,0,0.0,1.0,1,0,7,187194.46,659282.0600000005,0,0.0,1.9951686226851852,787,0,0,0,0,0,0,0,0,0,1,0,0,0.0,1.0,0,0,0,1,0,0,0,0,0,0,0,0,0,0,0,0,0,1,0,0,0,0,1,0,0,0,0,0,0,0,0,0,0,0,0,0,0,0,0,0,1,0,0,0,0,1,0,0,0,0,0,0,0,0,0,0,0,0,0,0,0,0,0,0,1,0,0,0,1,0,0,0,0,0,0,0,0,0,0,0,0,0,0,0,0,0,0,0,1,0,0,2,0,0,0,0,0,0,0,0,0,2.5196171248231587,0.0,0.9030496854677484,1.0,0.8219163671729716,1.0,0.9818483666990334,1.0,249347.40000000005,879376.9033333337
17,0,10,178661.00999999978,663015.4499999993,0,0.0,70.65144054398148,790,0,0,0,0,0,0,0,0,0,0,1,0,0.0,1.0,2,0,10,178578.91999999993,665596.5600000005,0,0.0,55.8701443287037,1540,0,0,0,0,0,0,0,0,1,0,0,0,0.0,1.0,1,5,5,178724.24000000022,663972.5500000007,0,25.7411,0.0,1141,0,0,0,0,0,0,1,0,0,0,0,0,0.15643446504023087,0.9876883405951378,1,5,5,178740.70999999996,664052.8800000008,0,24.841033333333332,0.0,1141,0,0,0,0,0,0,1,0,0,0,0,0,0.224951054343865,0.9743700647852352,1,0,0,1,0,0,0,0,0,0,0,0,0,0,0,0,0,1,0,0,0,0,1,0,0,0,0,0,0,0,0,0,0,0,0,0,0,0,0,0,1,0,0,0,1,0,0,0,0,0,0,0,0,0,0,0,0,0,0,0,0,0,1,0,0,0,0,1,0,0,0,0,0,0,0,0,0,0,0,0,0,0,0,0,0,0,1,0,0,0,0,2,0,0,0,0,0,0,0,0,0,2.315174836856493,1.0,2.9151691855053534,0.0,0.39034422915215905,1.0,0.2519281353820012,1.0,238234.95999999996,885545.8133333338
2,5,7,186967.98000000045,663922.9700000007,0,29.818616666666667,0.0,2324,0,0,0,0,1,0,0,0,0,0,0,0,-0.10452846326765342,0.9945218953682733,2,5,7,187950.50999999975,667410.4800000004,0,24.618333333333332,0.0,2324,0,0,0,0,1,0,0,0,0,0,0,0,-0.9975640502598242,-0.06975647374412558,2,5,5,185663.50999999975,666637.6699999999,0,5.4156,0.0,2324,0,0,0,0,1,0,0,0,0,0,0,0,-1.0,-1.8369701987210297e-16,2,5,6,187744.53000000023,667347.0500000007,0,4.5157,0.0,2324,0,0,0,0,1,0,0,0,0,0,0,0,-0.9205048534524403,-0.3907311284892738,0,0,1,0,0,0,0,0,0,0,0,0,0,0,0,0,1,0,0,0,0,1,0,0,0,0,0,0,0,0,0,0,0,0,0,0,0,0,1,0,0,0,0,0,1,0,0,0,0,0,0,0,0,0,0,0,0,0,0,0,0,0,1,0,0,0,0,1,0,0,0,0,0,0,0,0,0,0,0,0,0,0,0,0,0,0,1,0,0,0,0,2,0,0,0,0,0,0,0,0,0,2.0776944203671297,1.0,1.1959990436361263,1.0,1.251496352359226,1.0,1.0472704367182004,1.0,187081.63250000007,666329.5425000004
2,5,5,187986.9299999997,668780.7400000002,0,30.526366666666668,0.0,2205,0,0,0,0,1,0,0,0,0,0,0,0,-0.8910065241883678,-0.4539904997395469,2,5,5,189592.26999999955,665660.2699999996,0,23.6599,0.0,2205,0,0,0,0,1,0,0,0,0,0,0,0,-0.3090169943749477,0.9510565162951535,1,5,5,187884.7000000002,666276.6300000008,0,29.273816666666665,0.0,1295,0,0,0,0,0,1,0,0,0,0,0,0,-0.9816271834476641,0.19080899537654425,2,5,5,188672.28000000023,665640.7899999991,0,9.59085,0.0,1295,0,0,0,0,0,1,0,0,0,0,0,0,0.0,1.0,0,0,1,0,0,0,0,0,0,0,0,0,0,0,0,0,1,0,0,0,0,1,0,0,0,0,0,0,0,0,0,0,0,0,0,1,0,0,0,0,0,0,0,0,1,0,0,0,0,0,0,0,0,0,0,0,0,0,0,0,1,0,0,0,0,0,0,1,0,0,0,0,0,0,0,0,0,0,0,0,0,0,0,1,0,0,0,0,0,0,0,0,0,0,0,0,0,0,0,0,0,2.289856598145511,1.0,1.4279839735462687,1.0,0.7308739716808574,1.0,0.9721873410292997,1.0,188534.04499999993,666589.6074999999
2,5,6,185114.3700000001,667585.9900000002,0,28.80605,0.0,1000,0,0,0,0,0,1,0,0,0,0,0,0,-0.9876883405951378,0.15643446504023067,2,5,10,184985.48000000045,666542.5399999991,0,22.4069,0.0,1000,0,0,0,0,0,1,0,0,0,0,0,0,-0.10452846326765305,-0.9945218953682734,2,5,5,185684.59999999963,667502.0999999996,0,11.00635,0.0,1000,0,0,0,0,0,1,0,0,0,0,0,0,-0.992546151641322,0.12186934340514768,2,5,6,183566.49000000025,666480.2599999998,0,6.523716666666667,0.0,1000,0,0,0,0,0,1,0,0,0,0,0,0,0.9702957262759965,0.2419218955996679,0,0,1,0,0,0,0,0,0,0,0,0,0,0,1,0,0,0,0,0,0,0,0,1,0,0,0,0,0,1,0,0,0,0,0,0,0,0,0,0,0,0,0,0,1,0,0,0,0,0,0,0,0,0,0,0,0,0,0,0,0,0,1,0,0,0,0,1,0,0,0,0,0,0,0,0,0,0,0,0,0,0,0,0,0,0,1,0,0,0,0,2,0,0,0,0,0,0,0,0,0,0.9605152321300726,1.0,0.7818864779376016,1.0,1.4964327540340707,1.0,2.1338066245762737,1.0,184837.7350000001,667027.7224999997
1,0,10,182329.61000000036,665960.5199999996,0,0.0,42.122330543981484,2205,0,0,0,0,1,0,0,0,0,0,0,0,0.0,1.0,2,5,6,183237.58999999985,667036.6300000008,0,19.672666666666668,0.0,1141,0,0,0,0,0,0,1,0,0,0,0,0,-0.587785252292473,-0.8090169943749475,1,5,5,181321.41999999995,665427.7300000004,0,3.9560166666666667,0.0,1141,0,0,0,0,0,0,1,0,0,0,0,0,0.48480962024633706,0.8746197071393957,1,5,6,181321.41999999995,665427.8399999999,0,3.5395,0.0,1141,0,0,0,0,0,0,1,0,0,0,0,0,0.48480962024633706,0.8746197071393957,0,0,0,1,0,0,0,0,0,0,0,0,0,0,0,0,0,1,0,0,0,1,0,0,0,0,0,0,0,0,0,0,0,0,0,0,1,0,0,0,0,0,0,0,1,0,0,0,0,0,0,0,0,0,0,0,0,0,0,1,0,0,0,0,0,0,0,0,0,1,0,0,0,0,0,1,0,0,0,0,0,0,0,0,0,0,0,0,0,0,0,2,0,0,0,0,0,0,0,0,0,0.3808390858726254,1.0,2.197483752094896,1.0,1.2454011490234023,1.0,1.245311830144313,1.0,182052.51,665963.1800000002
1,0,10,185861.98000000045,672598.8100000005,0,0.0,35.29721020833333,2324,0,0,0,0,1,0,0,0,0,0,0,0,0.0,1.0,1,0,10,185945.34999999963,672815.7400000002,0,0.0,35.33887697916666,2324,0,0,0,0,1,0,0,0,0,0,0,0,0.0,1.0,1,0,6,184348.9299999997,672070.2599999998,0,358.03266666666667,0.0,2205,0,0,0,0,1,0,0,0,0,0,0,0,0.0,1.0,1,0,6,184323.34999999963,672013.5800000001,0,418.0323833333333,0.0,2205,0,0,0,0,1,0,0,0,0,0,0,0,0.0,1.0,0,0,0,1,0,0,0,0,0,0,0,0,0,0,0,0,0,1,0,0,0,0,1,0,0,0,0,0,0,0,0,0,0,0,0,0,0,0,0,0,1,0,0,0,0,1,0,0,0,0,0,0,0,0,0,0,0,0,0,0,0,0,0,0,1,0,0,0,1,0,0,0,0,0,0,0,0,0,0,0,0,0,0,0,0,0,0,0,1,0,0,0,0,0,0,0,0,0,0,0,0,1.3764864451029513,1.0,1.661871197155628,1.0,1.4717611558547752,1.0,1.5528696288812864,1.0,185119.90249999985,672374.5975000001
2,0,10,178672.3799999999,665806.7899999991,0,0.0,56.036817094907406,1540,0,0,0,0,0,0,0,0,1,0,0,0,0.0,1.0,2,0,10,178578.91999999993,665596.5600000005,0,0.0,56.036817094907406,1540,0,0,0,0,0,0,0,0,1,0,0,0,0.0,1.0,1,0,6,180794.6399999997,661410.1999999993,0,254.6833,0.0,1141,0,0,0,0,0,0,1,0,0,0,0,0,0.0,1.0,2,5,5,181117.54000000004,666419.7699999996,0,18.24995,0.0,1540,0,0,0,0,0,0,0,0,1,0,0,0,-0.2419218955996675,-0.9702957262759965,1,0,0,1,0,0,0,0,0,0,0,0,0,0,0,0,0,1,0,0,0,0,1,0,0,0,0,0,0,0,0,0,0,0,0,0,0,0,0,0,1,0,0,0,0,1,0,0,0,0,0,0,0,0,0,0,0,0,0,0,0,0,0,0,1,0,0,1,0,0,0,0,0,0,0,0,0,0,0,0,0,0,0,0,0,0,1,0,0,0,0,2,0,0,0,0,0,0,0,0,0,0.9500299983046907,1.0,0.916075617658407,1.0,2.24517586222532,1.0,1.3225989241347023,1.0,179790.86999999988,664808.3299999996
2,0,10,179211.83999999985,663036.8800000008,0,0.0,158.7954364351852,1141,0,0,0,0,0,0,1,0,0,0,0,0,0.0,1.0,2,0,10,178747.04000000004,666085.1899999995,0,0.0,96.84436003472223,1000,0,0,0,0,0,1,0,0,0,0,0,0,0.0,1.0,2,0,10,178578.91999999993,665596.5600000005,0,0.0,56.66181373842593,1540,0,0,0,0,0,0,0,0,1,0,0,0,0.0,1.0,1,0,6,180794.6399999997,661410.1999999993,0,1094.6752833333333,0.0,1141,0,0,0,0,0,0,1,0,0,0,0,0,0.0,1.0,1,0,0,1,0,0,0,0,0,0,0,0,0,0,0,0,0,1,0,0,0,0,1,0,0,0,0,0,0,0,0,0,0,0,0,0,0,0,0,0,1,0,0,0,0,1,0,0,0,0,0,0,0,0,0,0,0,0,0,0,0,0,0,0,1,0,0,0,1,0,0,0,0,0,0,0,0,0,0,0,0,0,0,0,0,0,0,0,1,0,0,0,0,0,0,0,0,0,0,0,0,0.7211430242961178,1.0,1.535511230777234,1.0,1.2490256220460858,1.0,2.158946686412018,1.0,179333.10999999987,664032.2075
2,0,10,179084.16000000015,663131.1799999997,0,0.0,156.4053729398148,1141,0,0,0,0,0,0,1,0,0,0,0,0,0.0,1.0,2,0,10,177424.86000000034,662262.4000000004,0,0.0,103.29926178240741,785,0,0,0,0,0,0,0,1,0,0,0,0,0.0,1.0,2,0,10,178618.1799999997,665686.4600000009,0,0.0,56.24514138888889,1540,0,0,0,0,0,0,0,0,1,0,0,0,0.0,1.0,2,0,6,178394.1299999999,660835.9800000004,0,772.98695,0.0,2205,0,0,0,0,1,0,0,0,0,0,0,0,0.0,1.0,1,0,0,1,0,0,0,0,0,0,0,0,0,0,0,0,0,1,0,0,0,0,1,0,0,0,0,0,0,0,0,0,0,0,0,0,0,0,0,0,1,0,0,0,0,1,0,0,0,0,0,0,0,0,0,0,0,0,0,0,0,0,0,0,1,0,0,0,1,0,0,0,0,0,0,0,0,0,0,0,0,0,0,0,0,0,0,0,1,0,0,0,0,0,0,0,0,0,0,0,0,0.6076448900019922,1.0,1.007838832822424,1.0,2.2934717056741594,1.0,1.8084186834753744,1.0,178380.33250000002,662979.0050000004
1,0,10,188299.2199999997,659292.9600000009,0,0.0,159.09105721064816,738,0,0,0,0,0,0,0,0,0,1,0,0,0.0,1.0,1,0,10,188285.58999999985,659377.2899999991,0,0.0,159.09105734953704,738,0,0,0,0,0,0,0,0,0,1,0,0,0.0,1.0,1,0,10,189948.21,659628.6099999994,0,0.0,33.048244780092595,787,0,0,0,0,0,0,0,0,0,1,0,0,0.0,1.0,1,0,9,189608.8799999999,659721.5999999996,0,0.0,13.103256412037037,738,0,0,0,0,0,0,0,0,0,1,0,0,0.0,1.0,0,0,0,1,0,0,0,0,0,0,0,0,0,0,0,0,0,1,0,0,0,0,1,0,0,0,0,0,0,0,0,0,0,0,0,0,0,0,0,0,1,0,0,0,0,1,0,0,0,0,0,0,0,0,0,0,0,0,0,0,0,0,0,0,1,0,0,0,1,0,0,0,0,0,0,0,0,0,0,0,0,0,0,0,0,0,0,0,1,0,0,2,0,0,0,0,0,0,0,0,0,1.6506142389226728,1.0,1.638742714961805,1.0,1.984177454345751,1.0,1.320363285057148,1.0,189035.47499999986,659505.1149999998
17,0,10,178661.00999999978,663015.4499999993,0,0.0,71.48478133101852,790,0,0,0,0,0,0,0,0,0,0,1,0,0.0,1.0,2,0,10,178618.1799999997,665686.4600000009,0,0.0,56.703484930555554,1540,0,0,0,0,0,0,0,0,1,0,0,0,0.0,1.0,2,5,5,179050.78000000026,660763.75,0,12.518383333333333,0.0,2324,0,0,0,0,1,0,0,0,0,0,0,0,0.8290375725550417,-0.5591929034707467,2,5,5,179522.83999999985,664559.6999999993,0,2.584983333333333,0.0,2324,0,0,0,0,1,0,0,0,0,0,0,0,0.913545457642601,-0.4067366430758001,1,0,0,1,0,0,0,0,0,0,0,0,0,0,0,0,0,1,0,0,0,0,1,0,0,0,0,0,0,0,0,0,0,0,0,0,0,0,0,0,1,0,0,0,1,0,0,0,0,0,0,0,0,0,0,0,0,0,0,0,0,0,1,0,0,0,0,1,0,0,0,0,0,0,0,0,0,0,0,0,0,0,0,0,0,0,1,0,0,0,0,0,0,0,0,0,0,0,0,0,0,0.5216621932956347,1.0,1.9974715155058411,1.0,2.4831946673598617,1.0,1.0794303167861938,1.0,178963.2024999999,663506.3399999999
2,0,8,186255.74000000025,659726.9600000009,0,0.0,139.4693648611111,790,0,0,0,0,0,0,0,0,0,0,1,0,0.0,1.0,1,0,10,187498.5599999996,659374.9499999993,0,0.0,92.57848538194445,787,0,0,0,0,0,0,0,0,0,1,0,0,0.0,1.0,1,0,10,186004.1399999997,659312.2799999993,0,0.0,47.54276778935185,787,0,0,0,0,0,0,0,0,0,1,0,0,0.0,1.0,1,0,8,186080.84999999963,659975.5700000003,0,0.0,4.710348622685185,1353,0,0,0,0,0,0,0,1,0,0,0,0,0.0,1.0,0,0,0,1,0,0,0,0,0,0,0,0,0,0,0,0,0,1,0,0,0,0,1,0,0,0,0,0,0,0,0,0,0,0,0,0,0,0,0,0,1,0,0,0,0,1,0,0,0,0,0,0,0,0,0,0,0,0,0,0,0,0,0,0,1,0,0,0,1,0,0,0,0,0,0,0,0,0,0,0,0,0,0,0,0,0,0,0,1,0,0,0,0,0,0,0,0,0,0,0,0,0.5517719213933625,1.0,2.4249696431150203,1.0,1.2271024343865469,1.0,1.2220805321370705,1.0,186459.82249999978,659597.44
2,0,10,177408.16000000015,662268.3399999999,0,0.0,100.99150416666667,2205,0,0,0,0,1,0,0,0,0,0,0,0,0.0,1.0,2,0,10,178747.04000000004,666085.1899999995,0,0.0,56.70348333333333,1540,0,0,0,0,0,0,0,0,1,0,0,0,0.0,1.0,1,0,6,180789.41999999995,661429.6300000008,0,1214.6826666666666,0.0,1141,0,0,0,0,0,0,1,0,0,0,0,0,0.0,1.0,2,5,5,177972.91999999993,664258.9399999995,0,12.732566666666667,0.0,2324,0,0,0,0,1,0,0,0,0,0,0,0,0.29237170472273677,0.9563047559630354,1,0,0,1,0,0,0,0,0,0,0,0,0,0,0,0,0,1,0,0,0,0,1,0,0,0,0,0,0,0,0,0,0,0,0,0,0,0,0,0,1,0,0,0,0,1,0,0,0,0,0,0,0,0,0,0,0,0,0,0,0,0,0,0,1,0,0,1,0,0,0,0,0,0,0,0,0,0,0,0,0,0,0,1,0,0,0,0,0,0,0,0,0,0,0,0,0,0,0,0,0,1.1745647020447456,1.0,1.6676252332854045,1.0,1.8965134192377415,1.0,0.6892243372794444,1.0,178729.385,663510.5249999999
2,0,6,177405.6900000004,662240.8399999999,0,0.0,100.03316664351851,2205,0,0,0,0,1,0,0,0,0,0,0,0,0.0,1.0,2,0,10,178618.1799999997,665686.4600000009,0,0.0,55.74514578703704,1540,0,0,0,0,0,0,0,0,1,0,0,0,0.0,1.0,1,0,6,179719.23000000045,665936.1300000008,0,0.0,12.703502268518518,1366,0,0,0,0,0,0,0,0,1,0,0,0,0.0,1.0,2,5,5,181282.6900000004,664238.7799999993,0,5.793233333333333,0.0,2205,0,0,0,0,1,0,0,0,0,0,0,0,-0.945518575599317,0.3255681544571563,1,0,0,1,0,0,0,0,0,0,0,0,0,0,0,0,0,1,0,0,0,0,1,0,0,0,0,0,0,0,0,0,0,0,0,0,0,0,0,0,1,0,0,0,0,1,0,0,0,0,0,0,0,0,0,0,0,0,0,0,0,0,0,0,1,0,0,1,0,0,0,0,0,0,0,0,0,0,0,0,0,0,0,0,0,0,1,0,0,0,0,0,0,0,0,0,0,0,0,0,0,2.029672957772633,1.0,0.9145091918969674,1.0,1.0247874028206214,1.0,1.4126552277886506,1.0,179256.44750000024,664525.5525000002
2,0,10,177437.83000000007,662499.7699999996,0,0.0,106.99150668981481,2205,0,0,0,0,1,0,0,0,0,0,0,0,0.0,1.0,2,0,10,180344.96,664164.5899999999,0,0.0,16.578462719907407,787,0,0,0,0,0,0,0,0,0,1,0,0,0.0,1.0,2,5,5,178600.1900000004,661344.3100000005,0,10.8531,0.0,2324,0,0,0,0,1,0,0,0,0,0,0,0,0.17364817766693033,0.984807753012208,2,5,10,177780.58000000007,663959.5899999999,0,8.753033333333333,0.0,2324,0,0,0,0,1,0,0,0,0,0,0,0,-0.12186934340514774,-0.992546151641322,1,0,0,1,0,0,0,0,0,0,0,0,0,0,0,0,0,1,0,0,0,0,1,0,0,0,0,0,0,0,0,0,0,0,0,0,0,0,0,0,1,0,0,0,1,0,0,0,0,0,0,0,0,0,0,0,0,0,0,1,0,0,0,0,0,0,0,0,0,1,0,0,0,1,0,0,0,0,0,0,0,0,0,0,0,0,0,0,0,0,0,0,0,0,0,0,0,0,0,0,0,1.0635107747288646,1.0,1.8943763725011857,1.0,1.4516893740219146,1.0,1.0833983473634914,1.0,178540.89000000013,662992.065
2,5,6,180297.3200000003,661646.1799999997,0,37.61476666666667,0.0,1353,0,0,0,0,0,0,0,1,0,0,0,0,0.9993908270190958,-0.03489949670250073,2,5,5,179514.33999999985,663547.2799999993,0,16.298133333333332,0.0,1353,0,0,0,0,0,0,0,1,0,0,0,0,-0.7986355100472928,-0.6018150231520483,1,5,9,179349.38999999966,664008.2200000007,0,15.598016666666666,0.0,1353,0,0,0,0,0,0,0,1,0,0,0,0,-0.35836794954530043,-0.9335804264972017,2,5,5,178356.50999999978,661860.2200000007,0,10.148016666666667,0.0,1353,0,0,0,0,0,0,0,1,0,0,0,0,0.17364817766693033,0.984807753012208,1,0,1,0,0,0,0,0,0,0,0,0,0,0,0,0,1,0,0,0,0,1,0,0,0,0,0,0,0,0,0,0,0,0,0,0,0,0,1,0,0,0,0,0,1,0,0,0,0,0,0,0,0,0,0,0,0,0,0,0,0,0,1,0,0,0,0,1,0,0,0,0,0,0,0,0,0,0,0,0,0,0,0,1,0,0,0,0,0,0,0,0,0,0,0,0,0,0,0,0,0,1.684429966395931,1.0,0.9231912141699948,1.0,1.4465261168791022,1.0,1.5894497988019736,1.0,179379.3899999999,662765.4750000001
1,0,6,179078.8099999996,645173.0500000007,0,0.0,2.5784663078703702,1366,0,0,0,0,0,0,0,0,1,0,0,0,0.0,1.0,2,5,10,184571.5499999998,644151.8499999996,0,18.09113333333333,0.0,395,0,0,0,1,0,0,0,0,0,0,0,0,-0.8829475928589271,0.4694715627858904,2,5,7,181450.7999999998,643283.4700000007,0,11.5417,0.0,395,0,0,0,1,0,0,0,0,0,0,0,0,-0.39073112848927355,-0.9205048534524404,2,5,5,184280.3799999999,644272.0500000007,0,4.0414,0.0,395,0,0,0,1,0,0,0,0,0,0,0,0,0.9335804264972017,-0.35836794954530027,0,0,0,1,0,0,0,0,0,0,0,0,0,0,0,0,0,1,0,0,0,0,0,1,0,0,0,0,0,0,0,0,0,0,1,0,0,0,0,0,0,0,0,0,0,0,1,0,0,0,0,0,0,0,0,0,0,0,1,0,0,0,0,0,0,0,0,1,0,0,0,0,0,0,0,0,0,0,0,0,0,0,0,0,0,0,1,0,0,0,0,2,0,0,0,0,0,0,0,0,0,2.3345881818695675,1.0,1.5280703010022043,1.0,0.8886319922232523,1.0,1.3280616283796736,1.0,182345.38499999978,644220.1050000004
2,0,10,177965.59999999963,658892.7699999996,0,0.0,80.80214358796296,1540,0,0,0,0,0,0,0,0,1,0,0,0,0.0,1.0,2,0,10,177937.33999999985,658564.3000000007,0,0.0,80.76046876157407,1540,0,0,0,0,0,0,0,0,1,0,0,0,0.0,1.0,2,0,10,177976.3700000001,658984.2100000009,0,0.0,80.76046900462963,1540,0,0,0,0,0,0,0,0,1,0,0,0,0.0,1.0,1,0,10,179004.88999999966,658838.9399999995,0,0.0,44.47930793981482,142,1,0,0,0,0,0,0,0,0,0,0,0,0.0,1.0,0,0,0,1,0,0,0,0,0,0,0,0,0,0,0,0,0,1,0,0,0,0,1,0,0,0,0,0,0,0,0,0,0,0,0,0,0,0,0,0,1,0,0,0,0,1,0,0,0,0,0,0,0,0,0,0,0,0,0,0,0,0,0,0,1,0,0,0,1,0,0,0,0,0,0,0,0,0,0,0,0,0,0,0,0,0,0,0,1,0,0,3,0,0,0,0,0,0,0,0,0,0.8718118189076172,1.0,1.2538019248152001,1.0,0.9671551179336302,1.0,2.5736635160489056,0.0,237628.06666666642,878426.7400000002
2,0,6,186214.3899999997,659530.0600000005,0,0.0,132.9277142939815,790,0,0,0,0,0,0,0,0,0,0,1,0,0.0,1.0,2,0,10,186260.91999999995,659751.1099999994,0,0.0,132.9276911574074,790,0,0,0,0,0,0,0,0,0,0,1,0,0.0,1.0,1,0,10,187422.34999999963,659473.8200000003,0,0.0,129.0368230787037,787,0,0,0,0,0,0,0,0,0,1,0,0,0.0,1.0,1,0,10,187667.66999999995,659861.0099999998,0,0.0,84.24513104166667,1353,0,0,0,0,0,0,0,1,0,0,0,0,0.0,1.0,0,0,0,1,0,0,0,0,0,0,0,0,0,0,0,0,0,1,0,0,0,0,1,0,0,0,0,0,0,0,0,0,0,0,0,0,0,0,0,0,1,0,0,0,0,1,0,0,0,0,0,0,0,0,0,0,0,0,0,0,0,0,0,0,1,0,0,0,1,0,0,0,0,0,0,0,0,0,0,0,0,0,0,0,0,0,0,0,1,0,0,2,0,0,0,0,0,0,0,0,0,1.6830147642867224,1.0,1.55988922376473,1.0,1.371350271794113,1.0,1.96490891175569,1.0,186891.3324999998,659654.0
1,0,10,180135.2000000002,662368.6999999993,0,0.0,106.80068875,1353,0,0,0,0,0,0,0,1,0,0,0,0,0.0,1.0,2,5,7,180877.7000000002,670713.3200000003,0,34.058483333333335,0.0,1295,0,0,0,0,0,1,0,0,0,0,0,0,-0.17364817766693047,-0.984807753012208,2,5,7,177205.7999999998,662251.25,0,17.808483333333335,0.0,1295,0,0,0,0,0,1,0,0,0,0,0,0,-0.6819983600624983,0.7313537016191707,2,5,5,177617.59999999963,663294.0800000001,0,7.541816666666667,0.0,1295,0,0,0,0,0,1,0,0,0,0,0,0,0.32556815445715664,0.9455185755993168,1,0,0,1,0,0,0,0,0,0,0,0,0,0,0,0,0,1,0,0,0,1,0,0,0,0,0,0,0,0,0,0,0,0,0,0,0,0,1,0,0,0,0,0,1,0,0,0,0,0,0,0,0,0,0,0,0,0,0,1,0,0,0,0,0,0,0,1,0,0,0,0,0,0,0,0,0,0,0,0,0,0,0,0,1,0,0,0,0,0,0,0,0,0,0,0,0,0,0,0,0,1.0096616935184404,1.0,2.4932838309055207,1.0,1.1682126321516157,1.0,0.7504595891908062,1.0,178959.07499999995,664656.8374999999
1,0,10,182329.61000000036,665960.5199999996,0,0.0,42.67095394675926,2205,0,0,0,0,1,0,0,0,0,0,0,0,0.0,1.0,1,0,10,182329.61000000036,665960.5199999996,0,0.0,42.67095394675926,2205,0,0,0,0,1,0,0,0,0,0,0,0,0.0,1.0,1,0,10,182329.61000000036,665960.5199999996,0,0.0,42.67095394675926,2205,0,0,0,0,1,0,0,0,0,0,0,0,0.0,1.0,2,0,6,185539.86000000036,663891.3399999999,0,963.0241666666667,0.0,1295,0,0,0,0,0,1,0,0,0,0,0,0,0.0,1.0,0,0,0,1,0,0,0,0,0,0,0,0,0,0,0,0,0,1,0,0,0,0,1,0,0,0,0,0,0,0,0,0,0,0,0,0,0,0,0,0,1,0,0,0,0,1,0,0,0,0,0,0,0,0,0,0,0,0,0,0,0,0,0,0,1,0,0,0,1,0,0,0,0,0,0,0,0,0,0,0,0,0,0,0,0,0,0,0,1,0,0,3,0,0,0,0,0,0,0,0,0,0.8353499748514871,1.0,0.8353499748514871,1.0,0.8353499748514871,1.0,2.5060499245544614,0.0,244176.23000000048,887257.6333333328
2,0,10,177408.16000000015,662268.3399999999,0,0.0,98.28316494212963,2205,0,0,0,0,1,0,0,0,0,0,0,0,0.0,1.0,2,0,10,178747.04000000004,666085.1899999995,0,0.0,53.99514409722222,1540,0,0,0,0,0,0,0,0,1,0,0,0,0.0,1.0,2,0,6,180344.96,664164.5899999999,0,0.0,7.870120925925926,787,0,0,0,0,0,0,0,0,0,1,0,0,0.0,1.0,1,0,6,176766.50999999978,661726.2799999993,0,1132.9742,0.0,790,0,0,0,0,0,0,0,0,0,0,1,0,0.0,1.0,1,0,0,1,0,0,0,0,0,0,0,0,0,0,0,0,0,1,0,0,0,0,1,0,0,0,0,0,0,0,0,0,0,0,0,0,0,0,0,0,1,0,0,0,0,1,0,0,0,0,0,0,0,0,0,0,0,0,0,0,0,0,0,0,1,0,0,0,1,0,0,0,0,0,0,0,0,0,0,0,0,0,0,0,0,0,0,0,1,0,0,0,0,0,0,0,0,0,0,0,0,1.0235547486832337,1.0,1.6586819967867905,1.0,1.3708365347357747,1.0,1.5559886460319468,1.0,178316.66749999998,663561.0999999996
1,0,10,187492.6399999997,659382.8399999999,0,0.0,128.78682270833335,787,0,0,0,0,0,0,0,0,0,1,0,0,0.0,1.0,1,0,6,187667.66999999995,659861.0099999998,0,0.0,83.9534662037037,1353,0,0,0,0,0,0,0,1,0,0,0,0,0.0,1.0,20,0,6,187301.4000000004,659492.1300000008,0,0.0,1.786834224537037,787,0,0,0,0,0,0,0,0,0,1,0,0,0.0,1.0,1,0,6,187269.54000000004,659426.4900000002,0,0.0,1.7868343634259258,787,0,0,0,0,0,0,0,0,0,1,0,0,0.0,1.0,0,0,0,1,0,0,0,0,0,0,0,0,0,0,0,0,0,1,0,0,0,0,1,0,0,0,0,0,0,0,0,0,0,0,0,0,0,0,0,0,1,0,0,0,0,1,0,0,0,0,0,0,0,0,0,0,0,0,0,0,0,0,0,0,1,0,0,0,1,0,0,0,0,0,0,0,0,0,0,0,0,0,0,0,0,0,0,0,1,0,0,0,0,0,0,0,0,0,0,0,0,0.9663493791841298,1.0,2.2750108023086106,1.0,0.8021759943097729,1.0,1.1408255882056828,1.0,187432.81250000003,659540.6175000002
1,0,10,183694.99000000025,652624.1099999994,0,0.0,97.64470549768518,738,0,0,0,0,0,0,0,0,0,1,0,0,0.0,1.0,2,5,9,180115.41000000015,653912.6699999999,0,13.453433333333333,0.0,2324,0,0,0,0,1,0,0,0,0,0,0,0,-0.9993908270190958,0.03489949670250128,2,5,5,177461.03000000026,654930.8200000003,0,9.326133333333333,0.0,2205,0,0,0,0,1,0,0,0,0,0,0,0,0.9743700647852352,-0.2249510543438648,1,5,5,176831.50999999978,655678.2899999991,0,4.37625,0.0,2205,0,0,0,0,1,0,0,0,0,0,0,0,-0.5150380749100542,-0.8571673007021123,0,0,0,1,0,0,0,0,0,0,0,0,0,0,0,0,0,1,0,0,0,1,0,0,0,0,0,0,0,0,0,0,0,0,0,0,0,0,1,0,0,0,0,0,1,0,0,0,0,0,0,0,0,0,0,0,0,0,0,0,0,0,1,0,0,0,1,0,0,0,0,1,0,0,0,0,0,0,0,0,0,0,0,0,0,0,0,0,0,0,0,2,0,0,0,0,0,0,0,0,0,2.3313486066087323,1.0,0.36263866398915023,1.0,1.1234410340171248,1.0,1.575110102619598,1.0,179525.7350000001,654286.4724999997
1,0,10,187498.5599999996,659374.9499999993,0,0.0,85.57848359953704,787,0,0,0,0,0,0,0,0,0,1,0,0,0.0,1.0,1,0,10,186004.1399999997,659312.2799999993,0,0.0,40.54276598379629,787,0,0,0,0,0,0,0,0,0,1,0,0,0.0,1.0,1,0,6,187286.83999999985,659459.1400000006,0,0.0,1.5785066782407406,787,0,0,0,0,0,0,0,0,0,1,0,0,0.0,1.0,1,0,6,187269.54000000004,659426.4900000002,0,0.0,1.5785066898148148,787,0,0,0,0,0,0,0,0,0,1,0,0,0.0,1.0,0,0,0,1,0,0,0,0,0,0,0,0,0,0,0,0,0,1,0,0,0,0,1,0,0,0,0,0,0,0,0,0,0,0,0,0,0,0,0,0,1,0,0,0,0,1,0,0,0,0,0,0,0,0,0,0,0,0,0,0,0,0,0,0,1,0,0,0,1,0,0,0,0,0,0,0,0,0,0,0,0,0,0,0,0,0,0,0,1,0,0,2,0,0,0,0,0,0,0,0,0,1.4989823167944607,1.0,3.139140256571757,0.0,0.8667627497810243,1.0,0.7955208601938611,1.0,249353.02666666638,879190.9533333331
2,0,10,178618.1799999997,665686.4600000009,0,0.0,62.70348611111111,1540,0,0,0,0,0,0,0,0,1,0,0,0,0.0,1.0,2,5,8,178919.5,667147.3300000001,0,33.019866666666665,0.0,2324,0,0,0,0,1,0,0,0,0,0,0,0,-0.9063077870366497,-0.42261826174069994,2,4,8,181183.78000000023,664829.3200000003,0,20.203383333333335,0.0,2324,0,0,0,0,1,0,0,0,0,0,0,0,-0.9396926207859085,0.34202014332566816,1,5,5,179899.83000000007,663917.5399999991,0,3.4533666666666667,0.0,2324,0,0,0,0,1,0,0,0,0,0,0,0,0.6819983600624985,-0.7313537016191705,1,0,0,1,0,0,0,0,0,0,0,0,0,0,0,0,0,1,0,0,0,1,0,0,0,0,0,0,0,0,0,0,0,0,0,0,0,0,1,0,0,0,0,0,1,0,0,0,0,0,0,0,0,0,0,0,0,0,0,0,0,0,1,0,0,0,0,1,0,0,0,0,0,0,0,0,0,0,0,0,0,0,0,0,0,0,1,0,0,0,0,0,0,0,0,0,0,0,0,0,0,0.9833576990585081,1.0,1.7347255988239658,1.0,1.4877463850066381,1.0,1.3671456989507207,1.0,179655.3225,665395.1625000001
2,5,5,176544.7000000002,658664.7100000009,0,30.29505,0.0,860,0,0,0,1,0,0,0,0,0,0,0,0,0.03489949670250097,0.9993908270190958,1,5,6,177294.08999999985,658940.7699999996,0,20.378816666666665,0.0,860,0,0,0,1,0,0,0,0,0,0,0,0,0.05233595624294383,0.9986295347545738,2,5,5,177447.7999999998,658986.4299999997,0,13.245533333333332,0.0,860,0,0,0,1,0,0,0,0,0,0,0,0,0.9998476951563913,-0.017452406437283477,2,5,5,176699.66999999993,657929.2400000002,0,4.228783333333333,0.0,860,0,0,0,1,0,0,0,0,0,0,0,0,0.9335804264972017,-0.35836794954530027,0,0,1,0,0,0,0,0,0,0,0,0,0,1,0,0,0,0,0,0,0,1,0,0,0,0,0,0,0,0,0,0,0,0,0,0,0,0,1,0,0,0,0,0,1,0,0,0,0,0,0,0,0,0,0,0,0,0,0,0,0,0,1,0,0,0,0,1,0,0,0,0,0,0,0,0,0,0,0,0,0,0,0,0,0,0,1,0,0,0,0,0,0,0,0,0,0,0,0,0,0,1.125476416597914,1.0,1.0679814978353834,1.0,1.427658711557423,1.0,1.8907787474524371,1.0,176996.56499999994,658630.2875000001
1,0,10,183741.01999999955,652595.0,0,0.0,97.64470640046297,738,0,0,0,0,0,0,0,0,0,1,0,0,0.0,1.0,2,5,5,177914.63999999966,654780.4000000004,0,28.7944,0.0,2205,0,0,0,0,1,0,0,0,0,0,0,0,0.90630778703665,-0.42261826174069933,2,5,9,181826.2999999998,653292.4199999999,0,8.79405,0.0,2205,0,0,0,0,1,0,0,0,0,0,0,0,-0.2419218955996675,-0.9702957262759965,2,5,5,179002.66999999993,654234.5800000001,0,3.8777333333333335,0.0,2205,0,0,0,0,1,0,0,0,0,0,0,0,-0.9612616959383188,0.2756373558169994,0,0,0,1,0,0,0,0,0,0,0,0,0,0,0,0,0,1,0,0,0,1,0,0,0,0,0,0,0,0,0,0,0,0,0,0,1,0,0,0,0,0,0,0,0,0,1,0,0,0,0,1,0,0,0,0,0,0,0,0,0,0,0,0,0,0,0,1,0,0,0,0,0,0,0,0,0,0,0,0,0,0,0,0,0,0,1,0,0,0,0,2,0,0,0,0,0,0,0,0,0,2.113189673165978,1.0,1.8498009476231017,1.0,0.8155170529514294,1.0,1.080431357865963,1.0,180621.15749999974,653725.6000000001
1,0,10,182281.0499999998,666002.6300000008,0,0.0,42.122330983796296,2205,0,0,0,0,1,0,0,0,0,0,0,0,0.0,1.0,1,5,5,185874.50999999975,662115.6799999997,0,28.307116666666666,0.0,1141,0,0,0,0,0,0,1,0,0,0,0,0,-0.32556815445715753,0.9455185755993165,2,5,5,182466.99000000025,665781.8000000007,0,17.224,0.0,1141,0,0,0,0,0,0,1,0,0,0,0,0,0.8571673007021123,-0.5150380749100543,2,5,5,181772.04000000004,666164.3499999996,0,5.8405,0.0,1141,0,0,0,0,0,0,1,0,0,0,0,0,-0.8290375725550421,0.5591929034707462,0,0,0,1,0,0,0,0,0,0,0,0,0,0,0,0,0,1,0,0,0,1,0,0,0,0,0,0,0,0,0,0,0,0,0,1,0,0,0,0,0,0,0,0,1,0,0,0,0,0,0,0,0,0,0,0,0,0,0,0,0,1,0,0,0,0,0,1,0,0,0,0,0,0,0,0,0,0,0,0,0,0,0,0,1,0,0,0,0,0,0,2,0,0,0,0,0,0,0,0,0,0.7758809371884605,1.0,2.43111703982729,1.0,0.6010735558580107,1.0,1.062450779775798,1.0,183098.64749999996,665016.1150000002
17,0,10,178661.00999999978,663015.4499999993,0,0.0,68.60977092592593,790,0,0,0,0,0,0,0,0,0,0,1,0,0.0,1.0,2,0,10,178578.91999999993,665596.5600000005,0,0.0,53.828474675925925,1540,0,0,0,0,0,0,0,0,1,0,0,0,0.0,1.0,2,5,6,179630.1799999997,664168.8399999999,0,31.23678333333333,0.0,1000,0,0,0,0,0,1,0,0,0,0,0,0,-0.32556815445715753,0.9455185755993165,2,5,5,178864.8200000003,667021.3399999999,0,24.8367,0.0,1000,0,0,0,0,0,1,0,0,0,0,0,0,-0.2419218955996675,-0.9702957262759965,1,0,0,1,0,0,0,0,0,0,0,0,0,0,0,0,0,1,0,0,0,0,1,0,0,0,0,0,0,0,0,0,0,0,0,0,0,0,0,0,1,0,0,0,1,0,0,0,0,0,0,0,0,0,0,0,0,0,0,1,0,0,0,0,0,0,0,1,0,0,0,0,0,0,0,0,0,0,0,0,0,0,0,0,0,0,1,0,0,0,0,0,0,0,0,0,0,0,0,0,0,2.035182194801747,1.0,0.7675719702462316,1.0,1.0903246571616154,1.0,2.1577768912039246,1.0,178933.73249999993,664950.5474999999
2,5,5,184620.84999999963,666637.2899999991,0,26.170066666666667,0.0,649,0,0,0,0,0,0,1,0,0,0,0,0,0.9781476007338056,0.20791169081775945,2,5,5,184954.33999999985,666656.3200000003,0,18.16995,0.0,649,0,0,0,0,0,0,1,0,0,0,0,0,-0.9998476951563913,0.01745240643728313,1,5,5,185283.0499999998,664631.0700000003,0,2.77,0.0,649,0,0,0,0,0,0,1,0,0,0,0,0,0.9743700647852352,-0.2249510543438648,1,5,5,185288.41999999995,664629.8300000001,0,2.2872333333333335,0.0,649,0,0,0,0,0,0,1,0,0,0,0,0,0.9743700647852352,-0.2249510543438648,0,0,1,0,0,0,0,0,0,0,0,0,0,0,0,0,1,0,0,0,0,1,0,0,0,0,0,0,0,0,0,0,0,0,0,0,0,0,1,0,0,0,0,0,0,0,1,0,0,0,0,1,0,0,0,0,0,0,0,0,0,0,0,0,0,0,1,0,0,0,0,0,1,0,0,0,0,0,0,0,0,0,0,0,0,0,0,0,0,0,0,2,0,0,0,0,0,0,0,0,0,1.6852975014136158,1.0,1.5906479888317937,1.0,1.615930270295036,1.0,1.6198121605035662,1.0,185036.6649999998,665638.6275
2,0,8,186255.74000000025,659726.9600000009,0,0.0,132.71935780092593,790,0,0,0,0,0,0,0,0,0,0,1,0,0.0,1.0,1,0,10,186004.1399999997,659312.2799999993,0,0.0,40.79276079861111,787,0,0,0,0,0,0,0,0,0,1,0,0,0.0,1.0,1,0,6,187286.83999999985,659459.1400000006,0,0.0,1.8285014583333334,787,0,0,0,0,0,0,0,0,0,1,0,0,0.0,1.0,1,0,6,187269.54000000004,659426.4900000002,0,0.0,1.8285014699074074,787,0,0,0,0,0,0,0,0,0,1,0,0,0.0,1.0,0,0,0,1,0,0,0,0,0,0,0,0,0,0,0,0,0,1,0,0,0,0,1,0,0,0,0,0,0,0,0,0,0,0,0,0,0,0,0,0,1,0,0,0,0,1,0,0,0,0,0,0,0,0,0,0,0,0,0,0,0,0,0,0,1,0,0,0,1,0,0,0,0,0,0,0,0,0,0,0,0,0,0,0,0,0,0,0,1,0,0,2,0,0,0,0,0,0,0,0,0,1.3949662114949442,1.0,1.9645845772089987,1.0,1.591240965674879,1.0,1.550106392972631,1.0,186704.06499999994,659481.2175000003
17,0,10,178491.23000000045,663020.3100000005,0,0.0,71.10977391203704,790,0,0,0,0,0,0,0,0,0,0,1,0,0.0,1.0,2,0,10,179182.24000000022,665961.1099999994,0,0.0,57.488975243055556,1141,0,0,0,0,0,0,1,0,0,0,0,0,0.0,1.0,2,0,6,181445.04000000004,668673.0800000001,0,833.0077333333334,0.0,1295,0,0,0,0,0,1,0,0,0,0,0,0,0.0,1.0,2,5,9,179201.24000000022,663436.1300000008,0,7.624366666666667,0.0,134,0,0,0,0,0,0,0,0,0,0,0,1,0.9902680687415704,-0.13917310096006535,1,0,0,1,0,0,0,0,0,0,0,0,0,0,0,0,0,1,0,0,0,0,1,0,0,0,0,0,0,0,0,0,0,0,0,0,0,0,0,0,1,0,0,0,0,1,0,0,0,0,0,0,0,0,0,0,0,0,0,0,0,0,0,0,1,0,0,0,0,1,0,0,0,0,0,1,0,0,0,0,0,0,0,0,0,0,0,0,0,0,0,0,0,0,0,0,0,0,0,0,0,1.4815670705043653,1.0,0.47086296204434,1.0,2.2968708276493737,1.0,1.1105314094815955,1.0,179579.93750000023,665272.6575000002
1,0,10,187667.66999999995,659861.0099999998,0,0.0,84.16180020833333,1353,0,0,0,0,0,0,0,1,0,0,0,0,0.0,1.0,20,0,6,187249.4699999997,659502.8599999994,0,0.0,1.9951680902777778,787,0,0,0,0,0,0,0,0,0,1,0,0,0.0,1.0,1,0,6,187301.4000000004,659492.1300000008,0,0.0,1.9951680902777778,787,0,0,0,0,0,0,0,0,0,1,0,0,0.0,1.0,20,0,6,187244.58999999985,659513.1899999995,0,0.0,1.9951681134259258,787,0,0,0,0,0,0,0,0,0,1,0,0,0.0,1.0,0,0,0,1,0,0,0,0,0,0,0,0,0,0,0,0,0,1,0,0,0,0,1,0,0,0,0,0,0,0,0,0,0,0,0,0,0,0,0,0,1,0,0,0,0,1,0,0,0,0,0,0,0,0,0,0,0,0,0,0,0,0,0,0,1,0,0,0,1,0,0,0,0,0,0,0,0,0,0,0,0,0,0,0,0,0,0,0,1,0,0,0,0,0,0,0,0,0,0,0,0,2.441805925250452,1.0,0.8864618244482078,1.0,0.7194138344512986,1.0,0.8743960343514939,1.0,187365.78249999997,659592.2974999999
2,0,10,178672.3799999999,665806.7899999991,0,0.0,56.20347682870371,1540,0,0,0,0,0,0,0,0,1,0,0,0,0.0,1.0,2,0,6,178576.95999999996,661132.4800000004,0,772.98675,0.0,2205,0,0,0,0,1,0,0,0,0,0,0,0,0.0,1.0,1,0,6,180794.6399999997,661410.1999999993,0,494.6733,0.0,1141,0,0,0,0,0,0,1,0,0,0,0,0,0.0,1.0,2,5,5,179509.0599999996,665136.9499999993,0,12.389966666666666,0.0,170,0,0,0,0,0,0,0,0,0,0,1,0,0.0,1.0,1,0,0,1,0,0,0,0,0,0,0,0,0,0,0,0,0,1,0,0,0,0,1,0,0,0,0,0,0,0,0,0,0,0,0,0,0,0,0,0,1,0,0,0,0,1,0,0,0,0,0,0,0,0,0,0,0,0,0,0,0,0,0,0,1,0,0,1,0,0,0,0,0,0,0,0,0,0,0,0,0,0,0,0,1,0,0,0,0,0,0,0,0,0,0,0,0,0,0,0,0,1.6892688716953808,1.0,1.5850088574061005,1.0,1.606261869652802,1.0,1.17763812263076,1.0,179388.25999999978,663371.6049999995
2,0,10,177363.59999999963,661768.3800000008,0,0.0,103.7159346412037,785,0,0,0,0,0,0,0,1,0,0,0,0,0.0,1.0,2,0,10,178693.75,665885.8900000006,0,0.0,56.66181430555555,1540,0,0,0,0,0,0,0,0,1,0,0,0,0.0,1.0,1,0,9,180759.6799999997,661531.8699999992,0,0.0,25.822705532407408,1141,0,0,0,0,0,0,1,0,0,0,0,0,0.0,1.0,2,5,7,177938.75,662038.4499999993,0,27.67935,0.0,860,0,0,0,1,0,0,0,0,0,0,0,0,0.40673664307580015,0.9135454576426009,1,0,0,1,0,0,0,0,0,0,0,0,0,0,0,0,0,1,0,0,0,0,1,0,0,0,0,0,0,0,0,0,0,0,0,0,0,0,0,0,1,0,0,0,0,1,0,0,0,0,0,0,0,0,0,0,0,0,0,0,0,0,0,0,1,0,0,1,0,0,0,0,0,0,0,0,0,0,0,0,0,0,0,1,0,0,0,0,0,0,0,0,0,0,0,0,0,0,0,0,0,1.095779609065373,1.0,2.0048250642100705,1.0,1.5827733105768118,1.0,0.6987413351769506,1.0,178688.94499999983,662806.1475
1,0,10,183720.41000000012,666760.4499999993,0,0.0,113.0034902199074,2205,0,0,0,0,1,0,0,0,0,0,0,0,0.0,1.0,2,1,5,184507.83000000007,665227.6099999994,0,13.486833333333333,0.0,2324,0,0,0,0,1,0,0,0,0,0,0,0,0.1908089953765448,0.981627183447664,2,5,5,185219.4299999997,665144.1899999995,0,20.058916666666665,0.0,2205,0,0,0,0,1,0,0,0,0,0,0,0,-0.3090169943749477,0.9510565162951535,2,4,6,185126.16000000012,667584.1699999999,0,17.909283333333335,0.0,2205,0,0,0,0,1,0,0,0,0,0,0,0,-0.9396926207859085,0.34202014332566816,0,0,0,1,0,0,0,0,0,0,0,0,0,0,0,0,0,1,0,0,0,1,0,0,0,0,0,0,0,0,0,0,0,0,0,0,0,0,1,0,0,0,0,0,1,0,0,0,0,0,0,0,0,0,0,0,0,0,0,0,0,0,1,0,0,0,0,1,0,0,0,0,0,0,0,0,0,0,0,0,0,0,0,1,0,0,0,0,0,0,0,0,0,0,0,0,0,0,0,0,0,1.3348504817438538,1.0,1.176081258381336,1.0,1.4493053082896747,1.0,1.8179619688696462,1.0,184643.45750000002,666179.1049999995
1,0,10,179748.33000000007,666135.5099999998,0,0.0,182.78682065972222,395,0,0,0,1,0,0,0,0,0,0,0,0,0.0,1.0,17,0,10,178626.95999999996,663024.7799999993,0,0.0,71.15143872685185,790,0,0,0,0,0,0,0,0,0,0,1,0,0.0,1.0,1,0,7,180759.6799999997,661531.8699999992,0,0.0,25.53104523148148,1141,0,0,0,0,0,0,1,0,0,0,0,0,0.0,1.0,1,0,10,180468.24000000025,661860.9900000002,0,0.0,12.48945954861111,649,0,0,0,0,0,0,1,0,0,0,0,0,0.0,1.0,1,0,0,1,0,0,0,0,0,0,0,0,0,0,0,0,0,1,0,0,0,0,1,0,0,0,0,0,0,0,0,0,0,0,0,0,0,0,0,0,1,0,0,0,0,1,0,0,0,0,0,0,0,0,0,0,0,0,0,0,0,0,0,0,1,0,0,0,1,0,0,0,0,0,0,0,0,0,0,0,0,0,0,0,0,0,0,0,1,0,0,0,0,0,0,0,0,0,0,0,0,2.2739099264894,1.0,0.9690052063265298,1.0,1.3802172500761478,1.0,1.0590022653696773,1.0,179900.8025,663138.2874999996
2,0,10,177937.33999999985,658564.3000000007,0,0.0,88.71880376157408,1540,0,0,0,0,0,0,0,0,1,0,0,0,0.0,1.0,2,0,10,177976.3700000001,658984.2100000009,0,0.0,88.71880395833334,1540,0,0,0,0,0,0,0,0,1,0,0,0,0.0,1.0,2,0,6,178116.9299999997,659656.1300000008,0,0.0,5.995134699074074,1295,0,0,0,0,0,1,0,0,0,0,0,0,0.0,1.0,2,0,6,178134.86000000034,659696.8800000008,0,0.0,5.9951347800925925,1295,0,0,0,0,0,1,0,0,0,0,0,0,0.0,1.0,0,0,0,1,0,0,0,0,0,0,0,0,0,0,0,0,0,1,0,0,0,0,1,0,0,0,0,0,0,0,0,0,0,0,0,0,0,0,0,0,1,0,0,0,0,1,0,0,0,0,0,0,0,0,0,0,0,0,0,0,0,0,0,0,1,0,0,0,1,0,0,0,0,0,0,0,0,0,0,0,0,0,0,0,0,0,0,0,1,0,0,2,2,0,0,0,0,0,0,0,0,2.385722659069107,1.0,0.8904434199888068,1.0,1.5590464094628718,1.0,1.7135951436247803,1.0,178041.375,659225.3800000008
17,0,10,178491.23000000045,663020.3100000005,0,0.0,77.56810912037037,790,0,0,0,0,0,0,0,0,0,0,1,0,0.0,1.0,2,0,10,179182.24000000022,665961.1099999994,0,0.0,63.947310405092594,1141,0,0,0,0,0,0,1,0,0,0,0,0,0.0,1.0,2,0,10,178678.98000000045,665826.8399999999,0,0.0,62.786812696759256,1540,0,0,0,0,0,0,0,0,1,0,0,0,0.0,1.0,2,5,5,178505.3099999996,662903.1500000004,0,13.460283333333333,0.0,1295,0,0,0,0,0,1,0,0,0,0,0,0,-0.08715574274765832,0.9961946980917455,1,0,0,1,0,0,0,0,0,0,0,0,0,0,0,0,0,1,0,0,0,0,1,0,0,0,0,0,0,0,0,0,0,0,0,0,0,0,0,0,1,0,0,0,0,1,0,0,0,0,0,0,0,0,0,0,0,0,0,0,0,0,0,0,1,0,0,1,0,0,0,0,0,0,0,0,0,0,0,0,0,0,0,0,0,0,1,0,0,0,0,0,0,0,0,0,0,0,0,0,0,1.6310523126173548,1.0,1.8346600014972563,1.0,1.601645426443991,1.0,1.761349218222254,1.0,178714.44000000018,664427.8525
2,0,6,166600.8099999996,634100.1199999992,0,1023.0076166666666,0.0,2205,0,0,0,0,1,0,0,0,0,0,0,0,0.0,1.0,2,0,6,166600.8099999996,634100.1199999992,0,1023.0076166666666,0.0,2205,0,0,0,0,1,0,0,0,0,0,0,0,0.0,1.0,2,0,6,166600.8099999996,634100.1199999992,0,1023.0076166666666,0.0,2205,0,0,0,0,1,0,0,0,0,0,0,0,0.0,1.0,2,0,6,166600.8099999996,634100.1199999992,0,1023.0076166666666,0.0,2205,0,0,0,0,1,0,0,0,0,0,0,0,0.0,1.0,0,0,0,1,0,0,0,0,0,0,0,0,0,0,0,0,0,1,0,0,0,0,1,0,0,0,0,0,0,0,0,0,0,0,0,0,0,0,0,0,1,0,0,0,0,1,0,0,0,0,0,0,0,0,0,0,0,0,0,0,0,0,0,0,1,0,0,0,1,0,0,0,0,0,0,0,0,0,0,0,0,0,0,0,0,0,0,0,1,0,0,4,0,0,0,0,0,0,0,0,0,0.0,1.0,0.0,1.0,0.0,1.0,0.0,1.0,166600.8099999996,634100.1199999992
1,0,10,179694.4400000004,665825.2200000007,0,0.0,278.7451242013889,785,0,0,0,0,0,0,0,1,0,0,0,0,0.0,1.0,2,0,10,179084.16000000015,663131.1799999997,0,0.0,156.82204543981481,1141,0,0,0,0,0,0,1,0,0,0,0,0,0.0,1.0,2,0,10,180636.83000000007,664833.2699999996,0,0.0,58.95348045138889,2205,0,0,0,0,1,0,0,0,0,0,0,0,0.0,1.0,2,5,5,179542.5599999996,664604.8699999992,0,15.57855,0.0,860,0,0,0,1,0,0,0,0,0,0,0,0,0.01745240643728344,-0.9998476951563913,1,0,0,1,0,0,0,0,0,0,0,0,0,0,0,0,0,1,0,0,0,0,1,0,0,0,0,0,0,0,0,0,0,0,0,0,0,0,0,0,1,0,0,0,0,1,0,0,0,0,0,0,0,0,0,0,0,0,0,0,0,0,0,0,1,0,0,1,0,0,0,0,0,0,0,0,0,0,0,0,0,0,0,0,1,0,0,0,0,0,0,0,0,0,0,0,0,0,0,0,0,1.6064047223467488,1.0,2.103379212566162,1.0,1.2138895303008144,1.0,0.25787573002921754,1.0,179739.49750000006,664598.6349999998
2,5,5,185776.1500000004,674912.7899999991,0,16.9908,0.0,1295,0,0,0,0,0,1,0,0,0,0,0,0,-0.9998476951563913,0.01745240643728313,2,4,5,186308.66000000012,674579.6500000004,0,8.05775,0.0,1295,0,0,0,0,0,1,0,0,0,0,0,0,-0.034899496702500823,0.9993908270190958,2,4,5,186305.76999999955,674677.5800000001,0,7.142333333333333,0.0,1295,0,0,0,0,0,1,0,0,0,0,0,0,-0.06975647374412476,0.9975640502598243,1,5,7,185758.4400000004,675090.7300000004,0,27.839066666666668,0.0,1000,0,0,0,0,0,1,0,0,0,0,0,0,-0.9993908270190958,0.03489949670250128,0,0,1,0,0,0,0,0,0,0,0,0,0,0,1,0,0,0,0,0,0,1,0,0,0,0,0,0,0,0,0,0,0,0,0,0,1,0,0,0,0,0,0,0,1,0,0,0,0,0,0,0,0,0,0,0,0,0,0,1,0,0,0,0,0,0,0,0,0,1,0,0,0,0,0,1,0,0,0,0,0,0,0,0,0,0,0,0,0,0,0,2,0,0,0,0,0,0,0,0,0,1.1863020398970958,1.0,1.529350404245776,1.0,1.2840616561026892,1.0,1.6682513398821994,1.0,186037.25500000012,674815.1875
1,0,10,188285.58999999985,659377.2899999991,0,0.0,158.7577246759259,738,0,0,0,0,0,0,0,0,0,1,0,0,0.0,1.0,1,0,10,188285.58999999985,659377.2899999991,0,0.0,123.70346584490741,170,0,0,0,0,0,0,0,0,0,0,1,0,0.0,1.0,2,0,10,190399.8799999999,659472.3200000003,0,0.0,40.82848888888889,1366,0,0,0,0,0,0,0,0,1,0,0,0,0.0,1.0,1,0,9,189608.8799999999,659721.5999999996,0,0.0,12.769923738425925,738,0,0,0,0,0,0,0,0,0,1,0,0,0.0,1.0,0,0,0,1,0,0,0,0,0,0,0,0,0,0,0,0,0,1,0,0,0,0,1,0,0,0,0,0,0,0,0,0,0,0,0,0,0,0,0,0,1,0,0,0,0,1,0,0,0,0,0,0,0,0,0,0,0,0,0,0,0,0,0,0,1,0,0,0,1,0,0,0,0,0,0,0,0,0,0,0,0,0,0,0,0,0,0,0,1,0,0,2,0,0,0,0,0,0,0,0,0,1.6588254032856569,1.0,1.6588254032856569,1.0,2.402853052522164,1.0,0.9952080178830626,1.0,189144.98499999987,659487.1249999995
2,0,6,179485.95999999996,663510.0199999996,0,952.98935,0.0,2205,0,0,0,0,1,0,0,0,0,0,0,0,0.0,1.0,2,0,6,178576.95999999996,661132.4800000004,0,1012.98755,0.0,2205,0,0,0,0,1,0,0,0,0,0,0,0,0.0,1.0,2,0,6,180291.1900000004,668864.3000000007,0,953.00425,0.0,1295,0,0,0,0,0,1,0,0,0,0,0,0,0.0,1.0,1,0,6,180794.6399999997,661410.1999999993,0,734.6727,0.0,1141,0,0,0,0,0,0,1,0,0,0,0,0,0.0,1.0,1,0,0,1,0,0,0,0,0,0,0,0,0,0,0,0,0,1,0,0,0,0,1,0,0,0,0,0,0,0,0,0,0,0,0,0,0,0,0,0,1,0,0,0,0,1,0,0,0,0,0,0,0,0,0,0,0,0,0,0,0,0,0,0,1,0,0,0,1,0,0,0,0,0,0,0,0,0,0,0,0,0,0,0,0,0,0,0,1,0,0,0,0,0,0,0,0,0,0,0,0,0.1889125647289835,1.0,1.4527187027388955,1.0,2.6163325165897446,0.0,1.282086110706734,1.0,239716.25,884972.3333333334
1,5,5,187972.25999999975,666199.7799999993,0,27.7322,0.0,860,0,0,0,1,0,0,0,0,0,0,0,0,0.13917310096006544,0.9902680687415704,2,5,5,189354.99000000025,664753.4000000004,0,27.565433333333335,0.0,860,0,0,0,1,0,0,0,0,0,0,0,0,-0.22495105434386534,0.9743700647852351,2,0,5,189737.29000000004,665173.9000000004,0,12.63215,0.0,860,0,0,0,1,0,0,0,0,0,0,0,0,0.27563735581699966,-0.9612616959383187,2,5,5,188706.36000000036,667235.0700000003,0,3.3488166666666666,0.0,860,0,0,0,1,0,0,0,0,0,0,0,0,-0.9781476007338058,0.20791169081775857,0,0,1,0,0,0,0,0,0,0,0,0,0,1,0,0,0,0,0,0,0,1,0,0,0,0,0,0,0,0,0,0,0,0,0,1,0,0,0,0,0,0,0,0,1,0,0,0,0,0,0,0,0,0,0,0,0,0,0,1,0,0,0,0,0,0,0,1,0,0,0,0,0,0,0,0,0,0,0,0,0,0,0,0,0,0,1,0,0,0,0,0,0,0,0,0,0,0,0,0,0,1.2678513184707216,1.0,1.4245037191327272,1.0,1.270737842927581,1.0,1.732931750454054,1.0,188942.7250000001,665840.5375000001
17,0,6,178698.5599999996,663005.4399999995,0,0.0,71.20006351851852,790,0,0,0,0,0,0,0,0,0,0,1,0,0.0,1.0,1,0,6,179674.59999999963,663477.4800000004,0,1023.0081333333334,0.0,2205,0,0,0,0,1,0,0,0,0,0,0,0,0.0,1.0,1,0,6,179674.59999999963,663477.4800000004,0,1023.0081333333334,0.0,2205,0,0,0,0,1,0,0,0,0,0,0,0,0.0,1.0,2,5,5,179038.88999999966,665666.2400000002,0,31.558133333333334,0.0,235,1,0,0,0,0,0,0,0,0,0,0,0,0.0,1.0,1,0,0,1,0,0,0,0,0,0,0,0,0,0,0,0,0,1,0,0,0,0,1,0,0,0,0,0,0,0,0,0,0,0,0,0,0,0,0,0,1,0,0,0,0,1,0,0,0,0,0,0,0,0,0,0,0,0,0,0,0,0,0,0,1,0,0,0,1,0,0,0,0,0,0,0,0,0,0,0,0,0,0,0,0,0,0,1,0,0,0,2,0,0,0,0,0,0,0,0,0,1.4685284821194962,1.0,0.8094552463597404,1.0,0.8094552463597404,1.0,2.440526957555065,1.0,179271.66249999963,663906.6600000001
2,0,10,186260.91999999995,659751.1099999994,0,0.0,133.3860470949074,790,0,0,0,0,0,0,0,0,0,0,1,0,0.0,1.0,2,0,10,186205.24000000025,659506.6899999995,0,0.0,133.3860239351852,790,0,0,0,0,0,0,0,0,0,0,1,0,0.0,1.0,1,0,10,187492.6399999997,659382.8399999999,0,0.0,86.49514429398148,787,0,0,0,0,0,0,0,0,0,1,0,0,0.0,1.0,1,0,10,187663.8200000003,659810.7899999991,0,0.0,84.66179925925925,1353,0,0,0,0,0,0,0,1,0,0,0,0,0.0,1.0,0,0,0,1,0,0,0,0,0,0,0,0,0,0,0,0,0,1,0,0,0,0,1,0,0,0,0,0,0,0,0,0,0,0,0,0,0,0,0,0,1,0,0,0,0,1,0,0,0,0,0,0,0,0,0,0,0,0,0,0,0,0,0,0,1,0,0,0,1,0,0,0,0,0,0,0,0,0,0,0,0,0,0,0,0,0,0,0,1,0,0,2,0,0,0,0,0,0,0,0,0,1.550490548326732,1.0,1.6657660392096787,1.0,1.4824234459394343,1.0,1.8424980018717763,1.0,186905.65500000006,659612.8574999995
2,0,6,166921.78000000026,633662.3200000003,0,1023.0077833333334,0.0,2205,0,0,0,0,1,0,0,0,0,0,0,0,0.0,1.0,2,0,6,166921.78000000026,633662.3200000003,0,1023.0077833333334,0.0,2205,0,0,0,0,1,0,0,0,0,0,0,0,0.0,1.0,2,0,6,166921.78000000026,633662.3200000003,0,1023.0077833333334,0.0,2205,0,0,0,0,1,0,0,0,0,0,0,0,0.0,1.0,2,0,6,166776.03000000026,633865.5899999999,0,1023.0081833333334,0.0,2205,0,0,0,0,1,0,0,0,0,0,0,0,0.0,1.0,0,0,0,1,0,0,0,0,0,0,0,0,0,0,0,0,0,1,0,0,0,0,1,0,0,0,0,0,0,0,0,0,0,0,0,0,0,0,0,0,1,0,0,0,0,1,0,0,0,0,0,0,0,0,0,0,0,0,0,0,0,0,0,0,1,0,0,0,1,0,0,0,0,0,0,0,0,0,0,0,0,0,0,0,0,0,0,0,1,0,0,4,0,0,0,0,0,0,0,0,0,0.8275105076204512,1.0,0.8275105076204512,1.0,0.8275105076204512,1.0,2.4825315228613536,1.0,166885.34250000026,633713.1375000002
1,0,10,187492.6399999997,659382.8399999999,0,0.0,128.99515802083334,787,0,0,0,0,0,0,0,0,0,1,0,0,0.0,1.0,1,0,6,187667.66999999995,659861.0099999998,0,0.0,84.16180151620371,1353,0,0,0,0,0,0,0,1,0,0,0,0,0.0,1.0,20,0,6,187270.0,659512.6500000004,0,0.0,1.995169537037037,787,0,0,0,0,0,0,0,0,0,1,0,0,0.0,1.0,1,0,6,187269.54000000004,659426.4900000002,0,0.0,1.9951696875,787,0,0,0,0,0,0,0,0,0,1,0,0,0.0,1.0,0,0,0,1,0,0,0,0,0,0,0,0,0,0,0,0,0,1,0,0,0,0,1,0,0,0,0,0,0,0,0,0,0,0,0,0,0,0,0,0,1,0,0,0,0,1,0,0,0,0,0,0,0,0,0,0,0,0,0,0,0,0,0,0,1,0,0,0,1,0,0,0,0,0,0,0,0,0,0,0,0,0,0,0,0,0,0,0,1,0,0,0,0,0,0,0,0,0,0,0,0,0.993865977753001,1.0,2.2415642043499493,1.0,0.8927451232025444,1.0,1.1037185771947575,1.0,187424.9624999999,659545.7475
2,0,10,179107.7000000002,663112.9000000004,0,0.0,110.1478072800926,2205,0,0,0,0,1,0,0,0,0,0,0,0,0.0,1.0,2,0,10,177386.4299999997,662058.9399999995,0,0.0,107.1581660763889,2205,0,0,0,0,1,0,0,0,0,0,0,0,0.0,1.0,2,0,10,177419.7000000002,662364.0999999996,0,0.0,107.15816609953704,2205,0,0,0,0,1,0,0,0,0,0,0,0,0.0,1.0,1,0,7,180774.2199999997,661479.4800000004,0,0.0,7.010179965277778,1141,0,0,0,0,0,0,1,0,0,0,0,0,0.0,1.0,1,0,0,1,0,0,0,0,0,0,0,0,0,0,0,0,0,1,0,0,0,0,1,0,0,0,0,0,0,0,0,0,0,0,0,0,0,0,0,0,1,0,0,0,0,1,0,0,0,0,0,0,0,0,0,0,0,0,0,0,0,0,0,0,1,0,0,0,1,0,0,0,0,0,0,0,0,0,0,0,0,0,0,0,0,0,0,0,1,0,0,2,0,0,0,0,0,0,0,0,0,0.9689637667597186,1.0,1.3080359799269576,1.0,1.2646596737120994,1.0,2.253669810194451,1.0,178672.01249999995,662253.855
2,0,6,191370.46,675506.0700000003,0,0.0,1.645410775462963,1295,0,0,0,0,0,1,0,0,0,0,0,0,0.0,1.0,2,0,6,191370.46,675506.0700000003,0,0.0,1.645410775462963,1295,0,0,0,0,0,1,0,0,0,0,0,0,0.0,1.0,2,0,9,191283.08999999985,675529.3599999994,0,0.0,1.8467868287037037,1295,0,0,0,0,0,1,0,0,0,0,0,0,0.0,1.0,2,5,5,192021.49000000025,675486.4199999999,0,4.77325,0.0,395,0,0,0,1,0,0,0,0,0,0,0,0,-0.22495105434386498,-0.9743700647852352,0,0,0,1,0,0,0,0,0,0,0,0,0,0,0,0,0,1,0,0,0,0,1,0,0,0,0,0,0,0,0,0,0,0,0,0,0,0,0,0,1,0,0,0,0,1,0,0,0,0,0,0,0,0,0,0,0,0,0,0,0,0,0,0,1,0,0,1,0,0,0,0,0,0,0,0,0,0,0,0,0,0,0,1,0,0,0,0,0,0,0,3,0,0,0,0,0,0,0,0,0,0.9036795243910937,1.0,0.9036795243910937,1.0,1.4709657458518997,1.0,3.273924933720756,0.0,255348.5,900675.9733333333
2,0,10,186260.91999999995,659751.1099999994,0,0.0,139.46936420138888,790,0,0,0,0,0,0,0,0,0,0,1,0,0.0,1.0,2,0,6,186290.9000000004,659876.8599999994,0,0.0,4.724920231481481,1353,0,0,0,0,0,0,0,1,0,0,0,0,0.0,1.0,1,0,6,187436.99000000025,659502.4800000004,0,1118.60115,0.0,785,0,0,0,0,0,0,0,1,0,0,0,0,0.0,1.0,2,5,6,185686.46,659917.7400000002,0,21.0349,0.0,2324,0,0,0,0,1,0,0,0,0,0,0,0,0.20791169081775931,0.9781476007338057,0,0,0,1,0,0,0,0,0,0,0,0,0,0,0,0,0,1,0,0,0,0,1,0,0,0,0,0,0,0,0,0,0,0,0,0,0,0,0,0,1,0,0,0,0,1,0,0,0,0,0,0,0,0,0,0,0,0,0,0,0,0,0,0,1,0,0,1,0,0,0,0,0,0,0,0,0,0,0,0,0,0,0,0,0,0,1,0,0,0,0,0,0,0,0,0,0,0,0,0,0,0.39706281471921867,1.0,0.4312062295242553,1.0,2.635961095351297,0.0,1.87830575510955,1.0,248558.42333333354,879682.7299999999
2,0,10,177976.3700000001,658984.2100000009,0,0.0,80.0521359375,1540,0,0,0,0,0,0,0,0,1,0,0,0,0.0,1.0,2,3,5,178794.75999999978,659759.1400000006,0,19.993033333333333,0.0,1366,0,0,0,0,0,0,0,0,1,0,0,0,-0.374606593415912,-0.9271838545667874,20,5,5,181940.34999999963,656618.9800000004,0,10.742616666666667,0.0,1366,0,0,0,0,0,0,0,0,1,0,0,0,-0.5591929034707467,-0.8290375725550417,2,5,5,178128.9400000004,659683.2599999998,0,10.190183333333334,0.0,1295,0,0,0,0,0,1,0,0,0,0,0,0,0.3907311284892737,0.9205048534524404,0,0,0,1,0,0,0,0,0,0,0,0,0,0,0,0,0,1,0,0,0,1,0,0,0,0,0,0,0,0,0,0,0,0,0,0,1,0,0,0,0,0,0,1,0,0,0,0,1,0,0,0,0,0,0,0,0,0,0,0,0,0,0,0,0,0,0,1,0,0,0,0,0,0,0,0,0,0,0,0,0,0,0,0,1,0,0,0,0,0,0,0,0,0,0,0,0,0,0,0,0,0.8708202517950276,1.0,0.7506869207426476,1.0,2.4106043997352633,1.0,0.986911514084221,1.0,179210.10499999998,658761.3975000004
2,0,6,177381.6299999999,661904.2699999996,0,0.0,102.88259758101852,785,0,0,0,0,0,0,0,1,0,0,0,0,0.0,1.0,2,0,6,177395.46999999974,662145.5199999996,0,0.0,100.11650959490741,2205,0,0,0,0,1,0,0,0,0,0,0,0,0.0,1.0,2,0,10,178547.0,665523.4900000002,0,0.0,55.82847719907407,1540,0,0,0,0,0,0,0,0,1,0,0,0,0.0,1.0,20,3,5,180167.08000000007,665148.6500000004,0,18.740483333333334,0.0,1000,0,0,0,0,0,1,0,0,0,0,0,0,-0.01745240643728445,0.9998476951563913,1,0,0,1,0,0,0,0,0,0,0,0,0,0,0,0,0,1,0,0,0,0,1,0,0,0,0,0,0,0,0,0,0,0,0,0,0,0,0,0,1,0,0,0,0,1,0,0,0,0,0,0,0,0,0,0,0,0,0,0,0,0,0,0,1,0,0,1,0,0,0,0,0,0,0,0,0,0,0,0,0,0,0,1,0,0,0,0,0,0,0,2,0,0,0,0,0,0,0,0,0,1.451923324720668,1.0,1.2989148901077574,1.0,1.3214225336775276,1.0,1.6548984019756527,1.0,178372.79499999993,663680.4824999999
1,0,10,179694.4400000004,665825.2200000007,0,0.0,277.87012091435184,785,0,0,0,0,0,0,0,1,0,0,0,0,0.0,1.0,2,0,6,177426.34999999963,662419.4100000001,0,0.0,100.07483162037038,2205,0,0,0,0,1,0,0,0,0,0,0,0,0.0,1.0,2,0,10,179045.6900000004,665999.7799999993,0,0.0,95.96936862268518,1000,0,0,0,0,0,1,0,0,0,0,0,0,0.0,1.0,2,5,5,178073.1799999997,662233.4399999995,0,11.407483333333333,0.0,1295,0,0,0,0,0,1,0,0,0,0,0,0,-0.9396926207859085,0.34202014332566816,1,0,0,1,0,0,0,0,0,0,0,0,0,0,0,0,0,1,0,0,0,0,1,0,0,0,0,0,0,0,0,0,0,0,0,0,0,0,0,0,1,0,0,0,0,1,0,0,0,0,0,0,0,0,0,0,0,0,0,0,0,0,0,0,1,0,0,1,0,0,0,0,0,0,0,0,0,0,0,0,0,0,0,0,0,0,1,0,0,0,0,0,0,0,0,0,0,0,0,0,0,1.535795638099072,1.0,1.5318369196781179,1.0,1.4559207897600153,1.0,1.4602418295896022,1.0,178559.91500000004,664119.4624999999
2,0,10,179075.4500000002,663147.9499999993,0,0.0,103.93947645833333,2205,0,0,0,0,1,0,0,0,0,0,0,0,0.0,1.0,1,0,6,180774.2199999997,661479.4800000004,0,1154.6628,0.0,1141,0,0,0,0,0,0,1,0,0,0,0,0,0.0,1.0,2,5,6,181051.91000000012,665313.1999999993,0,10.462733333333333,0.0,860,0,0,0,1,0,0,0,0,0,0,0,0,-0.731353701619171,0.6819983600624979,2,5,5,178432.3799999999,660881.4100000001,0,9.912833333333333,0.0,860,0,0,0,1,0,0,0,0,0,0,0,0,0.9135454576426009,0.4067366430758002,1,0,0,1,0,0,0,0,0,0,0,0,0,0,0,0,0,1,0,0,0,0,1,0,0,0,0,0,0,0,0,0,0,0,0,0,0,0,0,0,1,0,0,0,1,0,0,0,0,0,0,0,0,0,0,0,0,0,0,1,0,0,0,0,0,0,0,1,0,0,0,0,0,0,0,0,0,0,0,0,0,0,0,0,0,0,1,0,0,0,0,0,0,0,0,0,0,0,0,0,0,0.6209305515402554,1.0,1.0932499100013484,1.0,2.036229743478245,1.0,1.6271869759031397,1.0,179833.49,662705.5099999998
2,0,6,177413.54000000004,662175.6099999994,0,0.0,100.88259422453703,785,0,0,0,0,0,0,0,1,0,0,0,0,0.0,1.0,2,0,6,177381.58999999985,662031.7899999991,0,0.0,98.11649469907407,2205,0,0,0,0,1,0,0,0,0,0,0,0,0.0,1.0,17,0,10,178540.1799999997,663026.1099999994,0,0.0,68.60978173611112,790,0,0,0,0,0,0,0,0,0,0,1,0,0.0,1.0,2,0,10,180244.75,664183.7100000009,0,0.0,7.703450717592593,787,0,0,0,0,0,0,0,0,0,1,0,0,0.0,1.0,1,0,0,1,0,0,0,0,0,0,0,0,0,0,0,0,0,1,0,0,0,0,1,0,0,0,0,0,0,0,0,0,0,0,0,0,0,0,0,0,1,0,0,0,0,1,0,0,0,0,0,0,0,0,0,0,0,0,0,0,0,0,0,0,1,0,0,0,1,0,0,0,0,0,0,0,0,0,0,0,0,0,0,0,0,0,0,0,1,0,0,2,0,0,0,0,0,0,0,0,0,1.1803704216584636,1.0,1.2910836328779016,1.0,0.2224882826100099,1.0,2.2532559919388726,1.0,178395.0149999999,662854.3049999997
1,0,10,187492.6399999997,659382.8399999999,0,0.0,128.7034888425926,787,0,0,0,0,0,0,0,0,0,1,0,0,0.0,1.0,1,0,6,187667.66999999995,659861.0099999998,0,0.0,83.87013234953703,1353,0,0,0,0,0,0,0,1,0,0,0,0,0.0,1.0,20,0,6,187270.0,659512.6500000004,0,0.0,1.7035003472222223,787,0,0,0,0,0,0,0,0,0,1,0,0,0.0,1.0,20,0,6,187301.4000000004,659492.1300000008,0,0.0,1.7035003472222223,787,0,0,0,0,0,0,0,0,0,1,0,0,0.0,1.0,0,0,0,1,0,0,0,0,0,0,0,0,0,0,0,0,0,1,0,0,0,0,1,0,0,0,0,0,0,0,0,0,0,0,0,0,0,0,0,0,1,0,0,0,0,1,0,0,0,0,0,0,0,0,0,0,0,0,0,0,0,0,0,0,1,0,0,0,1,0,0,0,0,0,0,0,0,0,0,0,0,0,0,0,0,0,0,0,1,0,0,0,0,0,0,0,0,0,0,0,0,1.1132324937912186,1.0,2.2383962882612596,1.0,1.0029973681856708,1.0,0.8776818692360756,1.0,187432.9275,659562.1575000002
1,0,10,186810.84999999963,695239.0700000003,0,0.0,29.71068804398148,738,0,0,0,0,0,0,0,0,0,1,0,0,0.0,1.0,1,5,5,186938.91000000012,692426.5800000001,0,16.340766666666667,0.0,1000,0,0,0,0,0,1,0,0,0,0,0,0,0.9563047559630355,-0.29237170472273666,6,5,5,188214.3700000001,692347.7799999993,0,14.674033333333334,0.0,1000,0,0,0,0,0,1,0,0,0,0,0,0,-0.992546151641322,0.12186934340514768,6,5,7,188706.9400000004,692287.3599999994,0,16.52335,0.0,1141,0,0,0,0,0,0,1,0,0,0,0,0,-0.992546151641322,0.12186934340514768,0,0,0,1,0,0,0,0,0,0,0,0,0,0,0,0,0,1,0,0,0,1,0,0,0,0,0,0,0,0,0,0,0,0,0,0,1,0,0,0,0,0,0,0,1,0,0,0,0,0,0,0,0,0,0,0,0,0,0,1,0,0,0,0,0,0,0,1,0,0,0,0,0,0,0,0,0,0,0,0,0,0,0,0,1,0,0,0,0,0,0,2,0,0,0,0,0,0,0,0,0,2.255929094512166,1.0,0.9457237570572352,1.0,0.8819656777586798,1.0,1.2640286342685778,1.0,187667.76750000007,693075.1974999998
1,0,10,179030.88999999966,644755.5,0,0.0,3.7317725925925926,1353,0,0,0,0,0,0,0,1,0,0,0,0,0.0,1.0,2,5,6,183413.28000000023,644564.6400000006,0,29.4186,0.0,2324,0,0,0,0,1,0,0,0,0,0,0,0,0.9659258262890683,0.25881904510252074,2,5,9,179307.41999999993,644080.4499999993,0,23.001566666666665,0.0,2324,0,0,0,0,1,0,0,0,0,0,0,0,0.9205048534524403,0.39073112848927394,6,5,5,178575.41000000015,644317.3100000005,0,14.819033333333334,0.0,2324,0,0,0,0,1,0,0,0,0,0,0,0,0.838670567945424,-0.5446390350150271,0,0,0,1,0,0,0,0,0,0,0,0,0,0,0,0,0,1,0,0,0,1,0,0,0,0,0,0,0,0,0,0,0,0,0,0,0,1,0,0,0,0,0,0,1,0,0,0,0,0,0,0,0,0,0,0,0,0,0,0,0,0,1,0,0,0,0,1,0,0,0,0,0,0,0,0,0,0,0,0,0,0,0,0,0,1,0,0,0,0,0,0,0,0,0,0,0,0,0,0,0,1.0022621162237855,1.0,3.0372603493236485,0.0,0.7736968821560987,1.0,1.3759568860159597,1.0,240109.0,859239.3000000002
2,5,7,175578.26999999955,655826.7400000002,0,21.2768,0.0,1141,0,0,0,0,0,0,1,0,0,0,0,0,-0.9396926207859085,0.34202014332566816,2,5,6,178581.3099999996,654633.8300000001,0,9.526316666666666,0.0,1141,0,0,0,0,0,0,1,0,0,0,0,0,0.8746197071393959,-0.484809620246337,2,5,5,181886.04000000004,653320.3599999994,0,3.57665,0.0,1141,0,0,0,0,0,0,1,0,0,0,0,0,0.9510565162951536,-0.30901699437494734,1,1,5,178182.86000000034,654873.5399999991,0,2.560016666666667,0.0,1141,0,0,0,0,0,0,1,0,0,0,0,0,0.27563735581699916,0.9612616959383189,0,0,0,0,1,0,0,1,0,0,0,0,0,0,0,0,0,0,0,0,0,1,0,0,0,0,0,0,0,0,0,0,0,0,0,0,0,0,1,0,0,0,0,0,0,0,1,0,0,0,0,1,0,0,0,0,0,0,0,0,0,0,0,0,0,0,0,1,0,0,0,0,0,0,0,0,0,0,0,0,0,0,0,0,1,0,0,0,0,0,0,0,0,0,0,0,0,0,0,0,0,2.039362769152764,1.0,0.024471102435228837,1.0,2.289248625297327,1.0,0.2736558815639639,1.0,178557.11999999988,654663.6174999997
2,0,10,178618.1799999997,665686.4600000009,0,0.0,56.661816944444446,1540,0,0,0,0,0,0,0,0,1,0,0,0,0.0,1.0,2,0,6,180344.96,664164.5899999999,0,0.0,10.536793645833333,787,0,0,0,0,0,0,0,0,0,1,0,0,0.0,1.0,1,5,7,179773.66999999993,663068.2400000002,0,27.9496,0.0,860,0,0,0,1,0,0,0,0,0,0,0,0,-0.9702957262759966,0.24192189559966742,2,5,5,179829.1299999999,667732.0600000005,0,24.749583333333334,0.0,860,0,0,0,1,0,0,0,0,0,0,0,0,0.9876883405951378,0.15643446504023092,1,0,0,1,0,0,0,0,0,0,0,0,0,0,0,0,0,1,0,0,0,0,1,0,0,0,0,0,0,0,0,0,0,0,0,0,0,0,0,0,1,0,0,0,0,0,1,0,0,0,0,1,0,0,0,0,0,0,0,0,0,0,0,0,0,0,0,0,0,1,0,0,0,0,0,0,0,0,0,0,1,0,0,0,0,0,0,0,0,0,0,0,0,0,0,0,0,0,0,0,0,0.9651302196270068,1.0,1.0253523193086633,1.0,1.7621518669213563,1.0,2.1629008726649728,1.0,179641.48499999987,665162.8375000004
2,0,10,177334.5,661514.4299999997,0,0.0,103.6742757175926,785,0,0,0,0,0,0,0,1,0,0,0,0,0.0,1.0,2,0,10,177347.7999999998,661625.0600000005,0,0.0,103.6742757175926,785,0,0,0,0,0,0,0,1,0,0,0,0,0.0,1.0,2,0,6,177434.91000000015,662363.7100000009,0,0.0,103.67426414351851,785,0,0,0,0,0,0,0,1,0,0,0,0,0.0,1.0,2,0,10,177366.4400000004,661908.0899999999,0,0.0,100.90816457175926,2205,0,0,0,0,1,0,0,0,0,0,0,0,0.0,1.0,1,0,0,1,0,0,0,0,0,0,0,0,0,0,0,0,0,1,0,0,0,0,1,0,0,0,0,0,0,0,0,0,0,0,0,0,0,0,0,0,1,0,0,0,0,1,0,0,0,0,0,0,0,0,0,0,0,0,0,0,0,0,0,0,1,0,0,0,1,0,0,0,0,0,0,0,0,0,0,0,0,0,0,0,0,0,0,0,1,0,0,4,0,0,0,0,0,0,0,0,0,1.8562975734447735,1.0,1.2486303286453027,1.0,2.808234058923712,0.0,0.30242261676750914,1.0,236494.55000000013,882470.4300000003
2,0,10,179084.16000000015,663131.1799999997,0,0.0,156.03037479166667,1141,0,0,0,0,0,0,1,0,0,0,0,0,0.0,1.0,2,0,10,179225.83999999985,663041.8200000003,0,0.0,126.95346506944445,785,0,0,0,0,0,0,0,1,0,0,0,0,0.0,1.0,2,0,10,177424.86000000034,662262.4000000004,0,0.0,102.92426358796297,785,0,0,0,0,0,0,0,1,0,0,0,0,0.0,1.0,2,0,10,178618.1799999997,665686.4600000009,0,0.0,55.87014320601852,1540,0,0,0,0,0,0,0,0,1,0,0,0,0.0,1.0,1,0,0,1,0,0,0,0,0,0,0,0,0,0,0,0,0,1,0,0,0,0,1,0,0,0,0,0,0,0,0,0,0,0,0,0,0,0,0,0,1,0,0,0,0,1,0,0,0,0,0,0,0,0,0,0,0,0,0,0,0,0,0,0,1,0,0,0,1,0,0,0,0,0,0,0,0,0,0,0,0,0,0,0,0,0,0,0,1,0,0,0,0,0,0,0,0,0,0,0,0,0.6372639054702145,1.0,0.8040472644235837,1.0,1.7225100196124261,1.0,2.158222936509183,1.0,178588.26,663530.4650000003
2,0,6,177381.6299999999,661904.2699999996,0,0.0,101.13259885416667,785,0,0,0,0,0,0,0,1,0,0,0,0,0.0,1.0,2,0,7,177403.1200000001,662212.1300000008,0,0.0,98.36649931712962,2205,0,0,0,0,1,0,0,0,0,0,0,0,0.0,1.0,2,0,10,179116.7000000002,665979.1099999994,0,0.0,94.26103637731481,1000,0,0,0,0,0,1,0,0,0,0,0,0,0.0,1.0,2,5,7,185220.41000000012,669001.4600000009,0,10.575683333333334,0.0,1366,0,0,0,0,0,0,0,0,1,0,0,0,0.8090169943749475,-0.587785252292473,1,0,0,1,0,0,0,0,0,0,0,0,0,0,0,0,0,1,0,0,0,0,1,0,0,0,0,0,0,0,0,0,0,0,0,0,0,0,0,0,1,0,0,0,0,1,0,0,0,0,0,0,0,0,0,0,0,0,0,0,0,0,0,0,1,0,0,1,0,0,0,0,0,0,0,0,0,0,0,0,0,0,0,0,0,0,1,0,0,0,0,2,0,0,0,0,0,0,0,0,0,1.2185151002511208,1.0,1.138602334610461,1.0,0.44812378421022625,1.0,2.2442895808886854,1.0,179780.46500000008,664774.2425000002
2,0,10,178747.04000000004,666085.1899999995,0,0.0,94.09435359953704,1000,0,0,0,0,0,1,0,0,0,0,0,0,0.0,1.0,2,0,10,178578.91999999993,665596.5600000005,0,0.0,53.91180730324074,1540,0,0,0,0,0,0,0,0,1,0,0,0,0.0,1.0,1,0,10,180774.2199999997,661479.4800000004,0,0.0,23.07271005787037,1141,0,0,0,0,0,0,1,0,0,0,0,0,0.0,1.0,2,5,6,177991.63999999966,662292.75,0,22.020216666666666,0.0,1000,0,0,0,0,0,1,0,0,0,0,0,0,-0.2588190451025207,0.9659258262890683,1,0,0,1,0,0,0,0,0,0,0,0,0,0,0,0,0,1,0,0,0,0,1,0,0,0,0,0,0,0,0,0,0,0,0,0,0,0,0,0,1,0,0,0,0,1,0,0,0,0,0,0,0,0,0,0,0,0,0,0,0,0,0,0,1,0,0,1,0,0,0,0,0,0,0,0,0,0,0,0,0,0,0,1,0,0,0,0,0,0,0,0,0,0,0,0,0,0,0,0,0,1.4656881583605996,1.0,1.1712639239997795,1.0,1.9366400262078196,1.0,1.2301928802770268,1.0,179022.95499999984,663863.4950000001
2,5,5,188868.3700000001,664979.1300000008,0,7.131366666666667,0.0,860,0,0,0,1,0,0,0,0,0,0,0,0,0.7193398003386514,-0.694658370458997,1,5,5,190970.5,666817.0899999999,0,4.964316666666667,0.0,860,0,0,0,1,0,0,0,0,0,0,0,0,-0.9961946980917455,0.08715574274765789,1,2,5,188176.28000000023,665343.3699999992,0,4.264366666666667,0.0,860,0,0,0,1,0,0,0,0,0,0,0,0,0.0,1.0,2,5,5,190745.79000000004,666132.3000000007,0,1.981,0.0,860,0,0,0,1,0,0,0,0,0,0,0,0,-0.9702957262759966,0.24192189559966742,0,0,1,0,0,0,0,0,0,0,0,0,0,0,0,0,1,0,0,0,0,1,0,0,0,0,0,0,0,0,0,0,0,0,0,1,0,0,0,0,0,0,0,0,1,0,0,0,0,0,0,0,0,0,0,0,0,0,0,1,0,0,0,0,0,0,0,1,0,0,0,0,0,0,0,0,0,0,0,0,0,0,0,1,0,0,0,0,0,0,0,0,0,0,0,0,0,0,0,0,0,1.2312505120644872,1.0,1.7026544684999423,1.0,1.663465114150045,1.0,1.1547172363132516,1.0,189690.2350000001,665817.9725000001
1,0,10,179694.4400000004,665825.2200000007,0,0.0,276.1617875462963,785,0,0,0,0,0,0,0,1,0,0,0,0,0.0,1.0,2,0,10,179084.16000000015,663131.1799999997,0,0.0,154.23870878472223,1141,0,0,0,0,0,0,1,0,0,0,0,0,0.0,1.0,1,0,10,180770.2999999998,661493.5800000001,0,0.0,23.239380104166667,1141,0,0,0,0,0,0,1,0,0,0,0,0,0.0,1.0,2,5,5,183841.9000000004,669568.1199999992,0,12.107316666666666,0.0,1366,0,0,0,0,0,0,0,0,1,0,0,0,-0.9998476951563913,0.01745240643728313,1,0,0,1,0,0,0,0,0,0,0,0,0,0,0,0,0,1,0,0,0,0,1,0,0,0,0,0,0,0,0,0,0,0,0,0,0,0,0,0,1,0,0,0,0,1,0,0,0,0,0,0,0,0,0,0,0,0,0,0,0,0,0,0,1,0,0,1,0,0,0,0,0,0,0,0,0,0,0,0,0,0,0,0,0,0,1,0,0,0,0,0,0,0,0,0,0,0,0,0,0,0.5793693675144949,1.0,1.0530960366779436,1.0,1.437424650939875,1.0,2.2341005184693166,1.0,180847.7000000002,665004.5249999999
2,0,10,177401.2000000002,662045.3599999994,0,0.0,102.92427538194444,785,0,0,0,0,0,0,0,1,0,0,0,0,0.0,1.0,2,0,6,177413.54000000004,662175.6099999994,0,0.0,102.92426381944445,785,0,0,0,0,0,0,0,1,0,0,0,0,0.0,1.0,2,0,6,177381.58999999985,662031.7899999991,0,0.0,100.15816429398149,2205,0,0,0,0,1,0,0,0,0,0,0,0,0.0,1.0,2,5,10,183764.4000000004,670369.0600000005,0,7.0732333333333335,0.0,1141,0,0,0,0,0,0,1,0,0,0,0,0,-0.6427876096865393,-0.766044443118978,1,0,0,1,0,0,0,0,0,0,0,0,0,0,0,0,0,1,0,0,0,0,1,0,0,0,0,0,0,0,0,0,0,0,0,0,0,0,0,0,1,0,0,0,0,1,0,0,0,0,0,0,0,0,0,0,0,0,0,0,0,0,0,0,1,0,0,0,0,1,0,0,0,0,1,0,0,0,0,0,0,0,0,0,0,0,0,0,0,0,0,3,0,0,0,0,0,0,0,0,0,0.8327086153000328,1.0,0.7978601798190748,1.0,0.839848008184788,1.0,2.470237418398919,1.0,178990.1825000001,664155.4549999996
2,0,6,177356.33999999985,661702.3200000003,0,0.0,102.84093133101852,785,0,0,0,0,0,0,0,1,0,0,0,0,0.0,1.0,17,0,6,178698.5599999996,663005.4399999995,0,0.0,70.56810722222222,790,0,0,0,0,0,0,0,0,0,0,1,0,0.0,1.0,1,0,6,180770.2999999998,661493.5800000001,0,0.0,24.94771377314815,1141,0,0,0,0,0,0,1,0,0,0,0,0,0.0,1.0,2,5,5,178949.36000000034,666228.1400000006,0,13.2245,0.0,1295,0,0,0,0,0,1,0,0,0,0,0,0,-0.20791169081775907,-0.9781476007338057,1,0,0,1,0,0,0,0,0,0,0,0,0,0,0,0,0,1,0,0,0,0,1,0,0,0,0,0,0,0,0,0,0,0,0,0,0,0,0,0,1,0,0,0,0,1,0,0,0,0,0,0,0,0,0,0,0,0,0,0,0,0,0,0,1,0,0,1,0,0,0,0,0,0,0,0,0,0,0,0,0,0,0,0,0,0,1,0,0,0,0,0,0,0,0,0,0,0,0,0,0,1.363764179667472,1.0,0.17076171010889124,1.0,1.5680786279225831,1.0,2.0077071775149022,1.0,178943.6399999999,663107.3700000001
6,5,6,190837.28000000023,666035.8100000005,0,25.32425,0.0,1366,0,0,0,0,0,0,0,0,1,0,0,0,0.01745240643728344,-0.9998476951563913,1,5,6,187376.3700000001,666648.5999999996,0,20.690683333333332,0.0,1366,0,0,0,0,0,0,0,0,1,0,0,0,-0.10452846326765305,-0.9945218953682734,2,5,5,188044.29000000004,667395.7100000009,0,5.52425,0.0,1366,0,0,0,0,0,0,0,0,1,0,0,0,-0.9743700647852352,0.22495105434386492,2,5,7,187812.4299999997,666594.7200000007,0,5.240866666666666,0.0,1366,0,0,0,0,0,0,0,0,1,0,0,0,-0.13917310096006552,-0.9902680687415703,0,0,1,0,0,0,0,0,0,0,0,0,0,0,0,0,1,0,0,0,0,1,0,0,0,0,0,0,0,0,0,0,0,0,0,0,0,0,1,0,0,0,0,0,1,0,0,0,0,0,0,0,0,0,0,0,0,0,0,0,1,0,0,0,0,0,0,0,0,1,0,0,0,0,0,0,0,0,1,0,0,0,0,0,0,0,0,0,0,0,0,0,0,0,0,0,0,0,0,0,0,2.607836958385797,0.0,1.2379338651789589,1.0,0.9408615569352952,1.0,0.7690003338988023,1.0,251356.79000000004,888891.6133333339
1,0,6,185909.0499999998,672709.9700000007,0,0.0,35.088871087962964,2324,0,0,0,0,1,0,0,0,0,0,0,0,0.0,1.0,1,0,7,184364.5599999996,672116.1099999994,0,58.02413333333333,0.0,2205,0,0,0,0,1,0,0,0,0,0,0,0,0.0,1.0,1,0,6,184348.9299999997,672070.2599999998,0,58.02475,0.0,2205,0,0,0,0,1,0,0,0,0,0,0,0,0.0,1.0,1,5,5,183115.8200000003,670923.8599999994,0,6.590833333333333,0.0,1295,0,0,0,0,0,1,0,0,0,0,0,0,0.24192189559966773,-0.9702957262759965,0,0,0,1,0,0,0,0,0,0,0,0,0,0,0,0,0,1,0,0,0,0,1,0,0,0,0,0,0,0,0,0,0,0,0,0,0,0,0,0,1,0,0,0,0,1,0,0,0,0,0,0,0,0,0,0,0,0,0,0,0,0,0,0,1,0,0,1,0,0,0,0,0,0,0,0,0,0,0,0,0,0,0,0,0,1,0,0,0,0,0,2,0,0,0,0,0,0,0,0,0,2.023488436843072,1.0,0.21453726438505558,1.0,0.1753731152012146,1.0,2.044970567621536,1.0,184434.58999999985,671955.0499999998
1,0,10,179748.33000000007,666135.5099999998,0,0.0,183.12016247685185,395,0,0,0,1,0,0,0,0,0,0,0,0,0.0,1.0,17,0,10,178626.95999999996,663024.7799999993,0,0.0,71.48478053240741,790,0,0,0,0,0,0,0,0,0,0,1,0,0.0,1.0,1,0,7,180759.6799999997,661531.8699999992,0,0.0,25.864387013888887,1141,0,0,0,0,0,0,1,0,0,0,0,0,0.0,1.0,2,5,5,179912.53000000026,667357.8200000003,0,8.667266666666666,0.0,2324,0,0,0,0,1,0,0,0,0,0,0,0,-0.9986295347545738,-0.052335956242944306,1,0,0,1,0,0,0,0,0,0,0,0,0,0,0,0,0,1,0,0,0,0,1,0,0,0,0,0,0,0,0,0,0,0,0,0,0,0,0,0,1,0,0,0,0,1,0,0,0,0,0,0,0,0,0,0,0,0,0,0,0,0,0,0,1,0,0,1,0,0,0,0,0,0,0,0,0,0,0,0,0,0,0,1,0,0,0,0,0,0,0,0,0,0,0,0,0,0,0,0,0,1.0487136688265615,1.0,1.2090260783091815,1.0,2.030916340462087,1.0,1.8410224126304677,1.0,179761.875,664512.4949999996
1,0,10,186647.59999999963,695230.3699999992,0,0.0,29.585692719907406,738,0,0,0,0,0,0,0,0,0,1,0,0,0.0,1.0,1,0,10,186810.84999999963,695239.0700000003,0,0.0,29.58569314814815,738,0,0,0,0,0,0,0,0,0,1,0,0,0.0,1.0,2,5,5,185975.75999999975,687288.3800000008,0,31.898833333333332,0.0,2324,0,0,0,0,1,0,0,0,0,0,0,0,0.5735764363510464,-0.8191520442889916,2,5,7,186347.03000000023,692721.6899999995,0,17.898883333333334,0.0,2324,0,0,0,0,1,0,0,0,0,0,0,0,-0.374606593415912,-0.9271838545667874,0,0,0,1,0,0,0,0,0,0,0,0,0,0,0,0,0,1,0,0,0,0,1,0,0,0,0,0,0,0,0,0,0,0,0,0,0,0,0,0,1,0,0,0,1,0,0,0,0,0,0,0,0,0,0,0,0,0,0,0,0,0,1,0,0,0,0,1,0,0,0,0,0,0,0,0,0,0,0,0,0,0,0,0,0,0,1,0,0,0,0,0,0,0,0,0,0,0,0,0,0,1.4698570142164575,1.0,1.4845979443046033,1.0,3.0045511973278125,0.0,0.07943942251770504,1.0,248593.74666666644,923493.1699999999
2,5,5,184515.0599999996,675280.2899999991,0,4.274666666666667,0.0,787,0,0,0,0,0,0,0,0,0,1,0,0,-0.01745240643728445,0.9998476951563913,2,5,7,182484.96,674754.8100000005,0,6.837583333333333,0.0,790,0,0,0,0,0,0,0,0,0,0,1,0,-0.9781476007338058,0.20791169081775857,2,5,5,182403.5599999996,674158.1799999997,0,6.107516666666666,0.0,235,1,0,0,0,0,0,0,0,0,0,0,0,0.9335804264972017,-0.35836794954530027,2,5,5,182403.5599999996,674158.1799999997,0,6.107516666666666,0.0,235,1,0,0,0,0,0,0,0,0,0,0,0,0.9335804264972017,-0.35836794954530027,0,0,1,0,0,0,0,0,0,0,0,0,0,0,1,0,0,0,0,0,0,0,0,1,0,0,0,0,0,0,0,0,0,1,0,0,0,0,0,0,0,0,0,0,0,0,1,0,0,0,0,0,1,0,0,0,0,0,0,0,0,0,0,0,0,0,0,0,0,1,0,0,0,0,0,1,0,0,0,0,0,0,0,0,0,0,0,0,0,0,0,2,0,0,0,0,0,0,0,0,0,2.4936373959479123,1.0,0.7230787634935516,1.0,1.0158963273835548,1.0,1.0158963273835548,1.0,182951.78499999968,674587.8649999998
2,0,6,177434.91000000015,662363.7100000009,0,0.0,103.34093033564815,785,0,0,0,0,0,0,0,1,0,0,0,0,0.0,1.0,2,0,6,179434.73000000045,663473.0600000005,0,832.9896666666667,0.0,2205,0,0,0,0,1,0,0,0,0,0,0,0,0.0,1.0,2,0,6,180032.48000000045,662401.8000000007,0,413.0396666666667,0.0,1540,0,0,0,0,0,0,0,0,1,0,0,0,0.0,1.0,2,0,6,178259.73000000045,664620.9199999999,0,293.03968333333336,0.0,738,0,0,0,0,0,0,0,0,0,1,0,0,0.0,1.0,1,0,0,1,0,0,0,0,0,0,0,0,0,0,0,0,0,1,0,0,0,0,1,0,0,0,0,0,0,0,0,0,0,0,0,0,0,0,0,0,1,0,0,0,0,1,0,0,0,0,0,0,0,0,0,0,0,0,0,0,0,0,0,0,1,0,0,0,1,0,0,0,0,0,0,0,0,0,0,0,0,0,0,0,0,0,0,0,1,0,0,0,0,0,0,0,0,0,0,0,0,1.6539913999251217,1.0,0.7172171283463369,1.0,1.5339787700279608,1.0,1.5529869528724234,1.0,178790.46250000037,663214.8725000005
2,0,6,177426.34999999963,662419.4100000001,0,0.0,100.03316546296297,2205,0,0,0,0,1,0,0,0,0,0,0,0,0.0,1.0,2,0,10,178909.51999999955,666038.7699999996,0,0.0,95.92770246527778,1000,0,0,0,0,0,1,0,0,0,0,0,0,0.0,1.0,2,0,10,179045.6900000004,665999.7799999993,0,0.0,95.92770247685185,1000,0,0,0,0,0,1,0,0,0,0,0,0,0.0,1.0,2,5,5,181478.61000000036,664210.0899999999,0,18.90823333333333,0.0,2205,0,0,0,0,1,0,0,0,0,0,0,0,-0.5735764363510458,-0.819152044288992,1,0,0,1,0,0,0,0,0,0,0,0,0,0,0,0,0,1,0,0,0,0,1,0,0,0,0,0,0,0,0,0,0,0,0,0,0,0,0,0,1,0,0,0,0,1,0,0,0,0,0,0,0,0,0,0,0,0,0,0,0,0,0,0,1,0,0,1,0,0,0,0,0,0,0,0,0,0,0,0,0,0,0,1,0,0,0,0,0,0,0,2,0,0,0,0,0,0,0,0,0,1.9499413561217112,1.0,0.954014697186319,1.0,0.9120048623719578,1.0,1.5675836033757327,1.0,179215.04249999998,664667.0124999997
1,0,10,186647.59999999963,695230.3699999992,0,0.0,29.96070363425926,738,0,0,0,0,0,0,0,0,0,1,0,0,0.0,1.0,2,5,5,187346.53000000023,688132.2899999991,0,12.702266666666667,0.0,1540,0,0,0,0,0,0,0,0,1,0,0,0,-0.9902680687415704,0.13917310096006547,2,5,8,187940.54000000004,688427.9000000004,0,60.8792,0.0,1540,0,0,0,0,0,0,0,0,1,0,0,0,-0.32556815445715753,0.9455185755993165,2,5,7,186900.33999999985,692758.8499999996,0,6.2294833333333335,0.0,1366,0,0,0,0,0,0,0,0,1,0,0,0,-0.9205048534524405,0.3907311284892735,0,0,0,1,0,0,0,0,0,0,0,0,0,0,0,0,0,1,0,0,0,1,0,0,0,0,0,0,0,0,0,0,0,0,0,0,0,0,1,0,0,0,0,0,1,0,0,0,0,0,0,0,0,0,0,0,0,0,0,0,0,0,1,0,0,0,0,0,0,1,0,0,0,0,1,0,0,0,0,0,0,0,0,0,0,0,0,0,0,0,0,0,0,0,0,0,0,0,0,0,0,2.373794225806872,1.0,1.7284835813880792,1.0,1.6125991461752103,1.0,0.9483944512986261,1.0,187208.75249999994,691137.3524999996
1,0,6,179078.8099999996,645173.0500000007,0,0.0,1.995140185185185,1366,0,0,0,0,0,0,0,0,1,0,0,0,0.0,1.0,1,0,9,178853.0599999996,645047.1500000004,0,0.0,1.9951405092592593,1366,0,0,0,0,0,0,0,0,1,0,0,0,0.0,1.0,2,5,7,179745.75999999978,644277.6300000008,0,37.20215,0.0,1540,0,0,0,0,0,0,0,0,1,0,0,0,-0.9271838545667873,-0.3746065934159123,2,5,5,180305.3700000001,644892.0800000001,0,9.65215,0.0,1540,0,0,0,0,0,0,0,0,1,0,0,0,-0.01745240643728445,0.9998476951563913,0,0,0,1,0,0,0,0,0,0,0,0,0,0,0,0,0,1,0,0,0,0,1,0,0,0,0,0,0,0,0,0,0,0,0,0,0,0,0,0,1,0,0,0,1,0,0,0,0,0,0,0,0,0,0,0,0,0,0,0,0,1,0,0,0,0,0,1,0,0,0,0,0,0,0,0,0,0,0,0,0,0,0,0,0,0,1,0,0,0,0,0,0,0,0,0,0,0,0,0,0,1.1564269383479229,1.0,1.4712165946843447,1.0,1.3603518156286503,1.0,1.7725779889983078,1.0,179495.74999999977,644847.4775000005
1,0,10,188299.2199999997,659292.9600000009,0,0.0,159.25772332175927,738,0,0,0,0,0,0,0,0,0,1,0,0,0.0,1.0,1,0,10,188285.58999999985,659377.2899999991,0,0.0,159.25772346064815,738,0,0,0,0,0,0,0,0,0,1,0,0,0.0,1.0,1,0,10,189948.21,659628.6099999994,0,0.0,33.2149108912037,787,0,0,0,0,0,0,0,0,0,1,0,0,0.0,1.0,1,0,9,189608.8799999999,659721.5999999996,0,0.0,13.269922523148148,738,0,0,0,0,0,0,0,0,0,1,0,0,0.0,1.0,0,0,0,1,0,0,0,0,0,0,0,0,0,0,0,0,0,1,0,0,0,0,1,0,0,0,0,0,0,0,0,0,0,0,0,0,0,0,0,0,1,0,0,0,0,1,0,0,0,0,0,0,0,0,0,0,0,0,0,0,0,0,0,0,1,0,0,0,1,0,0,0,0,0,0,0,0,0,0,0,0,0,0,0,0,0,0,0,1,0,0,2,0,0,0,0,0,0,0,0,0,1.6506142389226728,1.0,1.638742714961805,1.0,1.984177454345751,1.0,1.320363285057148,1.0,189035.47499999986,659505.1149999998
2,0,6,177381.58999999985,662031.7899999991,0,0.0,100.49149699074074,2205,0,0,0,0,1,0,0,0,0,0,0,0,0.0,1.0,17,0,10,178540.1799999997,663026.1099999994,0,0.0,70.98478403935185,790,0,0,0,0,0,0,0,0,0,0,1,0,0.0,1.0,1,0,10,180749.91999999995,661572.5,0,0.0,25.364378958333333,1141,0,0,0,0,0,0,1,0,0,0,0,0,0.0,1.0,2,0,10,180244.75,664183.7100000009,0,0.0,10.07845300925926,787,0,0,0,0,0,0,0,0,0,1,0,0,0.0,1.0,1,0,0,1,0,0,0,0,0,0,0,0,0,0,0,0,0,1,0,0,0,0,1,0,0,0,0,0,0,0,0,0,0,0,0,0,0,0,0,0,1,0,0,0,0,1,0,0,0,0,0,0,0,0,0,0,0,0,0,0,0,0,0,0,1,0,0,0,1,0,0,0,0,0,0,0,0,0,0,0,0,0,0,0,0,0,0,0,1,0,0,0,0,0,0,0,0,0,0,0,0,1.6746109443371286,1.0,0.6480142570380834,1.0,1.6144968312119519,1.0,1.5291775454557879,1.0,179229.10999999987,662703.5274999999
2,0,10,177424.86000000034,662262.4000000004,0,0.0,103.0492698263889,785,0,0,0,0,0,0,0,1,0,0,0,0,0.0,1.0,2,0,10,178618.1799999997,665686.4600000009,0,0.0,55.99514943287037,1540,0,0,0,0,0,0,0,0,1,0,0,0,0.0,1.0,2,5,5,180192.9400000004,664997.7400000002,0,20.498566666666665,0.0,1353,0,0,0,0,0,0,0,1,0,0,0,0,0.27563735581699966,-0.9612616959383187,2,5,5,180548.41999999995,670035.6799999997,0,10.51525,0.0,1353,0,0,0,0,0,0,0,1,0,0,0,0,0.981627183447664,-0.1908089953765448,1,0,0,1,0,0,0,0,0,0,0,0,0,0,0,0,0,1,0,0,0,0,1,0,0,0,0,0,0,0,0,0,0,0,0,0,0,0,0,0,1,0,0,0,1,0,0,0,0,0,0,0,0,0,0,0,0,0,0,0,0,0,1,0,0,0,0,1,0,0,0,0,0,0,0,0,0,0,0,0,0,0,0,0,0,0,1,0,0,0,0,0,0,0,0,0,0,0,0,0,0,1.9331680280509518,1.0,0.28739619034403313,1.0,0.6164966648252436,1.0,2.2253191434643,1.0,179196.1000000001,665745.5700000003
2,0,6,186214.3899999997,659530.0600000005,0,0.0,133.42771811342593,790,0,0,0,0,0,0,0,0,0,0,1,0,0.0,1.0,2,0,10,186260.91999999995,659751.1099999994,0,0.0,133.4276950115741,790,0,0,0,0,0,0,0,0,0,0,1,0,0.0,1.0,1,0,10,187492.6399999997,659382.8399999999,0,0.0,129.53682659722222,787,0,0,0,0,0,0,0,0,0,1,0,0,0.0,1.0,1,0,10,187422.34999999963,659473.8200000003,0,0.0,129.53682686342592,787,0,0,0,0,0,0,0,0,0,1,0,0,0.0,1.0,0,0,0,1,0,0,0,0,0,0,0,0,0,0,0,0,0,1,0,0,0,0,1,0,0,0,0,0,0,0,0,0,0,0,0,0,0,0,0,0,1,0,0,0,0,1,0,0,0,0,0,0,0,0,0,0,0,0,0,0,0,0,0,0,1,0,0,0,1,0,0,0,0,0,0,0,0,0,0,0,0,0,0,0,0,0,0,0,1,0,0,2,2,0,0,0,0,0,0,0,0,1.696871434673181,1.0,1.67591923237717,1.0,1.7757750263392995,1.0,1.5488493202679434,1.0,186847.57499999975,659534.4575
1,0,10,188271.1200000001,659466.2799999993,0,0.0,158.92288059027777,738,0,0,0,0,0,0,0,0,0,1,0,0,0.0,1.0,1,0,10,189613.1399999997,659628.6600000001,0,0.0,12.936607152777778,738,0,0,0,0,0,0,0,0,0,1,0,0,0.0,1.0,1,0,6,190137.86000000036,659584.3200000003,0,0.0,1.719026226851852,134,0,0,0,0,0,0,0,0,0,0,0,1,0.0,1.0,1,0,5,190500.5499999998,660026.9600000009,0,30.94783333333333,0.0,1540,0,0,0,0,0,0,0,0,1,0,0,0,-0.01745240643728445,0.9998476951563913,0,0,0,1,0,0,0,0,0,0,0,0,0,0,0,0,0,1,0,0,0,0,1,0,0,0,0,0,0,0,0,0,0,0,0,0,0,0,0,0,1,0,0,0,0,1,0,0,0,0,0,0,0,0,0,0,0,0,0,0,0,0,0,0,1,0,1,0,0,0,0,0,1,0,0,0,0,0,0,0,0,0,0,0,0,0,0,0,0,0,0,0,0,0,0,0,0,0,0,0,0,2.6035551660657377,0.0,0.09652088846802906,1.0,0.9756116422243859,1.0,1.7748100647467193,1.0,252840.88999999998,879568.7400000002
2,0,6,177381.58999999985,662031.7899999991,0,0.0,100.36651471064815,2205,0,0,0,0,1,0,0,0,0,0,0,0,0.0,1.0,17,0,10,178540.1799999997,663026.1099999994,0,0.0,70.85980175925926,790,0,0,0,0,0,0,0,0,0,0,1,0,0.0,1.0,2,0,10,180244.75,664183.7100000009,0,0.0,9.953470740740741,787,0,0,0,0,0,0,0,0,0,1,0,0,0.0,1.0,2,5,8,178125.0499999998,665053.3499999996,0,33.6312,0.0,1366,0,0,0,0,0,0,0,0,1,0,0,0,-0.34202014332566866,-0.9396926207859084,1,0,0,1,0,0,0,0,0,0,0,0,0,0,0,0,0,1,0,0,0,0,1,0,0,0,0,0,0,0,0,0,0,0,0,0,0,0,0,0,1,0,0,0,0,1,0,0,0,0,0,0,0,0,0,0,0,0,0,0,0,0,0,0,1,0,0,1,0,0,0,0,0,0,0,0,0,0,0,0,0,0,0,0,0,0,1,0,0,0,0,0,0,0,0,0,0,0,0,0,0,1.7753304417775615,1.0,0.4998392643902232,1.0,1.6214569931420508,1.0,1.4084818333068054,1.0,178572.89249999984,663573.7399999998
2,0,6,179762.2000000002,662863.6899999995,0,723.0250333333333,0.0,785,0,0,0,0,0,0,0,1,0,0,0,0,0.0,1.0,2,0,6,179762.2000000002,662863.6899999995,0,723.0250333333333,0.0,785,0,0,0,0,0,0,0,1,0,0,0,0,0.0,1.0,2,0,6,179762.2000000002,662863.6899999995,0,723.0250333333333,0.0,785,0,0,0,0,0,0,0,1,0,0,0,0,0.0,1.0,2,0,6,179762.2000000002,662863.6899999995,0,723.0250333333333,0.0,785,0,0,0,0,0,0,0,1,0,0,0,0,0.0,1.0,1,0,0,1,0,0,0,0,0,0,0,0,0,0,0,0,0,1,0,0,0,0,1,0,0,0,0,0,0,0,0,0,0,0,0,0,0,0,0,0,1,0,0,0,0,1,0,0,0,0,0,0,0,0,0,0,0,0,0,0,0,0,0,0,1,0,0,0,1,0,0,0,0,0,0,0,0,0,0,0,0,0,0,0,0,0,0,0,1,0,0,4,0,0,0,0,0,0,0,0,0,0.0,1.0,0.0,1.0,0.0,1.0,0.0,1.0,179762.2000000002,662863.6899999995
1,0,10,182281.0499999998,666002.6300000008,0,0.0,40.163995185185186,2205,0,0,0,0,1,0,0,0,0,0,0,0,0.0,1.0,2,5,6,185953.9500000002,664158.2400000002,0,9.036283333333333,0.0,649,0,0,0,0,0,0,1,0,0,0,0,0,0.9876883405951377,-0.15643446504023104,2,4,5,182746.48000000045,666238.0600000005,0,6.23645,0.0,649,0,0,0,0,0,0,1,0,0,0,0,0,-0.961261695938319,-0.2756373558169989,2,5,5,181462.48000000045,666289.9399999995,0,1.7198333333333333,0.0,649,0,0,0,0,0,0,1,0,0,0,0,0,-0.8480480961564261,0.5299192642332047,0,0,0,1,0,0,0,0,0,0,0,0,0,0,0,0,0,1,0,0,0,1,0,0,0,0,0,0,0,0,0,0,0,0,0,0,0,0,1,0,0,0,0,0,1,0,0,0,0,0,0,0,0,0,0,0,0,0,0,0,1,0,0,0,0,0,1,0,0,0,0,0,1,0,0,0,0,0,0,0,0,0,0,0,0,0,0,0,0,0,0,0,0,0,0,0,0,0,0,0,0,0.691054711589671,1.0,2.4917416064132705,1.0,0.5207019264409279,1.0,1.3618862112539118,1.0,183110.99000000022,665672.2175000003
2,0,10,177937.33999999985,658564.3000000007,0,0.0,82.13546850694445,1540,0,0,0,0,0,0,0,0,1,0,0,0,0.0,1.0,2,0,10,177976.3700000001,658984.2100000009,0,0.0,82.13546868055556,1540,0,0,0,0,0,0,0,0,1,0,0,0,0.0,1.0,2,0,8,177956.8700000001,658813.6199999992,0,0.0,82.17713337962962,1540,0,0,0,0,0,0,0,0,1,0,0,0,0.0,1.0,1,0,10,179004.88999999966,658838.9399999995,0,0.0,45.85430929398148,142,1,0,0,0,0,0,0,0,0,0,0,0,0.0,1.0,0,0,0,1,0,0,0,0,0,0,0,0,0,0,0,0,0,1,0,0,0,0,1,0,0,0,0,0,0,0,0,0,0,0,0,0,0,0,0,0,1,0,0,0,0,1,0,0,0,0,0,0,0,0,0,0,0,0,0,0,0,0,0,0,1,0,0,0,1,0,0,0,0,0,0,0,0,0,0,0,0,0,0,0,0,0,0,0,1,0,0,3,0,0,0,0,0,0,0,0,0,1.2143299267715746,1.0,1.0061620274200394,1.0,0.8672201359477688,1.0,2.601530443979513,0.0,237625.1566666666,878400.3566666668
2,0,6,177356.33999999985,661702.3200000003,0,0.0,103.34093043981481,785,0,0,0,0,0,0,0,1,0,0,0,0,0.0,1.0,16,0,10,178580.53000000026,663032.5,0,0.0,71.06810641203704,790,0,0,0,0,0,0,0,0,0,0,1,0,0.0,1.0,1,0,6,180770.2999999998,661493.5800000001,0,0.0,25.447712881944444,1141,0,0,0,0,0,0,1,0,0,0,0,0,0.0,1.0,2,0,7,179356.41999999993,663419.3599999994,0,832.9898666666667,0.0,2205,0,0,0,0,1,0,0,0,0,0,0,0,0.0,1.0,1,0,0,1,0,0,0,0,0,0,0,0,0,0,0,0,0,1,0,0,0,0,1,0,0,0,0,0,0,0,0,0,0,0,0,0,0,0,0,0,1,0,0,0,0,1,0,0,0,0,0,0,0,0,0,0,0,0,0,0,0,0,0,0,1,0,0,0,1,0,0,0,0,0,0,0,0,0,0,0,0,0,0,0,0,0,0,0,1,0,0,0,0,0,0,0,0,0,0,0,0,1.7460661011485334,1.0,0.7333367673058943,1.0,1.915673365185582,1.0,1.028746370988149,1.0,179015.89749999996,662411.94
2,0,10,179055.76999999955,663114.8699999992,0,0.0,162.94704431712964,1141,0,0,0,0,0,0,1,0,0,0,0,0,0.0,1.0,1,0,10,180135.2000000002,662368.6999999993,0,0.0,113.80069016203704,1353,0,0,0,0,0,0,0,1,0,0,0,0,0.0,1.0,1,5,7,178000.79000000004,660921.3000000007,0,30.743866666666666,0.0,1295,0,0,0,0,0,1,0,0,0,0,0,0,0.20791169081775931,0.9781476007338057,2,5,5,178960.8099999996,666282.6500000004,0,12.943866666666667,0.0,1295,0,0,0,0,0,1,0,0,0,0,0,0,-0.20791169081775907,-0.9781476007338057,1,0,0,1,0,0,0,0,0,0,0,0,0,0,0,0,0,1,0,0,0,0,1,0,0,0,0,0,0,0,0,0,0,0,0,0,0,0,0,0,1,0,0,0,0,0,1,0,0,0,0,0,0,0,0,0,0,0,0,0,0,0,0,0,0,1,0,1,0,0,0,0,0,0,0,0,0,0,0,0,0,0,0,0,0,0,1,0,0,0,0,0,0,0,0,0,0,0,0,0,0,0.04391773249990005,1.0,1.0006617560906852,1.0,1.8238491410780546,1.0,2.290150254865968,1.0,179038.14249999984,663171.8799999999
1,0,10,185861.98000000045,672598.8100000005,0,0.0,35.04720532407407,2324,0,0,0,0,1,0,0,0,0,0,0,0,0.0,1.0,1,0,10,185945.34999999963,672815.7400000002,0,0.0,35.04720584490741,2324,0,0,0,0,1,0,0,0,0,0,0,0,0.0,1.0,2,5,10,184290.73000000045,671064.8000000007,0,50.14195,0.0,2205,0,0,0,0,1,0,0,0,0,0,0,0,-0.5000000000000001,-0.8660254037844386,2,3,5,184144.58999999985,670828.5999999996,0,7.926083333333334,0.0,2205,0,0,0,0,1,0,0,0,0,0,0,0,-0.5735764363510458,-0.819152044288992,0,0,0,1,0,0,0,0,0,0,0,0,0,0,0,0,0,1,0,0,0,0,1,0,0,0,0,0,0,0,0,0,0,0,0,0,0,0,0,0,1,0,0,0,1,0,0,0,0,0,0,0,0,0,0,0,0,0,0,1,0,0,0,0,0,0,0,1,0,0,0,0,0,0,0,0,0,0,0,0,0,0,0,0,0,0,1,0,0,0,0,2,0,0,0,0,0,0,0,0,0,1.2842387471085834,1.0,1.5314782954011346,1.0,1.2505481136447838,1.0,1.5640457052306456,1.0,185060.6625000001,671826.9875000003
1,0,10,188299.2199999997,659292.9600000009,0,0.0,159.00772663194445,738,0,0,0,0,0,0,0,0,0,1,0,0,0.0,1.0,1,0,10,188285.58999999985,659377.2899999991,0,0.0,159.00772685185186,738,0,0,0,0,0,0,0,0,0,1,0,0,0.0,1.0,1,0,10,189948.21,659628.6099999994,0,0.0,32.96491423611111,787,0,0,0,0,0,0,0,0,0,1,0,0,0.0,1.0,1,0,9,189608.8799999999,659721.5999999996,0,0.0,13.019925902777779,738,0,0,0,0,0,0,0,0,0,1,0,0,0.0,1.0,0,0,0,1,0,0,0,0,0,0,0,0,0,0,0,0,0,1,0,0,0,0,1,0,0,0,0,0,0,0,0,0,0,0,0,0,0,0,0,0,1,0,0,0,0,1,0,0,0,0,0,0,0,0,0,0,0,0,0,0,0,0,0,0,1,0,0,0,1,0,0,0,0,0,0,0,0,0,0,0,0,0,0,0,0,0,0,0,1,0,0,2,0,0,0,0,0,0,0,0,0,1.6506142389226728,1.0,1.638742714961805,1.0,1.984177454345751,1.0,1.320363285057148,1.0,189035.47499999986,659505.1149999998
2,0,6,191566.1299999999,675454.4299999997,0,772.9719333333334,0.0,790,0,0,0,0,0,0,0,0,0,0,1,0,0.0,1.0,2,0,6,191484.1399999997,675480.1400000006,0,772.9722833333333,0.0,790,0,0,0,0,0,0,0,0,0,0,1,0,0.0,1.0,2,5,5,193245.71,675727.4100000001,0,10.022183333333333,0.0,2205,0,0,0,0,1,0,0,0,0,0,0,0,-0.39073112848927355,-0.9205048534524404,2,5,5,190216.08000000007,675894.2400000002,0,8.855783333333333,0.0,2205,0,0,0,0,1,0,0,0,0,0,0,0,-0.9135454576426008,0.40673664307580054,0,0,0,1,0,0,0,0,0,0,0,0,0,0,0,0,0,1,0,0,0,0,1,0,0,0,0,0,0,0,0,0,0,0,0,0,0,0,0,0,1,0,0,0,1,0,0,0,0,0,0,0,0,0,0,0,0,0,0,0,0,0,1,0,0,0,0,1,0,0,0,0,0,0,0,0,0,0,0,0,0,0,0,0,1,0,0,0,0,0,0,2,0,0,0,0,0,0,0,0,0,0.3094985425142456,1.0,0.3407282582559128,1.0,2.5750755755915944,0.0,2.2805570012020917,1.0,255504.01999999987,900852.0733333336
1,5,5,179847.4400000004,658263.6600000001,0,9.145666666666667,0.0,860,0,0,0,1,0,0,0,0,0,0,0,0,0.6819983600624985,-0.7313537016191705,2,5,5,180254.0599999996,656932.9700000007,0,3.7789166666666665,0.0,860,0,0,0,1,0,0,0,0,0,0,0,0,0.9986295347545738,-0.05233595624294362,2,5,5,181933.6900000004,657044.1699999999,0,3.4455,0.0,860,0,0,0,1,0,0,0,0,0,0,0,0,0.32556815445715664,0.9455185755993168,2,5,5,180440.54000000004,656919.7300000004,0,2.8623333333333334,0.0,860,0,0,0,1,0,0,0,0,0,0,0,0,0.9986295347545738,-0.05233595624294362,0,0,1,0,0,0,0,0,0,0,0,0,0,0,1,0,0,0,0,0,0,1,0,0,0,0,0,0,0,0,0,0,0,0,0,0,0,0,1,0,0,0,0,0,1,0,0,0,0,0,0,0,0,0,0,0,0,0,0,0,0,0,1,0,0,0,0,1,0,0,0,0,0,0,0,0,0,0,0,0,0,0,0,0,0,1,0,0,0,0,0,2,0,0,0,0,0,0,0,0,0,1.8362517215143372,1.0,0.7547852238223133,1.0,1.9772921681181215,1.0,0.6077526532693758,1.0,180618.9325000001,657290.1325000003
2,0,6,191556.61000000036,675457.2400000002,0,772.9745166666667,0.0,790,0,0,0,0,0,0,0,0,0,0,1,0,0.0,1.0,2,2,7,191316.9299999997,677329.4499999993,0,50.7076,0.0,2205,0,0,0,0,1,0,0,0,0,0,0,0,-0.601815023152048,-0.798635510047293,2,5,5,191430.9400000004,677021.6300000008,0,20.907216666666667,0.0,2205,0,0,0,0,1,0,0,0,0,0,0,0,-0.9702957262759966,0.24192189559966742,2,5,5,190425.75,675832.0099999998,0,5.924216666666666,0.0,2205,0,0,0,0,1,0,0,0,0,0,0,0,-0.9659258262890682,0.25881904510252113,0,0,0,1,0,0,0,0,0,0,0,0,0,0,0,0,0,1,0,0,0,1,0,0,0,0,0,0,0,0,0,0,0,0,0,0,0,0,1,0,0,0,0,0,1,0,0,0,0,0,0,0,0,0,0,0,0,0,0,1,0,0,0,0,0,0,0,1,0,0,0,0,0,0,0,0,0,0,0,0,0,0,0,0,1,0,0,0,0,0,0,0,0,0,0,0,0,0,0,0,0,1.6650964102283181,1.0,1.5113818194597108,1.0,1.0736954267596728,1.0,1.5491054321060616,1.0,191182.5575000001,676410.0825
1,0,10,188285.58999999985,659377.2899999991,0,0.0,159.30634850694443,738,0,0,0,0,0,0,0,0,0,1,0,0,0.0,1.0,1,0,9,189608.8799999999,659721.5999999996,0,0.0,13.318547569444444,738,0,0,0,0,0,0,0,0,0,1,0,0,0.0,1.0,1,0,9,189608.8799999999,659721.5999999996,0,0.0,13.318547569444444,738,0,0,0,0,0,0,0,0,0,1,0,0,0.0,1.0,1,0,9,189608.8799999999,659721.5999999996,0,0.0,13.318547569444444,738,0,0,0,0,0,0,0,0,0,1,0,0,0.0,1.0,0,0,0,1,0,0,0,0,0,0,0,0,0,0,0,0,0,1,0,0,0,0,1,0,0,0,0,0,0,0,0,0,0,0,0,0,0,0,0,0,1,0,0,0,0,1,0,0,0,0,0,0,0,0,0,0,0,0,0,0,0,0,0,0,1,0,0,0,1,0,0,0,0,0,0,0,0,0,0,0,0,0,0,0,0,0,0,0,1,0,0,0,0,0,0,0,0,0,0,0,0,2.8403928171417245,0.0,0.9467976057139081,1.0,0.9467976057139081,1.0,0.9467976057139081,1.0,252370.74333333317,879514.0299999993
2,5,7,182861.86000000036,664796.6899999995,0,44.4003,0.0,2324,0,0,0,0,1,0,0,0,0,0,0,0,-0.8090169943749476,0.5877852522924729,2,5,6,181529.9699999997,663830.5299999993,0,17.833616666666668,0.0,2324,0,0,0,0,1,0,0,0,0,0,0,0,-0.06975647374412476,0.9975640502598243,2,5,5,181680.21,664185.8200000003,0,16.73355,0.0,2324,0,0,0,0,1,0,0,0,0,0,0,0,-0.2588190451025207,0.9659258262890683,2,5,5,181511.9699999997,664066.9100000001,0,14.400433333333334,0.0,2324,0,0,0,0,1,0,0,0,0,0,0,0,-0.06975647374412476,0.9975640502598243,0,0,1,0,0,0,0,0,0,0,0,0,0,0,0,0,1,0,0,0,0,1,0,0,0,0,0,0,0,0,0,0,0,0,0,0,0,0,1,0,0,0,0,0,1,0,0,0,0,0,0,0,0,0,0,0,0,0,0,1,0,0,0,0,0,0,0,1,0,0,0,0,0,0,0,0,0,0,0,0,0,0,0,0,0,0,1,0,0,0,0,2,0,0,0,0,0,0,0,0,0,2.4504960036378365,1.0,1.16426290713151,1.0,0.47592856921085236,1.0,0.9005692009048188,1.0,181896.00249999994,664219.9874999998
1,0,10,179748.33000000007,666135.5099999998,0,0.0,182.12016175925925,395,0,0,0,1,0,0,0,0,0,0,0,0,0.0,1.0,17,0,10,178626.95999999996,663024.7799999993,0,0.0,70.48477983796296,790,0,0,0,0,0,0,0,0,0,0,1,0,0.0,1.0,1,0,7,180759.6799999997,661531.8699999992,0,0.0,24.86438633101852,1141,0,0,0,0,0,0,1,0,0,0,0,0,0.0,1.0,2,5,6,182418.6799999997,668074.3499999996,0,2.51635,0.0,2324,0,0,0,0,1,0,0,0,0,0,0,0,-0.7660444431189779,-0.6427876096865395,1,0,0,1,0,0,0,0,0,0,0,0,0,0,0,0,0,1,0,0,0,0,1,0,0,0,0,0,0,0,0,0,0,0,0,0,0,0,0,0,1,0,0,0,0,1,0,0,0,0,0,0,0,0,0,0,0,0,0,0,0,0,0,0,1,0,0,1,0,0,0,0,0,0,0,0,0,0,0,0,0,0,0,0,0,0,1,0,0,0,0,0,0,0,0,0,0,0,0,0,0,0.798154336803886,1.0,1.2255302651764373,1.0,1.6077780557125319,1.0,1.9937314714912362,1.0,180388.41249999986,664691.6274999995
2,0,6,179696.1799999997,662499.6600000001,0,723.0251666666667,0.0,785,0,0,0,0,0,0,0,1,0,0,0,0,0.0,1.0,2,0,6,179696.1799999997,662499.6600000001,0,723.0251666666667,0.0,785,0,0,0,0,0,0,0,1,0,0,0,0,0.0,1.0,2,0,6,178073.21999999974,664542.1099999994,0,483.0585,0.0,738,0,0,0,0,0,0,0,0,0,1,0,0,0.0,1.0,2,0,6,178073.21999999974,664542.1099999994,0,483.0585,0.0,738,0,0,0,0,0,0,0,0,0,1,0,0,0.0,1.0,1,0,0,1,0,0,0,0,0,0,0,0,0,0,0,0,0,1,0,0,0,0,1,0,0,0,0,0,0,0,0,0,0,0,0,0,0,0,0,0,1,0,0,0,0,1,0,0,0,0,0,0,0,0,0,0,0,0,0,0,0,0,0,0,1,0,0,0,1,0,0,0,0,0,0,0,0,0,0,0,0,0,0,0,0,0,0,0,1,0,0,2,2,0,0,0,0,0,0,0,0,1.4234449707967851,1.0,1.4234449707967851,1.0,1.4234449707967851,1.0,1.4234449707967851,1.0,178884.69999999972,663520.8849999998
2,0,6,186214.3899999997,659530.0600000005,0,0.0,132.5943802777778,790,0,0,0,0,0,0,0,0,0,0,1,0,0.0,1.0,2,0,10,186260.91999999995,659751.1099999994,0,0.0,132.59435715277777,790,0,0,0,0,0,0,0,0,0,0,1,0,0.0,1.0,1,0,10,187422.34999999963,659473.8200000003,0,0.0,128.7034890625,787,0,0,0,0,0,0,0,0,0,1,0,0,0.0,1.0,20,0,6,187249.4699999997,659502.8599999994,0,0.0,1.7451662268518517,787,0,0,0,0,0,0,0,0,0,1,0,0,0.0,1.0,0,0,0,1,0,0,0,0,0,0,0,0,0,0,0,0,0,1,0,0,0,0,1,0,0,0,0,0,0,0,0,0,0,0,0,0,0,0,0,0,1,0,0,0,0,1,0,0,0,0,0,0,0,0,0,0,0,0,0,0,0,0,0,0,1,0,0,0,1,0,0,0,0,0,0,0,0,0,0,0,0,0,0,0,0,0,0,0,1,0,0,2,0,0,0,0,0,0,0,0,0,1.7315024746774446,1.0,1.6849368436919683,1.0,1.9385643043074607,1.0,1.4094493427597057,1.0,186786.78249999974,659564.4624999999
1,0,10,179748.33000000007,666135.5099999998,0,0.0,182.2034893287037,395,0,0,0,1,0,0,0,0,0,0,0,0,0.0,1.0,1,0,9,180759.6799999997,661531.8699999992,0,0.0,24.94770226851852,1141,0,0,0,0,0,0,1,0,0,0,0,0,0.0,1.0,1,0,10,180468.24000000025,661860.9900000002,0,0.0,11.906128206018519,649,0,0,0,0,0,0,1,0,0,0,0,0,0.0,1.0,1,5,5,179211.28000000026,665377.5999999996,0,5.8413,0.0,1295,0,0,0,0,0,1,0,0,0,0,0,0,0.981627183447664,-0.1908089953765448,1,0,0,1,0,0,0,0,0,0,0,0,0,0,0,0,0,1,0,0,0,0,1,0,0,0,0,0,0,0,0,0,0,0,0,0,0,0,0,0,1,0,0,0,0,1,0,0,0,0,0,0,0,0,0,0,0,0,0,0,0,0,0,0,1,0,0,1,0,0,0,0,0,0,0,0,0,0,0,0,0,0,0,0,1,0,0,0,0,0,0,0,0,0,0,0,0,0,0,0,0,1.8266532597275797,1.0,1.7363755570123938,1.0,1.4391529160276424,1.0,1.3925083666354325,1.0,180046.88250000007,663726.4924999997
2,5,10,190458.03000000023,667521.1999999993,0,24.039583333333333,0.0,170,0,0,0,0,0,0,0,0,0,0,1,0,-0.35836794954530043,-0.9335804264972017,2,5,9,190450.33000000007,667502.1600000001,0,24.153883333333333,0.0,790,0,0,0,0,0,0,0,0,0,0,1,0,-0.374606593415912,-0.9271838545667874,2,5,5,186918.5599999996,664209.2599999998,0,21.2368,0.0,790,0,0,0,0,0,0,0,0,0,0,1,0,0.10452846326765373,-0.9945218953682733,2,5,6,186598.1900000004,665997.6099999994,0,5.870416666666666,0.0,790,0,0,0,0,0,0,0,0,0,0,1,0,-0.13917310096006552,-0.9902680687415703,0,0,0,0,1,0,0,0,1,0,0,0,0,0,0,0,0,0,0,0,0,0,0,1,0,0,0,0,0,1,0,0,0,0,0,0,0,0,0,0,0,0,0,0,1,0,0,0,0,0,0,0,0,0,0,0,0,0,0,0,0,0,1,0,0,0,0,0,0,1,0,0,0,0,0,0,0,1,0,0,0,0,0,0,0,0,0,0,0,0,0,2,0,0,0,0,0,0,0,0,0,1.3788457899405597,1.0,1.3683545576833547,1.0,1.6770229742004692,1.0,1.265400590574858,1.0,188606.27750000008,666307.5574999996
1,0,10,188285.58999999985,659377.2899999991,0,0.0,158.9243989699074,738,0,0,0,0,0,0,0,0,0,1,0,0,0.0,1.0,2,0,10,190399.8799999999,659472.3200000003,0,0.0,40.995161574074075,1366,0,0,0,0,0,0,0,0,1,0,0,0,0.0,1.0,1,0,10,189948.21,659628.6099999994,0,0.0,32.88158637731482,787,0,0,0,0,0,0,0,0,0,1,0,0,0.0,1.0,1,0,9,189608.8799999999,659721.5999999996,0,0.0,12.936598032407407,738,0,0,0,0,0,0,0,0,0,1,0,0,0.0,1.0,0,0,0,1,0,0,0,0,0,0,0,0,0,0,0,0,0,1,0,0,0,0,1,0,0,0,0,0,0,0,0,0,0,0,0,0,0,0,0,0,1,0,0,0,0,1,0,0,0,0,0,0,0,0,0,0,0,0,0,0,0,0,0,0,1,0,0,0,1,0,0,0,0,0,0,0,0,0,0,0,0,0,0,0,0,0,0,0,1,0,0,0,0,0,0,0,0,0,0,0,0,2.792586010108149,0.0,1.8292364071282106,1.0,0.8583170005637165,1.0,0.3869657149612053,1.0,252747.51999999987,879399.9399999995
1,0,10,181954.53000000023,664345.2400000002,0,0.0,51.536835243055556,790,0,0,0,0,0,0,0,0,0,0,1,0,0.0,1.0,1,5,5,181776.41999999995,664057.8200000003,0,16.3367,0.0,2324,0,0,0,0,1,0,0,0,0,0,0,0,-0.13917310096006588,0.9902680687415703,1,5,5,181539.11000000036,664000.2699999996,0,11.770116666666667,0.0,2324,0,0,0,0,1,0,0,0,0,0,0,0,-0.9945218953682734,-0.10452846326765336,2,5,5,181515.3099999996,664025.4299999997,0,7.0592,0.0,2205,0,0,0,0,1,0,0,0,0,0,0,0,-0.06975647374412476,0.9975640502598243,0,0,0,1,0,0,0,0,0,0,0,0,0,0,0,0,0,1,0,0,0,1,0,0,0,0,0,0,0,0,0,0,0,0,0,0,1,0,0,0,0,0,0,0,1,0,0,0,0,0,0,0,0,0,0,0,0,0,0,0,0,0,1,0,0,0,0,1,0,0,0,0,0,0,0,0,0,0,0,0,0,0,0,0,0,0,1,0,0,0,0,0,0,0,0,0,0,0,0,0,0,2.197529391129606,1.0,0.5886668945017873,1.0,1.1898183499329318,1.0,1.2429893164391501,1.0,181696.34250000003,664107.19
2,0,7,176440.09999999963,658214.3300000001,0,0.0,2.2034994791666667,1540,0,0,0,0,0,0,0,0,1,0,0,0,0.0,1.0,2,0,6,176526.84999999963,658196.6999999993,0,0.0,2.2451644675925926,1540,0,0,0,0,0,0,0,0,1,0,0,0,0.0,1.0,2,0,6,175881.0700000003,659144.1699999999,0,0.0,2.2451644791666667,1540,0,0,0,0,0,0,0,0,1,0,0,0,0.0,1.0,2,0,7,175873.61000000034,659035.5199999996,0,0.0,2.245164490740741,1540,0,0,0,0,0,0,0,0,1,0,0,0,0.0,1.0,0,0,0,1,0,0,0,0,0,0,0,0,0,0,0,0,0,1,0,0,0,0,1,0,0,0,0,0,0,0,0,0,0,0,0,0,0,0,0,0,1,0,0,0,0,1,0,0,0,0,0,0,0,0,0,0,0,0,0,0,0,0,0,0,1,0,0,0,1,0,0,0,0,0,0,0,0,0,0,0,0,0,0,0,0,0,0,0,1,0,0,2,2,0,0,0,0,0,0,0,0,1.3499119219225884,1.0,1.519536467274076,1.0,1.549084720229303,1.0,1.321345924892324,1.0,176180.40749999997,658647.6799999997
2,5,5,184029.26999999955,675079.5299999993,0,1.3423833333333333,0.0,1295,0,0,0,0,0,1,0,0,0,0,0,0,0.984807753012208,-0.1736481776669303,2,5,5,183484.1200000001,674503.0700000003,0,6.06405,0.0,2324,0,0,0,0,1,0,0,0,0,0,0,0,0.29237170472273705,-0.9563047559630354,2,5,6,183818.78000000023,674523.8699999992,0,4.731316666666666,0.0,2324,0,0,0,0,1,0,0,0,0,0,0,0,-0.9848077530122081,0.17364817766692997,2,5,5,185415.73000000045,674657.5500000007,0,2.8470333333333335,0.0,2324,0,0,0,0,1,0,0,0,0,0,0,0,-0.9975640502598243,0.06975647374412522,0,0,1,0,0,0,0,0,0,0,0,0,0,0,0,0,1,0,0,0,0,1,0,0,0,0,0,0,0,0,0,0,0,0,0,1,0,0,0,0,0,0,0,0,1,0,0,0,0,0,0,0,0,0,0,0,0,0,0,0,0,0,1,0,0,0,0,1,0,0,0,0,0,0,0,0,0,0,0,0,0,0,0,0,0,0,1,0,0,0,0,0,0,0,0,0,0,0,0,0,0,0.8667138061923885,1.0,1.5038326954994885,1.0,0.835794536666243,1.0,2.5407658601291963,0.0,245582.63333333345,899588.0066666665
1,0,10,179748.33000000007,666135.5099999998,0,0.0,189.28682336805556,395,0,0,0,1,0,0,0,0,0,0,0,0,0.0,1.0,2,0,10,177395.46999999974,662145.5199999996,0,0.0,107.1572747337963,2205,0,0,0,0,1,0,0,0,0,0,0,0,0.0,1.0,1,0,10,180759.6799999997,661531.8699999992,0,0.0,32.03103630787037,1141,0,0,0,0,0,0,1,0,0,0,0,0,0.0,1.0,1,0,10,180468.24000000025,661860.9900000002,0,0.0,18.98946224537037,649,0,0,0,0,0,0,1,0,0,0,0,0,0.0,1.0,1,0,0,1,0,0,0,0,0,0,0,0,0,0,0,0,0,1,0,0,0,0,1,0,0,0,0,0,0,0,0,0,0,0,0,0,0,0,0,0,1,0,0,0,0,1,0,0,0,0,0,0,0,0,0,0,0,0,0,0,0,0,0,0,1,0,0,0,1,0,0,0,0,0,0,0,0,0,0,0,0,0,0,0,0,0,0,0,1,0,0,0,0,0,0,0,0,0,0,0,0,2.0186479811596025,1.0,1.4599894158834799,1.0,1.135790137007549,1.0,0.8603777265466896,1.0,179592.92999999993,662918.4724999997
2,5,6,183955.78000000023,667339.75,0,26.856116666666665,0.0,170,0,0,0,0,0,0,0,0,0,0,1,0,0.9510565162951535,0.30901699437494745,1,3,5,184009.5599999996,666111.8599999994,0,20.87315,0.0,170,0,0,0,0,0,0,0,0,0,0,1,0,-0.5735764363510458,-0.819152044288992,2,5,5,184428.21,666566.2699999996,0,13.306233333333333,0.0,170,0,0,0,0,0,0,0,0,0,0,1,0,-0.601815023152048,-0.798635510047293,1,5,10,185201.8799999999,664810.6899999995,0,9.822983333333333,0.0,170,0,0,0,0,0,0,0,0,0,0,1,0,0.9702957262759965,-0.24192189559966779,0,0,1,0,0,0,0,0,0,0,0,0,0,1,0,0,0,0,0,0,0,1,0,0,0,0,0,0,0,0,0,0,0,0,0,0,0,0,1,0,0,0,0,0,1,0,0,0,0,0,0,0,0,0,0,0,0,0,0,0,1,0,0,0,0,0,0,1,0,0,0,0,0,0,0,0,0,0,0,0,0,0,0,1,0,0,0,0,0,0,0,0,0,0,0,0,0,0,0,0,0,1.7173013814975937,1.0,0.5659268225085341,1.0,0.5087912457656191,1.0,2.2746133041290184,1.0,184398.85749999993,666207.1424999996
2,0,10,177363.59999999963,661768.3800000008,0,0.0,100.79926362268519,785,0,0,0,0,0,0,0,1,0,0,0,0,0.0,1.0,16,0,10,178580.53000000026,663032.5,0,0.0,68.52643954861111,790,0,0,0,0,0,0,0,0,0,0,1,0,0.0,1.0,2,0,10,178693.75,665885.8900000006,0,0.0,53.74514328703704,1540,0,0,0,0,0,0,0,0,1,0,0,0,0.0,1.0,2,5,6,179814.16999999993,663114.7799999993,0,28.606366666666666,0.0,2205,0,0,0,0,1,0,0,0,0,0,0,0,0.15643446504023087,0.9876883405951378,1,0,0,1,0,0,0,0,0,0,0,0,0,0,0,0,0,1,0,0,0,0,1,0,0,0,0,0,0,0,0,0,0,0,0,0,0,0,0,0,1,0,0,0,0,1,0,0,0,0,0,0,0,0,0,0,0,0,0,0,0,0,0,0,1,0,0,1,0,0,0,0,0,0,0,0,0,0,0,0,0,0,0,0,0,1,0,0,0,0,0,0,0,0,0,0,0,0,0,0,0,1.766921158742037,1.0,0.3534625464272331,1.0,2.0549584602405617,1.0,1.0517164155296543,1.0,178613.01249999995,663450.3875000002
2,0,6,177434.91000000015,662363.7100000009,0,0.0,103.4242625925926,785,0,0,0,0,0,0,0,1,0,0,0,0,0.0,1.0,2,0,10,177366.4400000004,661908.0899999999,0,0.0,100.65816302083333,2205,0,0,0,0,1,0,0,0,0,0,0,0,0.0,1.0,2,0,6,179434.73000000045,663473.0600000005,0,952.9881333333333,0.0,2205,0,0,0,0,1,0,0,0,0,0,0,0,0.0,1.0,2,0,6,180032.48000000045,662401.8000000007,0,533.0381,0.0,1540,0,0,0,0,0,0,0,0,1,0,0,0,0.0,1.0,1,0,0,1,0,0,0,0,0,0,0,0,0,0,0,0,0,1,0,0,0,0,1,0,0,0,0,0,0,0,0,0,0,0,0,0,0,0,0,0,1,0,0,0,0,1,0,0,0,0,0,0,0,0,0,0,0,0,0,0,0,0,0,0,1,0,0,0,1,0,0,0,0,0,0,0,0,0,0,0,0,0,0,0,0,0,0,0,1,0,0,2,0,0,0,0,0,0,0,0,0,1.3014254696744953,1.0,1.5399451589116728,1.0,1.4504722795361482,1.0,1.6720371067417725,1.0,178567.14000000036,662536.6650000005
2,4,5,183016.33000000007,664587.3000000007,0,27.0996,0.0,860,0,0,0,1,0,0,0,0,0,0,0,0,0.03489949670250097,0.9993908270190958,2,5,5,183178.08000000007,664668.8599999994,0,22.149083333333333,0.0,860,0,0,0,1,0,0,0,0,0,0,0,0,-0.9986295347545738,0.052335956242943946,2,5,6,183550.98000000045,662989.9800000004,0,8.332533333333334,0.0,860,0,0,0,1,0,0,0,0,0,0,0,0,0.9902680687415704,-0.13917310096006535,2,5,5,182614.23000000045,665171.7799999993,0,6.282583333333333,0.0,860,0,0,0,1,0,0,0,0,0,0,0,0,-0.9876883405951378,0.15643446504023067,0,0,1,0,0,0,0,0,0,0,0,0,0,0,0,0,1,0,0,0,0,1,0,0,0,0,0,0,0,0,0,0,0,0,0,1,0,0,0,0,0,0,0,0,1,0,0,0,0,0,0,0,0,0,0,0,0,0,0,0,0,0,1,0,0,0,0,1,0,0,0,0,0,0,0,0,0,0,0,0,0,0,0,0,0,1,0,0,0,0,0,0,0,0,0,0,0,0,0,0,0,0.42274966144153514,1.0,0.5653158699427168,1.0,2.493701796531599,1.0,1.6372744776222192,1.0,183089.90500000026,664354.48
2,0,10,177976.3700000001,658984.2100000009,0,0.0,82.63547244212963,1540,0,0,0,0,0,0,0,0,1,0,0,0,0.0,1.0,2,5,6,178847.8099999996,659842.8900000006,0,19.930033333333334,0.0,860,0,0,0,1,0,0,0,0,0,0,0,0,0.3907311284892737,0.9205048534524404,6,5,6,182627.6799999997,657476.4700000007,0,9.613616666666667,0.0,860,0,0,0,1,0,0,0,0,0,0,0,0,0.49999999999999994,-0.8660254037844387,2,4,6,178847.83000000007,656908.5600000005,0,3.680083333333333,0.0,860,0,0,0,1,0,0,0,0,0,0,0,0,0.9961946980917455,0.08715574274765814,0,0,0,1,0,0,0,0,0,0,0,0,0,0,0,0,0,1,0,0,0,1,0,0,0,0,0,0,0,0,0,0,0,0,0,0,0,0,1,0,0,0,0,0,1,0,0,0,0,0,0,0,0,0,0,0,0,0,0,0,0,0,1,0,0,0,0,1,0,0,0,0,0,0,0,0,0,0,0,0,0,0,0,0,1,0,0,0,0,0,0,0,0,0,0,0,0,0,0,0,0,1.1714244392921522,1.0,1.1480054502391621,1.0,2.1321164541739384,1.0,1.0601981006348793,1.0,179574.92249999987,658303.0325000007
2,0,10,186214.3899999997,659530.0600000005,0,0.0,133.18464636574075,790,0,0,0,0,0,0,0,0,0,0,1,0,0.0,1.0,1,0,10,186028.3899999997,659304.3200000003,0,0.0,41.258037719907406,787,0,0,0,0,0,0,0,0,0,1,0,0,0.0,1.0,1,0,10,186028.3899999997,659304.3200000003,0,0.0,41.258037719907406,787,0,0,0,0,0,0,0,0,0,1,0,0,0.0,1.0,1,0,10,186028.3899999997,659304.3200000003,0,0.0,41.258037719907406,787,0,0,0,0,0,0,0,0,0,1,0,0,0.0,1.0,0,0,0,1,0,0,0,0,0,0,0,0,0,0,0,0,0,1,0,0,0,0,1,0,0,0,0,0,0,0,0,0,0,0,0,0,0,0,0,0,1,0,0,0,0,1,0,0,0,0,0,0,0,0,0,0,0,0,0,0,0,0,0,0,1,0,0,0,1,0,0,0,0,0,0,0,0,0,0,0,0,0,0,0,0,0,0,0,1,0,0,0,0,0,0,0,0,0,0,0,0,2.4608724961041335,1.0,0.8202908320347112,1.0,0.8202908320347112,1.0,0.8202908320347112,1.0,186074.8899999997,659360.7550000004
2,0,10,177363.59999999963,661768.3800000008,0,0.0,103.1326130787037,785,0,0,0,0,0,0,0,1,0,0,0,0,0.0,1.0,2,0,10,178693.75,665885.8900000006,0,0.0,56.07849273148148,1540,0,0,0,0,0,0,0,0,1,0,0,0,0.0,1.0,1,0,9,180759.6799999997,661531.8699999992,0,0.0,25.239383946759258,1141,0,0,0,0,0,0,1,0,0,0,0,0,0.0,1.0,2,5,8,178616.5,666279.3000000007,0,37.2462,0.0,1366,0,0,0,0,0,0,0,0,1,0,0,0,-0.43837114678907707,-0.8987940462991671,1,0,0,1,0,0,0,0,0,0,0,0,0,0,0,0,0,1,0,0,0,0,1,0,0,0,0,0,0,0,0,0,0,0,0,0,0,0,0,0,1,0,0,0,0,1,0,0,0,0,0,0,0,0,0,0,0,0,0,0,0,0,0,0,1,0,0,1,0,0,0,0,0,0,0,0,0,0,0,0,0,0,0,1,0,0,0,0,0,0,0,0,0,0,0,0,0,0,0,0,0,1.4975774284112016,1.0,1.177953470595087,1.0,1.7503224840171492,1.0,1.4097991650490391,1.0,178858.38249999983,663866.3600000003
2,0,10,177937.33999999985,658564.3000000007,0,0.0,81.7188028125,1540,0,0,0,0,0,0,0,0,1,0,0,0,0.0,1.0,2,0,10,177976.3700000001,658984.2100000009,0,0.0,81.71880305555555,1540,0,0,0,0,0,0,0,0,1,0,0,0,0.0,1.0,1,3,5,178294.98000000045,658225.2799999993,0,24.510266666666666,0.0,2205,0,0,0,0,1,0,0,0,0,0,0,0,0.13917310096006544,0.9902680687415704,1,5,5,182156.74000000025,657859.1600000001,0,23.1759,0.0,2205,0,0,0,0,1,0,0,0,0,0,0,0,-0.9975640502598243,0.06975647374412522,0,0,0,1,0,0,0,0,0,0,0,0,0,0,0,0,0,1,0,0,0,0,1,0,0,0,0,0,0,0,0,0,0,0,0,0,0,0,0,0,1,0,0,0,0,0,1,0,0,0,0,0,0,0,0,0,0,0,0,0,0,0,0,0,0,1,0,1,0,0,0,0,0,0,0,0,0,0,0,0,0,0,0,0,0,1,0,0,0,0,0,2,0,0,0,0,0,0,0,0,0,1.0630643275044582,1.0,1.145628973243044,1.0,0.7459322835804157,1.0,2.842851181458958,0.0,238788.4766666669,877877.6500000004
2,0,10,179211.83999999985,663036.8800000008,0,0.0,164.96210129629628,1141,0,0,0,0,0,0,1,0,0,0,0,0,0.0,1.0,1,0,10,182658.25999999975,669383.8599999994,0,0.0,54.77265686342593,1366,0,0,0,0,0,0,0,0,1,0,0,0,0.0,1.0,1,0,10,178084.6299999999,662379.2200000007,0,0.0,2.2451684837962964,395,0,0,0,1,0,0,0,0,0,0,0,0,0.9743700647852352,-0.2249510543438648,2,5,5,181662.86000000036,667729.5600000005,0,9.84265,0.0,1000,0,0,0,0,0,1,0,0,0,0,0,0,-0.9563047559630353,-0.2923717047227371,1,0,0,1,0,0,0,0,0,0,0,0,0,0,0,0,0,1,0,0,0,0,1,0,0,0,0,0,0,0,0,0,0,0,0,0,0,0,0,0,1,0,0,0,0,0,1,0,0,0,0,0,1,0,0,0,0,0,0,0,0,0,0,0,0,0,0,1,0,0,0,0,0,0,0,0,0,0,0,0,0,0,0,1,0,0,0,0,0,0,0,0,0,0,0,0,0,0,0,0,0,1.183696149897486,1.0,1.8136387352486851,1.0,1.6557800193896972,1.0,1.0135519314739372,1.0,180404.39749999996,665632.3800000004
2,0,6,177381.58999999985,662031.7899999991,0,0.0,100.40816638888889,2205,0,0,0,0,1,0,0,0,0,0,0,0,0.0,1.0,17,0,10,178540.1799999997,663026.1099999994,0,0.0,70.9014534375,790,0,0,0,0,0,0,0,0,0,0,1,0,0.0,1.0,2,0,10,180244.75,664183.7100000009,0,0.0,9.995122407407408,787,0,0,0,0,0,0,0,0,0,1,0,0,0.0,1.0,4,5,7,180813.29000000004,667518.0899999999,0,15.809583333333334,0.0,738,0,0,0,0,0,0,0,0,0,1,0,0,-0.9743700647852351,-0.22495105434386525,1,0,0,1,0,0,0,0,0,0,0,0,0,0,0,0,0,1,0,0,0,0,1,0,0,0,0,0,0,0,0,0,0,0,0,0,0,0,0,0,1,0,0,0,0,1,0,0,0,0,0,0,0,0,0,0,0,0,0,0,0,0,0,0,1,0,0,1,0,0,0,0,0,0,0,0,0,0,0,0,0,0,0,1,0,0,0,0,0,0,0,0,0,0,0,0,0,0,0,0,0,1.6627086236811321,1.0,0.7934195422266459,1.0,0.5830425117723884,1.0,2.145511315237349,1.0,179244.9524999999,664189.9249999998
2,0,6,191283.08999999985,675529.3599999994,0,0.0,1.1384535069444444,1295,0,0,0,0,0,1,0,0,0,0,0,0,0.0,1.0,2,0,6,191556.61000000036,675457.2400000002,0,953.0403833333334,0.0,790,0,0,0,0,0,0,0,0,0,0,1,0,0.0,1.0,2,0,6,191566.1299999999,675454.4299999997,0,953.0407,0.0,790,0,0,0,0,0,0,0,0,0,0,1,0,0.0,1.0,2,5,5,191262.23000000045,676988.6699999999,0,7.106483333333333,0.0,649,0,0,0,0,0,0,1,0,0,0,0,0,0.20791169081775931,0.9781476007338057,0,0,0,1,0,0,0,0,0,0,0,0,0,0,0,0,0,1,0,0,0,0,1,0,0,0,0,0,0,0,0,0,0,0,0,0,0,0,0,0,1,0,0,0,0,1,0,0,0,0,0,0,0,0,0,0,0,0,0,0,0,0,0,0,1,0,0,1,0,0,0,0,0,0,0,0,0,0,0,0,0,0,0,0,0,0,1,0,0,0,0,3,0,0,0,0,0,0,0,0,0,0.8876485546987806,1.0,1.0617107686021365,1.0,1.0764012181876554,1.0,2.8601935978077853,0.0,255222.68666666685,901143.233333333
2,0,10,179193.58000000007,662978.9499999993,0,0.0,158.55238952546296,1141,0,0,0,0,0,0,1,0,0,0,0,0,0.0,1.0,1,0,6,179222.96999999974,663009.2200000007,0,963.02425,0.0,1295,0,0,0,0,0,1,0,0,0,0,0,0,0.0,1.0,1,0,6,179222.96999999974,663009.2200000007,0,963.02425,0.0,1295,0,0,0,0,0,1,0,0,0,0,0,0,0.0,1.0,2,0,6,179728.61000000034,662725.3100000005,0,723.02425,0.0,785,0,0,0,0,0,0,0,1,0,0,0,0,0.0,1.0,1,0,0,1,0,0,0,0,0,0,0,0,0,0,0,0,0,1,0,0,0,0,1,0,0,0,0,0,0,0,0,0,0,0,0,0,0,0,0,0,1,0,0,0,0,1,0,0,0,0,0,0,0,0,0,0,0,0,0,0,0,0,0,0,1,0,0,0,1,0,0,0,0,0,0,0,0,0,0,0,0,0,0,0,0,0,0,0,1,0,0,2,0,0,0,0,0,0,0,0,0,0.9109669335234518,1.0,0.8323731836418489,1.0,0.8323731836418489,1.0,2.5544893698605247,0.0,239122.70999999996,883907.566666667
2,0,10,186260.91999999995,659751.1099999994,0,0.0,133.46938581018517,790,0,0,0,0,0,0,0,0,0,0,1,0,0.0,1.0,2,0,10,186255.74000000025,659726.9600000009,0,0.0,133.46936201388888,790,0,0,0,0,0,0,0,0,0,0,1,0,0.0,1.0,2,0,10,186205.24000000025,659506.6899999995,0,0.0,133.4693626388889,790,0,0,0,0,0,0,0,0,0,0,1,0,0.0,1.0,1,0,10,187687.1200000001,659857.8300000001,0,0.0,84.745138125,1353,0,0,0,0,0,0,0,1,0,0,0,0,0.0,1.0,0,0,0,1,0,0,0,0,0,0,0,0,0,0,0,0,0,1,0,0,0,0,1,0,0,0,0,0,0,0,0,0,0,0,0,0,0,0,0,0,1,0,0,0,0,1,0,0,0,0,0,0,0,0,0,0,0,0,0,0,0,0,0,0,1,0,0,0,1,0,0,0,0,0,0,0,0,0,0,0,0,0,0,0,0,0,0,0,1,0,0,3,0,0,0,0,0,0,0,0,0,0.911300163590283,1.0,0.9197148713253678,1.0,1.183358882731047,1.0,2.902596454482921,0.0,248803.00666666686,879614.1966666667
2,5,5,178141.75999999978,655621.5500000007,0,28.46555,0.0,1540,0,0,0,0,0,0,0,0,1,0,0,0,0.3090169943749474,0.9510565162951535,2,5,5,178274.83000000007,654804.5500000007,0,7.849433333333334,0.0,1540,0,0,0,0,0,0,0,0,1,0,0,0,0.24192189559966773,-0.9702957262759965,2,5,5,183804.28000000023,652843.4900000002,0,6.7823166666666665,0.0,1540,0,0,0,0,0,0,0,0,1,0,0,0,-0.8746197071393959,-0.48480962024633684,2,5,5,181971.66999999995,653778.9100000001,0,4.11575,0.0,1540,0,0,0,0,0,0,0,0,1,0,0,0,0.25881904510252074,0.9659258262890683,0,0,1,0,0,0,0,0,0,0,0,0,0,0,0,0,1,0,0,0,0,1,0,0,0,0,0,0,0,0,0,0,0,0,0,0,0,0,1,0,0,0,0,0,1,0,0,0,0,0,0,0,0,0,0,0,0,0,0,1,0,0,0,0,0,0,0,1,0,0,0,0,0,0,0,0,0,0,0,0,0,0,0,0,1,0,0,0,0,0,0,0,0,0,0,0,0,0,0,0,0,1.590337872432702,1.0,1.3448125790141525,1.0,2.0437325013676766,1.0,0.8650268998973658,1.0,180548.135,654262.1250000005
2,0,10,179055.76999999955,663114.8699999992,0,0.0,156.57899824074073,1141,0,0,0,0,0,0,1,0,0,0,0,0,0.0,1.0,2,0,10,179055.76999999955,663114.8699999992,0,0.0,156.57899824074073,1141,0,0,0,0,0,0,1,0,0,0,0,0,0.0,1.0,2,0,6,178813.41999999993,666065.5299999993,0,0.0,96.60132462962963,1000,0,0,0,0,0,1,0,0,0,0,0,0,0.0,1.0,2,0,6,178813.41999999993,666065.5299999993,0,0.0,96.60132462962963,1000,0,0,0,0,0,1,0,0,0,0,0,0,0.0,1.0,1,0,0,1,0,0,0,0,0,0,0,0,0,0,0,0,0,1,0,0,0,0,1,0,0,0,0,0,0,0,0,0,0,0,0,0,0,0,0,0,1,0,0,0,0,1,0,0,0,0,0,0,0,0,0,0,0,0,0,0,0,0,0,0,1,0,0,0,1,0,0,0,0,0,0,0,0,0,0,0,0,0,0,0,0,0,0,0,1,0,0,2,2,0,0,0,0,0,0,0,0,1.8544231799400872,1.0,1.8544231799400872,1.0,1.8544231799400872,1.0,1.8544231799400872,1.0,178934.59499999974,664590.1999999993
2,0,10,186205.24000000025,659506.6899999995,0,0.0,132.80269616898147,790,0,0,0,0,0,0,0,0,0,0,1,0,0.0,1.0,1,0,10,187492.6399999997,659382.8399999999,0,0.0,128.9118283449074,787,0,0,0,0,0,0,0,0,0,1,0,0,0.0,1.0,1,0,10,187687.1200000001,659857.8300000001,0,0.0,84.07847163194444,1353,0,0,0,0,0,0,0,1,0,0,0,0,0.0,1.0,1,0,6,187667.66999999995,659861.0099999998,0,0.0,84.0784718287037,1353,0,0,0,0,0,0,0,1,0,0,0,0,0.0,1.0,0,0,0,1,0,0,0,0,0,0,0,0,0,0,0,0,0,1,0,0,0,0,1,0,0,0,0,0,0,0,0,0,0,0,0,0,0,0,0,0,1,0,0,0,0,1,0,0,0,0,0,0,0,0,0,0,0,0,0,0,0,0,0,0,1,0,0,0,1,0,0,0,0,0,0,0,0,0,0,0,0,0,0,0,0,0,0,0,1,0,0,0,0,0,0,0,0,0,0,0,0,2.5813464646528246,0.0,0.8551652438562524,1.0,1.1391094926884628,1.0,1.1005092652996808,1.0,249684.2233333333,879536.1233333331
2,0,7,177349.91999999993,661773.3100000005,0,0.0,100.65816336805555,2205,0,0,0,0,1,0,0,0,0,0,0,0,0.0,1.0,1,0,10,179116.38999999966,665972.2300000004,0,0.0,56.621485138888886,2205,0,0,0,0,1,0,0,0,0,0,0,0,0.0,1.0,1,0,6,180789.41999999995,661429.6300000008,0,734.67195,0.0,1141,0,0,0,0,0,0,1,0,0,0,0,0,0.0,1.0,2,0,6,178254.65000000037,664765.3200000003,0,413.03858333333335,0.0,738,0,0,0,0,0,0,0,0,0,1,0,0,0.0,1.0,1,0,0,1,0,0,0,0,0,0,0,0,0,0,0,0,0,1,0,0,0,0,1,0,0,0,0,0,0,0,0,0,0,0,0,0,0,0,0,0,1,0,0,0,0,1,0,0,0,0,0,0,0,0,0,0,0,0,0,0,0,0,0,0,1,0,0,0,1,0,0,0,0,0,0,0,0,0,0,0,0,0,0,0,0,0,0,0,1,0,0,0,0,0,0,0,0,0,0,0,0,1.432427223019609,1.0,1.5599043008713676,1.0,1.752577873997465,1.0,0.8888613776910632,1.0,178877.59499999997,663485.1225000005
2,5,10,183928.01999999955,663194.8200000003,0,29.956933333333332,0.0,1353,0,0,0,0,0,0,0,1,0,0,0,0,0.819152044288992,-0.5735764363510458,2,5,10,184377.5499999998,662711.2899999991,0,17.707183333333333,0.0,1353,0,0,0,0,0,0,0,1,0,0,0,0,0.819152044288992,-0.5735764363510458,2,5,5,182566.33999999985,665191.3699999992,0,4.9566,0.0,1353,0,0,0,0,0,0,0,1,0,0,0,0,0.90630778703665,-0.42261826174069933,1,5,5,183704.36000000036,662780.8100000005,0,4.223533333333333,0.0,1353,0,0,0,0,0,0,0,1,0,0,0,0,0.8571673007021122,0.5150380749100543,0,0,1,0,0,0,0,0,0,0,0,0,0,1,0,0,0,0,0,0,0,1,0,0,0,0,0,0,0,0,0,0,0,0,0,0,0,0,1,0,0,0,0,0,1,0,0,0,0,0,0,0,0,0,0,0,0,0,0,0,1,0,0,0,0,0,0,1,0,0,0,0,0,0,0,0,0,0,0,0,0,0,0,1,0,0,0,0,0,0,0,0,0,0,0,0,0,0,0,0,0,0.47068416549652,1.0,1.2567490869980524,1.0,2.4197591832432317,1.0,0.8236264091094498,1.0,183644.0674999999,663469.5724999998
1,0,6,182532.8899999997,675666.3800000008,0,772.9671333333333,0.0,170,0,0,0,0,0,0,0,0,0,0,1,0,0.0,1.0,1,0,6,182643.86000000036,675915.1400000006,0,772.9672666666667,0.0,170,0,0,0,0,0,0,0,0,0,0,1,0,0.0,1.0,1,5,5,185092.1399999997,675061.6500000004,0,15.0342,0.0,2324,0,0,0,0,1,0,0,0,0,0,0,0,0.5299192642332049,-0.848048096156426,2,5,5,183489.25,674485.8599999994,0,10.400483333333334,0.0,2324,0,0,0,0,1,0,0,0,0,0,0,0,0.29237170472273705,-0.9563047559630354,0,0,0,1,0,0,0,0,0,0,0,0,0,0,0,0,0,1,0,0,0,0,1,0,0,0,0,0,0,0,0,0,0,0,0,0,0,0,0,0,1,0,0,0,1,0,0,0,0,0,0,0,0,0,0,0,0,0,0,1,0,0,0,0,0,0,0,1,0,0,0,0,0,0,0,0,0,0,0,0,0,0,0,0,0,0,1,0,0,0,0,2,0,0,0,0,0,0,0,0,0,1.2479318700541697,1.0,1.2885136710121567,1.0,2.11304672719867,1.0,1.011297727103061,1.0,183439.53499999995,675282.2575000003
17,0,10,178491.23000000045,663020.3100000005,0,0.0,68.60977055555556,790,0,0,0,0,0,0,0,0,0,0,1,0,0.0,1.0,2,0,10,179182.24000000022,665961.1099999994,0,0.0,54.98897189814815,1141,0,0,0,0,0,0,1,0,0,0,0,0,0.0,1.0,1,5,5,178897.34999999963,666942.6999999993,0,16.552933333333332,0.0,1000,0,0,0,0,0,1,0,0,0,0,0,0,-0.8290375725550421,0.5591929034707462,2,5,5,179455.59999999963,664581.3499999996,0,9.086283333333334,0.0,1000,0,0,0,0,0,1,0,0,0,0,0,0,0.9702957262759965,-0.24192189559966779,1,0,0,1,0,0,0,0,0,0,0,0,0,0,0,0,0,1,0,0,0,0,1,0,0,0,0,0,0,0,0,0,0,0,0,0,0,0,0,0,1,0,0,0,1,0,0,0,0,0,0,0,0,0,0,0,0,0,0,0,0,0,1,0,0,0,0,1,0,0,0,0,0,0,0,0,0,0,0,0,0,0,0,1,0,0,0,0,0,0,0,0,0,0,0,0,0,0,0,0,0,2.3641132377787124,1.0,0.9300966881071454,1.0,1.9840317975797055,1.0,0.7699505314230168,1.0,179006.60499999998,665126.3674999997
2,0,10,179084.16000000015,663131.1799999997,0,0.0,156.19704730324074,1141,0,0,0,0,0,0,1,0,0,0,0,0,0.0,1.0,1,5,5,180346.74000000025,663054.2100000009,0,31.34805,0.0,1540,0,0,0,0,0,0,0,0,1,0,0,0,-0.9993908270190958,0.03489949670250128,2,5,6,182339.01999999955,667996.25,0,24.681483333333333,0.0,1540,0,0,0,0,0,0,0,0,1,0,0,0,0.8480480961564261,0.5299192642332049,2,5,5,183607.36000000036,670177.5800000001,0,2.4314833333333334,0.0,1540,0,0,0,0,0,0,0,0,1,0,0,0,-0.5591929034707467,-0.8290375725550417,1,0,0,1,0,0,0,0,0,0,0,0,0,0,0,0,0,1,0,0,0,1,0,0,0,0,0,0,0,0,0,0,0,0,0,1,0,0,0,0,0,0,0,0,1,0,0,0,0,0,0,0,0,0,0,0,0,0,0,1,0,0,0,0,0,0,0,1,0,0,0,0,0,0,0,0,0,0,0,0,0,0,0,0,0,0,1,0,0,0,0,0,0,0,0,0,0,0,0,0,0,1.537754457641827,1.0,1.3197459727753376,1.0,0.8881462313178567,1.0,1.9298198077833857,1.0,181344.32000000007,666089.8050000002
2,0,10,177395.46999999974,662145.5199999996,0,0.0,100.44894041666667,2205,0,0,0,0,1,0,0,0,0,0,0,0,0.0,1.0,2,0,10,178693.75,665885.8900000006,0,0.0,56.161810787037034,1540,0,0,0,0,0,0,0,0,1,0,0,0,0.0,1.0,1,0,9,180759.6799999997,661531.8699999992,0,0.0,25.32270199074074,1141,0,0,0,0,0,0,1,0,0,0,0,0,0.0,1.0,1,0,10,180468.24000000025,661860.9900000002,0,0.0,12.28112792824074,649,0,0,0,0,0,0,1,0,0,0,0,0,0.0,1.0,1,0,0,1,0,0,0,0,0,0,0,0,0,0,0,0,0,1,0,0,0,0,1,0,0,0,0,0,0,0,0,0,0,0,0,0,0,0,0,0,1,0,0,0,0,1,0,0,0,0,0,0,0,0,0,0,0,0,0,0,0,0,0,0,1,0,0,0,1,0,0,0,0,0,0,0,0,0,0,0,0,0,0,0,0,0,0,0,1,0,0,0,0,0,0,0,0,0,0,0,0,1.316101756481237,1.0,1.9776185789580494,1.0,1.2452029564383078,1.0,0.9661534537393905,1.0,179329.28499999992,662856.0674999999
1,0,10,179337.13999999966,644997.9700000007,0,0.0,2.6618055439814814,1366,0,0,0,0,0,0,0,0,1,0,0,0,0.0,1.0,1,0,9,179275.6900000004,645032.3599999994,0,0.0,2.6618055671296297,1366,0,0,0,0,0,0,0,0,1,0,0,0,0.0,1.0,2,5,5,179214.58999999985,644052.9700000007,0,3.4668,0.0,2324,0,0,0,0,1,0,0,0,0,0,0,0,-0.8987940462991668,-0.43837114678907774,6,3,5,180808.5599999996,642391.6600000001,0,2.832683333333333,0.0,2324,0,0,0,0,1,0,0,0,0,0,0,0,0.9659258262890683,-0.25881904510252085,0,0,0,1,0,0,0,0,0,0,0,0,0,0,0,0,0,1,0,0,0,0,1,0,0,0,0,0,0,0,0,0,0,0,0,0,0,0,0,0,1,0,0,0,1,0,0,0,0,0,0,0,0,0,0,0,0,0,0,0,0,0,1,0,0,0,0,0,0,1,0,0,0,0,0,0,0,0,0,0,1,0,0,0,0,0,0,0,0,0,0,0,0,0,0,0,0,0,0,0,0,1.0781157761500557,1.0,1.1408495524022253,1.0,0.5172963970107332,1.0,2.3889511077928987,1.0,179658.99499999988,644118.7400000002
2,0,10,179100.08999999985,663100.0700000003,0,0.0,164.92043559027778,1141,0,0,0,0,0,0,1,0,0,0,0,0,0.0,1.0,2,0,10,179193.58000000007,662978.9499999993,0,0.0,164.92043559027778,1141,0,0,0,0,0,0,1,0,0,0,0,0,0.0,1.0,17,0,10,178733.74000000022,662995.6600000001,0,0.0,77.56810921296297,790,0,0,0,0,0,0,0,0,0,0,1,0,0.0,1.0,1,0,10,179115.53000000026,665875.9800000004,0,0.0,63.03816709490741,2205,0,0,0,0,1,0,0,0,0,0,0,0,0.0,1.0,1,0,0,1,0,0,0,0,0,0,0,0,0,0,0,0,0,1,0,0,0,0,1,0,0,0,0,0,0,0,0,0,0,0,0,0,0,0,0,0,1,0,0,0,0,1,0,0,0,0,0,0,0,0,0,0,0,0,0,0,0,0,0,0,1,0,0,0,1,0,0,0,0,0,0,0,0,0,0,0,0,0,0,0,0,0,0,0,1,0,0,0,0,0,0,0,0,0,0,0,0,0.9068301582475448,1.0,1.0966283933285441,1.0,1.1336279341491373,1.0,3.0279861165507227,0.0,238714.31333333347,884983.5533333333
1,0,10,183720.41000000012,666760.4499999993,0,0.0,105.08681953703703,2205,0,0,0,0,1,0,0,0,0,0,0,0,0.0,1.0,2,5,5,185282.0599999996,664927.9299999997,0,14.469866666666666,0.0,1000,0,0,0,0,0,1,0,0,0,0,0,0,0.27563735581699966,-0.9612616959383187,2,0,5,184314.66000000012,667472.0199999996,0,10.937516666666667,0.0,1000,0,0,0,0,0,1,0,0,0,0,0,0,-0.961261695938319,-0.2756373558169989,1,5,5,183584.08999999985,667136.4499999993,0,4.43655,0.0,1000,0,0,0,0,0,1,0,0,0,0,0,0,0.9510565162951535,0.30901699437494745,0,0,0,1,0,0,0,0,0,0,0,0,0,0,0,0,0,1,0,0,0,1,0,0,0,0,0,0,0,0,0,0,0,0,0,0,0,0,1,0,0,0,0,0,1,0,0,0,0,0,0,0,0,0,0,0,0,0,0,0,0,0,1,0,0,0,0,0,0,1,0,0,0,0,1,0,0,0,0,0,0,0,0,0,0,0,0,0,0,0,0,0,0,0,0,0,0,0,0,0,0,0.6513732562419499,1.0,2.3678601971006126,1.0,1.0920730564709191,1.0,1.03222711835739,1.0,184225.30499999993,666574.2124999994
2,0,6,178738.1799999997,661886.2699999996,0,1023.0083333333333,0.0,2205,0,0,0,0,1,0,0,0,0,0,0,0,0.0,1.0,2,0,6,183423.9299999997,668158.7100000009,0,963.025,0.0,1295,0,0,0,0,0,1,0,0,0,0,0,0,0.0,1.0,2,0,6,183423.9299999997,668158.7100000009,0,963.025,0.0,1295,0,0,0,0,0,1,0,0,0,0,0,0,0.0,1.0,2,0,6,180067.6200000001,662404.2200000007,0,603.0583333333333,0.0,1540,0,0,0,0,0,0,0,0,1,0,0,0,0.0,1.0,1,0,0,1,0,0,0,0,0,0,0,0,0,0,0,0,0,1,0,0,0,0,1,0,0,0,0,0,0,0,0,0,0,0,0,0,0,0,0,0,1,0,0,0,0,1,0,0,0,0,0,0,0,0,0,0,0,0,0,0,0,0,0,0,1,0,0,0,1,0,0,0,0,0,0,0,0,0,0,0,0,0,0,0,0,0,0,0,1,0,0,2,0,0,0,0,0,0,0,0,0,1.6630109627503176,1.0,1.4248443401328914,1.0,1.4248443401328914,1.0,1.2052832286520212,1.0,181413.4149999998,665151.9775000005
1,0,10,187498.5599999996,659374.9499999993,0,0.0,84.66181104166667,787,0,0,0,0,0,0,0,0,0,1,0,0,0.0,1.0,1,0,10,186004.1399999997,659312.2799999993,0,0.0,39.6260934375,787,0,0,0,0,0,0,0,0,0,1,0,0,0.0,1.0,1,0,6,187286.83999999985,659459.1400000006,0,953.0411166666667,0.0,787,0,0,0,0,0,0,0,0,0,1,0,0,0.0,1.0,1,0,6,187269.54000000004,659426.4900000002,0,953.0411166666667,0.0,787,0,0,0,0,0,0,0,0,0,1,0,0,0.0,1.0,0,0,0,1,0,0,0,0,0,0,0,0,0,0,0,0,0,1,0,0,0,0,1,0,0,0,0,0,0,0,0,0,0,0,0,0,0,0,0,0,1,0,0,0,0,1,0,0,0,0,0,0,0,0,0,0,0,0,0,0,0,0,0,0,1,0,0,0,1,0,0,0,0,0,0,0,0,0,0,0,0,0,0,0,0,0,0,0,1,0,0,2,0,0,0,0,0,0,0,0,0,1.4989823167944607,1.0,3.139140256571757,0.0,0.8667627497810243,1.0,0.7955208601938611,1.0,249353.02666666638,879190.9533333331
1,0,6,179275.6900000004,645032.3599999994,0,0.0,2.3284639699074074,1366,0,0,0,0,0,0,0,0,1,0,0,0,0.0,1.0,1,0,8,179078.8099999996,645173.0500000007,0,0.0,2.328464363425926,1366,0,0,0,0,0,0,0,0,1,0,0,0,0.0,1.0,2,5,10,182915.3700000001,646944.7100000009,0,30.8213,0.0,142,1,0,0,0,0,0,0,0,0,0,0,0,0.6691306063588583,-0.7431448254773941,2,1,6,181083.28000000023,645187.6600000001,0,1.7720333333333333,0.0,142,1,0,0,0,0,0,0,0,0,0,0,0,0.4694715627858911,-0.8829475928589268,0,0,0,1,0,0,0,0,0,0,0,0,0,0,0,0,0,1,0,0,0,0,1,0,0,0,0,0,0,0,0,0,0,0,0,0,0,0,0,0,1,0,0,0,0,0,1,0,0,0,0,0,1,0,0,0,0,0,0,0,0,0,0,0,0,0,0,1,0,0,0,0,0,0,0,0,0,0,0,0,0,0,0,0,0,0,1,0,0,0,0,0,0,0,0,0,0,0,0,0,0,1.2161096815573014,1.0,1.336149215955325,1.0,2.302006646091264,1.0,0.5417874927757637,1.0,180588.2875000001,645584.4450000003
17,0,10,178661.00999999978,663015.4499999993,0,0.0,77.48478251157407,790,0,0,0,0,0,0,0,0,0,0,1,0,0.0,1.0,1,5,10,178325.5,663629.0700000003,0,12.070133333333333,0.0,2324,0,0,0,0,1,0,0,0,0,0,0,0,0.6293203910498374,0.7771459614569709,2,5,5,181080.09999999963,664677.5700000003,0,10.92015,0.0,2324,0,0,0,0,1,0,0,0,0,0,0,0,-0.9510565162951536,0.30901699437494723,2,5,5,180301.91999999995,668929.5700000003,0,15.742183333333333,0.0,2205,0,0,0,0,1,0,0,0,0,0,0,0,-0.17364817766693047,-0.984807753012208,1,0,0,1,0,0,0,0,0,0,0,0,0,0,0,0,0,1,0,0,0,0,0,1,0,0,0,0,0,1,0,0,0,0,0,0,0,0,0,0,0,0,0,0,1,0,0,0,0,0,0,0,0,0,0,0,0,0,0,0,1,0,0,0,0,0,0,1,0,0,0,0,0,0,0,0,0,0,0,0,0,0,0,0,0,0,1,0,0,0,0,0,0,0,0,0,0,0,0,0,0,1.3042276909285881,1.0,1.1093618363455784,1.0,0.8912634633245872,1.0,2.2795475805610343,1.0,179592.13249999983,665062.915
2,0,6,180765.86000000036,657536.9499999993,0,963.02435,0.0,1295,0,0,0,0,0,1,0,0,0,0,0,0,0.0,1.0,2,0,6,180756.6399999997,657547.3000000007,0,963.0244333333334,0.0,1295,0,0,0,0,0,1,0,0,0,0,0,0,0.0,1.0,2,0,6,180756.6399999997,657547.3000000007,0,963.0244333333334,0.0,1295,0,0,0,0,0,1,0,0,0,0,0,0,0.0,1.0,2,0,6,180756.6399999997,657547.3000000007,0,963.0244333333334,0.0,1295,0,0,0,0,0,1,0,0,0,0,0,0,0.0,1.0,0,0,0,1,0,0,0,0,0,0,0,0,0,0,0,0,0,1,0,0,0,0,1,0,0,0,0,0,0,0,0,0,0,0,0,0,0,0,0,0,1,0,0,0,0,1,0,0,0,0,0,0,0,0,0,0,0,0,0,0,0,0,0,0,1,0,0,0,1,0,0,0,0,0,0,0,0,0,0,0,0,0,0,0,0,0,0,0,1,0,0,3,0,0,0,0,0,0,0,0,0,2.4535697349095336,1.0,0.8178565783031777,1.0,0.8178565783031777,1.0,0.8178565783031777,1.0,180758.94499999986,657544.7125000004
2,3,6,179870.1900000004,653952.3000000007,0,23.21245,0.0,860,0,0,0,1,0,0,0,0,0,0,0,0,0.9702957262759965,-0.24192189559966779,1,5,5,181261.0,653083.1999999993,0,14.595716666666666,0.0,860,0,0,0,1,0,0,0,0,0,0,0,0,0.01745240643728351,0.9998476951563913,2,5,5,181338.91000000012,650331.6600000001,0,12.79595,0.0,860,0,0,0,1,0,0,0,0,0,0,0,0,0.13917310096006544,0.9902680687415704,2,4,5,180818.01999999955,653225.0399999991,0,11.828733333333334,0.0,860,0,0,0,1,0,0,0,0,0,0,0,0,0.9975640502598242,-0.06975647374412533,0,0,1,0,0,0,0,0,0,0,0,0,0,1,0,0,0,0,0,0,0,1,0,0,0,0,0,0,0,0,0,0,0,0,0,0,1,0,0,0,0,0,0,0,1,0,0,0,0,0,0,0,0,0,0,0,0,0,0,0,1,0,0,0,0,0,0,1,0,0,0,0,0,0,0,0,0,0,0,0,0,0,0,0,0,0,1,0,0,0,0,0,0,0,0,0,0,0,0,0,0,1.6461148013326115,1.0,0.6301503657853923,1.0,2.419620273951753,1.0,0.5882511174540729,1.0,180822.03000000003,652648.0499999998
1,5,5,187483.24000000025,692599.7300000004,0,12.869583333333333,0.0,1000,0,0,0,0,0,1,0,0,0,0,0,0,0.48480962024633706,0.8746197071393957,1,5,7,187476.01999999955,692610.2899999991,0,12.185666666666666,0.0,1000,0,0,0,0,0,1,0,0,0,0,0,0,-0.8746197071393961,0.4848096202463365,1,5,5,186702.1299999999,692493.9000000004,0,8.519216666666667,0.0,1000,0,0,0,0,0,1,0,0,0,0,0,0,-0.945518575599317,0.3255681544571563,2,5,5,189072.71,691576.5999999996,0,2.91875,0.0,1000,0,0,0,0,0,1,0,0,0,0,0,0,-0.587785252292473,-0.8090169943749475,0,0,1,0,0,0,0,0,0,0,0,0,0,0,0,0,1,0,0,0,0,1,0,0,0,0,0,0,0,0,0,0,0,0,0,0,0,0,1,0,0,0,0,0,1,0,0,0,0,0,0,0,0,0,0,0,0,0,0,0,0,0,1,0,0,0,0,0,0,1,0,0,0,0,0,0,0,0,0,0,1,0,0,0,0,0,0,0,0,0,0,0,0,0,0,0,0,0,0,0,0,0.5314757455913439,1.0,0.5512388907696067,1.0,1.5401259522149668,1.0,2.4348300270248187,1.0,187683.5249999999,692320.1299999999
2,0,6,177381.6299999999,661904.2699999996,0,0.0,103.47288734953703,785,0,0,0,0,0,0,0,1,0,0,0,0,0.0,1.0,2,0,7,177403.1200000001,662212.1300000008,0,0.0,100.7067878125,2205,0,0,0,0,1,0,0,0,0,0,0,0,0.0,1.0,2,0,7,177403.1200000001,662212.1300000008,0,0.0,100.7067878125,2205,0,0,0,0,1,0,0,0,0,0,0,0,0.0,1.0,2,0,7,177403.1200000001,662212.1300000008,0,0.0,100.7067878125,2205,0,0,0,0,1,0,0,0,0,0,0,0,0.0,1.0,1,0,0,1,0,0,0,0,0,0,0,0,0,0,0,0,0,1,0,0,0,0,1,0,0,0,0,0,0,0,0,0,0,0,0,0,0,0,0,0,1,0,0,0,0,1,0,0,0,0,0,0,0,0,0,0,0,0,0,0,0,0,0,0,1,0,0,0,1,0,0,0,0,0,0,0,0,0,0,0,0,0,0,0,0,0,0,0,1,0,0,4,0,0,0,0,0,0,0,0,0,3.245949328639576,0.0,1.0819831095465253,1.0,1.0819831095465253,1.0,1.0819831095465253,1.0,236530.33000000007,882846.8866666673
2,5,5,181438.08999999985,646218.4000000004,0,27.07855,0.0,860,0,0,0,1,0,0,0,0,0,0,0,0,0.29237170472273677,0.9563047559630354,2,5,5,181468.5700000003,646479.0999999996,0,21.695516666666666,0.0,860,0,0,0,1,0,0,0,0,0,0,0,0,-0.034899496702500823,0.9993908270190958,2,5,6,183363.9299999997,644173.9299999997,0,16.128233333333334,0.0,860,0,0,0,1,0,0,0,0,0,0,0,0,-0.24192189559966787,0.9702957262759965,1,5,5,183867.26999999955,643962.4399999995,0,5.561616666666667,0.0,860,0,0,0,1,0,0,0,0,0,0,0,0,-0.24192189559966787,0.9702957262759965,0,0,1,0,0,0,0,0,0,0,0,0,0,0,1,0,0,0,0,0,0,1,0,0,0,0,0,0,0,0,0,0,0,0,0,1,0,0,0,0,0,0,0,0,1,0,0,0,0,0,0,0,0,0,0,0,0,0,0,0,0,0,1,0,0,0,0,1,0,0,0,0,0,0,0,0,0,0,0,0,0,0,0,1,0,0,0,0,0,0,0,2,0,0,0,0,0,0,0,0,0,1.3296334712330735,1.0,1.4793690978943543,1.0,1.1827794153660662,1.0,1.6274723312267387,1.0,182534.46499999985,645208.4674999998
2,0,10,179193.58000000007,662978.9499999993,0,0.0,156.96209806712963,1141,0,0,0,0,0,0,1,0,0,0,0,0,0.0,1.0,2,0,6,177395.46999999974,662145.5199999996,0,0.0,99.11650783564815,2205,0,0,0,0,1,0,0,0,0,0,0,0,0.0,1.0,1,0,6,179062.41999999993,665885.5,0,0.0,56.786808738425925,1366,0,0,0,0,0,0,0,0,1,0,0,0,0.0,1.0,1,0,10,179115.53000000026,665875.9800000004,0,0.0,55.07982957175926,2205,0,0,0,0,1,0,0,0,0,0,0,0,0.0,1.0,1,0,0,1,0,0,0,0,0,0,0,0,0,0,0,0,0,1,0,0,0,0,1,0,0,0,0,0,0,0,0,0,0,0,0,0,0,0,0,0,1,0,0,0,0,1,0,0,0,0,0,0,0,0,0,0,0,0,0,0,0,0,0,0,1,0,0,0,1,0,0,0,0,0,0,0,0,0,0,0,0,0,0,0,0,0,0,0,1,0,0,0,0,0,0,0,0,0,0,0,0,1.1006219049835049,1.0,2.010157502321332,1.0,1.400199911478454,1.0,1.4027512544302845,1.0,178691.75,664221.4874999998
2,0,6,166706.13999999966,633958.7799999993,0,832.9901666666667,0.0,2205,0,0,0,0,1,0,0,0,0,0,0,0,0.0,1.0,2,0,6,166921.78000000026,633662.3200000003,0,832.9905166666666,0.0,2205,0,0,0,0,1,0,0,0,0,0,0,0,0.0,1.0,2,0,6,166776.03000000026,633865.5899999999,0,832.9907166666667,0.0,2205,0,0,0,0,1,0,0,0,0,0,0,0,0.0,1.0,2,0,6,167042.24000000022,633549.8699999992,0,832.99085,0.0,2205,0,0,0,0,1,0,0,0,0,0,0,0,0.0,1.0,0,0,0,1,0,0,0,0,0,0,0,0,0,0,0,0,0,1,0,0,0,0,1,0,0,0,0,0,0,0,0,0,0,0,0,0,0,0,0,0,1,0,0,0,0,1,0,0,0,0,0,0,0,0,0,0,0,0,0,0,0,0,0,0,1,0,0,0,1,0,0,0,0,0,0,0,0,0,0,0,0,0,0,0,0,0,0,0,1,0,0,4,0,0,0,0,0,0,0,0,0,1.7348921423730248,1.0,0.7819209133863597,1.0,0.9363452905001453,1.0,1.8959528089684041,1.0,166861.5475000001,633759.1399999997
2,5,5,188552.2999999998,665801.7100000009,0,17.09805,0.0,1366,0,0,0,0,0,0,0,0,1,0,0,0,0.9781476007338056,0.20791169081775945,1,5,5,189927.2000000002,665612.5399999991,0,12.864766666666666,0.0,1366,0,0,0,0,0,0,0,0,1,0,0,0,-0.438371146789077,0.8987940462991671,2,2,6,187155.9299999997,667687.2699999996,0,9.31495,0.0,1366,0,0,0,0,0,0,0,0,1,0,0,0,0.9702957262759965,0.2419218955996679,2,5,6,189305.50999999975,664368.7899999991,0,2.3982833333333335,0.0,1366,0,0,0,0,0,0,0,0,1,0,0,0,-0.2756373558169998,0.9612616959383187,0,0,1,0,0,0,0,0,0,0,0,0,0,0,0,0,1,0,0,0,0,1,0,0,0,0,0,0,0,0,0,0,0,0,0,0,0,0,1,0,0,0,0,0,1,0,0,0,0,0,0,0,0,0,0,0,0,0,0,0,0,0,1,0,0,0,0,0,0,1,0,0,0,0,0,0,0,0,0,0,1,0,0,0,0,0,0,0,0,0,0,0,0,0,0,0,0,0,0,0,0,0.17518671784579082,1.0,1.0982913600128552,1.0,2.170966083558131,1.0,1.4448860383340494,1.0,188735.23499999987,665867.5774999997
1,0,6,179078.8099999996,645173.0500000007,0,0.0,2.3770888310185185,1366,0,0,0,0,0,0,0,0,1,0,0,0,0.0,1.0,1,0,6,179078.8099999996,645173.0500000007,0,0.0,2.3770888310185185,1366,0,0,0,0,0,0,0,0,1,0,0,0,0.0,1.0,1,0,6,179078.8099999996,645173.0500000007,0,0.0,2.3770888310185185,1366,0,0,0,0,0,0,0,0,1,0,0,0,0.0,1.0,1,0,6,179078.8099999996,645173.0500000007,0,0.0,2.3770888310185185,1366,0,0,0,0,0,0,0,0,1,0,0,0,0.0,1.0,0,0,0,1,0,0,0,0,0,0,0,0,0,0,0,0,0,1,0,0,0,0,1,0,0,0,0,0,0,0,0,0,0,0,0,0,0,0,0,0,1,0,0,0,0,1,0,0,0,0,0,0,0,0,0,0,0,0,0,0,0,0,0,0,1,0,0,0,1,0,0,0,0,0,0,0,0,0,0,0,0,0,0,0,0,0,0,0,1,0,0,0,0,0,0,0,0,0,0,0,0,0.0,1.0,0.0,1.0,0.0,1.0,0.0,1.0,179078.8099999996,645173.0500000007
2,0,6,177381.6299999999,661904.2699999996,0,0.0,102.9242644212963,785,0,0,0,0,0,0,0,1,0,0,0,0,0.0,1.0,2,0,7,177403.1200000001,662212.1300000008,0,0.0,100.15816488425926,2205,0,0,0,0,1,0,0,0,0,0,0,0,0.0,1.0,2,0,10,178547.0,665523.4900000002,0,0.0,55.87014403935185,1540,0,0,0,0,0,0,0,0,1,0,0,0,0.0,1.0,2,5,5,179906.50999999978,664544.1600000001,0,3.8907666666666665,0.0,1141,0,0,0,0,0,0,1,0,0,0,0,0,-0.9998476951563913,0.01745240643728313,1,0,0,1,0,0,0,0,0,0,0,0,0,0,0,0,0,1,0,0,0,0,1,0,0,0,0,0,0,0,0,0,0,0,0,0,0,0,0,0,1,0,0,0,0,1,0,0,0,0,0,0,0,0,0,0,0,0,0,0,0,0,0,0,1,0,0,1,0,0,0,0,0,0,0,0,0,0,0,0,0,0,0,0,0,0,1,0,0,0,0,2,0,0,0,0,0,0,0,0,0,1.4693061255473852,1.0,1.2565178998860198,1.0,1.5517717780571738,1.0,1.4672699615782168,1.0,178309.56499999994,663546.0125000002
2,0,10,179177.2000000002,662945.9700000007,0,0.0,153.12633547453703,1141,0,0,0,0,0,0,1,0,0,0,0,0,0.0,1.0,2,0,10,179075.4500000002,663147.9499999993,0,0.0,101.2728054050926,2205,0,0,0,0,1,0,0,0,0,0,0,0,0.0,1.0,2,0,10,177386.4299999997,662058.9399999995,0,0.0,98.28316421296296,2205,0,0,0,0,1,0,0,0,0,0,0,0,0.0,1.0,1,0,7,180759.6799999997,661531.8699999992,0,0.0,23.15604607638889,1141,0,0,0,0,0,0,1,0,0,0,0,0,0.0,1.0,1,0,0,1,0,0,0,0,0,0,0,0,0,0,0,0,0,1,0,0,0,0,1,0,0,0,0,0,0,0,0,0,0,0,0,0,0,0,0,0,1,0,0,0,0,1,0,0,0,0,0,0,0,0,0,0,0,0,0,0,0,0,0,0,1,0,0,0,1,0,0,0,0,0,0,0,0,0,0,0,0,0,0,0,0,0,0,0,1,0,0,0,0,0,0,0,0,0,0,0,0,0.5734023625381984,1.0,0.7860078012796011,1.0,1.892822808370966,1.0,2.035571936457489,1.0,179099.68999999994,662421.1824999996
2,0,6,186323.24000000025,660235.4700000007,0,1064.35795,0.0,2324,0,0,0,0,1,0,0,0,0,0,0,0,0.0,1.0,2,0,6,186323.24000000025,660235.4700000007,0,1064.35795,0.0,2324,0,0,0,0,1,0,0,0,0,0,0,0,0.0,1.0,2,0,6,186323.24000000025,660235.4700000007,0,1064.35795,0.0,2324,0,0,0,0,1,0,0,0,0,0,0,0,0.0,1.0,2,0,6,186323.24000000025,660235.4700000007,0,1064.35795,0.0,2324,0,0,0,0,1,0,0,0,0,0,0,0,0.0,1.0,0,0,0,1,0,0,0,0,0,0,0,0,0,0,0,0,0,1,0,0,0,0,1,0,0,0,0,0,0,0,0,0,0,0,0,0,0,0,0,0,1,0,0,0,0,1,0,0,0,0,0,0,0,0,0,0,0,0,0,0,0,0,0,0,1,0,0,0,1,0,0,0,0,0,0,0,0,0,0,0,0,0,0,0,0,0,0,0,1,0,0,0,0,0,0,0,0,0,0,0,0,0.0,1.0,0.0,1.0,0.0,1.0,0.0,1.0,186323.24000000025,660235.4700000007
2,0,10,178578.91999999993,665596.5600000005,0,0.0,55.911811400462966,1540,0,0,0,0,0,0,0,0,1,0,0,0,0.0,1.0,2,0,10,178672.3799999999,665806.7899999991,0,0.0,55.91181142361111,1540,0,0,0,0,0,0,0,0,1,0,0,0,0.0,1.0,1,0,6,180794.6399999997,661410.1999999993,0,74.67511666666667,0.0,1141,0,0,0,0,0,0,1,0,0,0,0,0,0.0,1.0,20,4,5,183340.54000000004,668251.5099999998,0,31.191666666666666,0.0,649,0,0,0,0,0,0,1,0,0,0,0,0,0.19080899537654497,-0.981627183447664,1,0,0,1,0,0,0,0,0,0,0,0,0,0,0,0,0,1,0,0,0,0,1,0,0,0,0,0,0,0,0,0,0,0,0,0,0,0,0,0,1,0,0,0,0,1,0,0,0,0,0,0,0,0,0,0,0,0,0,0,0,0,0,0,1,0,0,1,0,0,0,0,0,0,0,0,0,0,0,0,0,0,0,0,0,1,0,0,0,0,0,2,0,0,0,0,0,0,0,0,0,0.8171833905466188,1.0,0.7994783328021706,1.0,1.7640670621285337,1.0,1.9212551751280553,1.0,180346.61999999988,665266.2649999997
2,5,8,184255.08000000007,667440.0899999999,0,56.33241666666667,0.0,785,0,0,0,0,0,0,0,1,0,0,0,0,0.9455185755993167,0.32556815445715676,2,5,5,184523.46,666621.1300000008,0,25.68225,0.0,1353,0,0,0,0,0,0,0,1,0,0,0,0,0.984807753012208,0.17364817766693041,2,5,5,184498.41999999995,665183.9499999993,0,24.432516666666668,0.0,1353,0,0,0,0,0,0,0,1,0,0,0,0,0.1908089953765448,0.981627183447664,1,5,5,183612.54000000004,667145.3300000001,0,11.665883333333333,0.0,1353,0,0,0,0,0,0,0,1,0,0,0,0,-0.9510565162951535,-0.30901699437494756,0,0,1,0,0,0,0,0,0,0,0,0,0,0,0,0,1,0,0,0,0,1,0,0,0,0,0,0,0,0,0,0,0,0,0,0,0,0,1,0,0,0,0,0,1,0,0,0,0,0,0,0,0,0,0,0,0,0,0,0,0,0,1,0,0,0,0,1,0,0,0,0,0,0,0,0,0,0,0,0,0,0,0,0,0,0,1,0,0,0,0,0,0,0,0,0,0,0,0,0,0,1.3657291553932929,1.0,0.48920876564341553,1.0,2.333248768732887,1.0,1.3277961459689966,1.0,184222.375,666597.625
2,0,8,177947.29000000004,658711.3100000005,0,0.0,81.80213430555555,1540,0,0,0,0,0,0,0,0,1,0,0,0,0.0,1.0,2,0,10,177937.33999999985,658564.3000000007,0,0.0,81.80213447916667,1540,0,0,0,0,0,0,0,0,1,0,0,0,0.0,1.0,2,0,10,177976.3700000001,658984.2100000009,0,0.0,81.8021346875,1540,0,0,0,0,0,0,0,0,1,0,0,0,0.0,1.0,1,0,10,179004.88999999966,658838.9399999995,0,0.0,45.520976527777776,142,1,0,0,0,0,0,0,0,0,0,0,0,0.0,1.0,0,0,0,1,0,0,0,0,0,0,0,0,0,0,0,0,0,1,0,0,0,0,1,0,0,0,0,0,0,0,0,0,0,0,0,0,0,0,0,0,1,0,0,0,0,1,0,0,0,0,0,0,0,0,0,0,0,0,0,0,0,0,0,0,1,0,0,0,1,0,0,0,0,0,0,0,0,0,0,0,0,0,0,0,0,0,0,0,1,0,0,3,0,0,0,0,0,0,0,0,0,0.9058289882044276,1.0,1.1449355940922454,1.0,1.043802398251711,1.0,2.5910542570738064,0.0,237621.96333333323,878366.2533333339
1,0,10,186810.84999999963,695239.0700000003,0,0.0,30.300977974537037,738,0,0,0,0,0,0,0,0,0,1,0,0,0.0,1.0,2,5,6,189137.58999999985,691795.6999999993,0,8.541416666666667,0.0,235,1,0,0,0,0,0,0,0,0,0,0,0,-0.052335956242943564,-0.9986295347545738,2,5,6,189137.58999999985,691795.6999999993,0,8.541416666666667,0.0,235,1,0,0,0,0,0,0,0,0,0,0,0,-0.052335956242943564,-0.9986295347545738,2,5,6,189137.58999999985,691795.6999999993,0,8.541416666666667,0.0,235,1,0,0,0,0,0,0,0,0,0,0,0,-0.052335956242943564,-0.9986295347545738,0,0,0,1,0,0,0,0,0,0,0,0,0,0,0,0,0,1,0,0,0,0,0,1,0,0,0,0,1,0,0,0,0,0,0,0,0,0,0,0,0,0,0,0,0,0,1,0,0,0,0,1,0,0,0,0,0,0,0,0,0,0,0,0,0,0,0,0,0,1,0,0,0,0,1,0,0,0,0,0,0,0,0,0,0,0,0,0,0,0,0,3,0,0,0,0,0,0,0,0,0,2.4949347212642228,1.0,0.8316449070880743,1.0,0.8316449070880743,1.0,0.8316449070880743,1.0,188555.9049999998,692656.5424999995
2,5,8,182174.4299999997,666328.6099999994,0,25.767433333333333,0.0,2324,0,0,0,0,1,0,0,0,0,0,0,0,-0.8090169943749473,-0.5877852522924732,2,5,6,182695.2199999997,665950.7100000009,0,25.084216666666666,0.0,2324,0,0,0,0,1,0,0,0,0,0,0,0,-0.10452846326765342,0.9945218953682733,2,5,5,181941.5,665421.2799999993,0,19.850616666666667,0.0,2324,0,0,0,0,1,0,0,0,0,0,0,0,-0.9612616959383188,0.2756373558169994,2,5,5,183276.5700000003,665600.0899999999,0,4.46745,0.0,2324,0,0,0,0,1,0,0,0,0,0,0,0,0.42261826174069944,0.9063077870366499,0,0,1,0,0,0,0,0,0,0,0,0,0,1,0,0,0,0,0,0,0,1,0,0,0,0,0,0,0,0,0,0,0,0,0,0,0,0,1,0,0,0,0,0,1,0,0,0,0,0,0,0,0,0,0,0,0,0,0,0,0,0,1,0,0,0,0,1,0,0,0,0,0,0,0,0,0,0,0,0,0,0,0,0,0,0,1,0,0,0,0,0,0,0,0,0,0,0,0,0,0,1.4199971502213886,1.0,0.4967219455781506,1.0,1.6414572346149174,1.0,1.828009740814,1.0,182521.92999999993,665825.1724999999
2,0,10,177437.83000000007,662499.7699999996,0,0.0,100.15816490740741,2205,0,0,0,0,1,0,0,0,0,0,0,0,0.0,1.0,2,0,10,177408.16000000015,662268.3399999999,0,0.0,100.15816494212963,2205,0,0,0,0,1,0,0,0,0,0,0,0,0.0,1.0,2,0,10,178747.04000000004,666085.1899999995,0,0.0,55.87014409722222,1540,0,0,0,0,0,0,0,0,1,0,0,0,0.0,1.0,2,0,6,180344.96,664164.5899999999,0,0.0,9.745120925925926,787,0,0,0,0,0,0,0,0,0,1,0,0,0.0,1.0,1,0,0,1,0,0,0,0,0,0,0,0,0,0,0,0,0,1,0,0,0,0,1,0,0,0,0,0,0,0,0,0,0,0,0,0,0,0,0,0,1,0,0,0,0,1,0,0,0,0,0,0,0,0,0,0,0,0,0,0,0,0,0,0,1,0,0,0,1,0,0,0,0,0,0,0,0,0,0,0,0,0,0,0,0,0,0,0,1,0,0,2,0,0,0,0,0,0,0,0,0,1.1952226458366024,1.0,1.3422631539738605,1.0,1.7156859694214655,1.0,1.3935886001044138,1.0,178484.49750000006,663754.4724999997
2,0,10,177401.2000000002,662045.3599999994,0,0.0,103.13262450231481,785,0,0,0,0,0,0,0,1,0,0,0,0,0.0,1.0,2,0,6,177434.91000000015,662363.7100000009,0,0.0,103.13261290509259,785,0,0,0,0,0,0,0,1,0,0,0,0,0.0,1.0,2,0,6,177413.54000000004,662175.6099999994,0,0.0,103.13261296296297,785,0,0,0,0,0,0,0,1,0,0,0,0,0.0,1.0,1,5,6,181101.74000000025,663830.5999999996,0,13.929333333333334,0.0,1366,0,0,0,0,0,0,0,0,1,0,0,0,0.9998476951563913,-0.017452406437283477,1,0,0,1,0,0,0,0,0,0,0,0,0,0,0,0,0,1,0,0,0,0,1,0,0,0,0,0,0,0,0,0,0,0,0,0,0,0,0,0,1,0,0,0,0,1,0,0,0,0,0,0,0,0,0,0,0,0,0,0,0,0,0,0,1,0,0,1,0,0,0,0,0,0,0,0,0,0,0,0,0,0,0,1,0,0,0,0,0,0,0,3,0,0,0,0,0,0,0,0,0,0.9429109151163765,1.0,0.8078675617358894,1.0,0.8808122878589321,1.0,2.6146647797085945,0.0,237783.79666666687,883471.7599999998
1,5,5,183963.71,667529.5700000003,0,11.316416666666667,0.0,2324,0,0,0,0,1,0,0,0,0,0,0,0,-0.7880107536067218,0.6156614753256585,2,5,6,183959.51999999955,667435.9900000002,0,11.1329,0.0,2324,0,0,0,0,1,0,0,0,0,0,0,0,-0.22495105434386534,0.9743700647852351,2,5,6,183939.16999999995,667528.1099999994,0,9.51655,0.0,2324,0,0,0,0,1,0,0,0,0,0,0,0,-0.20791169081775987,0.9781476007338056,1,5,5,184632.0599999996,665030.0800000001,0,9.166633333333333,0.0,2324,0,0,0,0,1,0,0,0,0,0,0,0,0.9455185755993168,-0.3255681544571564,0,0,1,0,0,0,0,0,0,0,0,0,0,0,0,1,0,0,0,0,0,1,0,0,0,0,0,0,0,0,0,0,0,0,0,1,0,0,0,0,0,0,0,0,1,0,0,0,0,0,0,0,0,0,0,0,0,0,0,0,0,0,1,0,0,0,0,1,0,0,0,0,0,0,0,0,0,0,0,0,0,0,0,1,0,0,0,0,0,0,0,2,0,0,0,0,0,0,0,0,0,0.980294040722268,1.0,0.8493274200871496,1.0,0.9874706871471388,1.0,2.816546777054088,0.0,245498.153333333,889174.5833333334
2,0,9,192534.98000000045,673815.4399999995,0,0.0,8.703452233796297,787,0,0,0,0,0,0,0,0,0,1,0,0,0.0,1.0,2,0,9,192609.91000000012,673792.8699999992,0,0.0,8.703452488425926,787,0,0,0,0,0,0,0,0,0,1,0,0,0.0,1.0,1,5,5,190956.74000000025,675289.8499999996,0,11.721616666666666,0.0,1000,0,0,0,0,0,1,0,0,0,0,0,0,-0.9945218953682734,0.10452846326765299,1,5,5,190145.66999999995,671092.8800000008,0,5.997516666666667,0.0,2324,0,0,0,0,1,0,0,0,0,0,0,0,-0.17364817766693047,-0.984807753012208,0,0,0,1,0,0,0,0,0,0,0,0,0,0,0,0,0,1,0,0,0,0,1,0,0,0,0,0,0,0,0,0,0,0,0,0,0,0,0,0,1,0,0,0,1,0,0,0,0,0,0,0,0,0,0,0,0,0,0,0,0,1,0,0,0,0,0,1,0,0,0,0,0,0,0,0,0,0,0,0,0,0,0,0,1,0,0,0,0,0,0,2,0,0,0,0,0,0,0,0,0,0.7978834620658366,1.0,0.8486583872916759,1.0,1.4742521243578295,1.0,2.1752450219306634,1.0,191561.8250000002,673497.7599999998
2,0,10,177363.59999999963,661768.3800000008,0,0.0,103.17426607638889,785,0,0,0,0,0,0,0,1,0,0,0,0,0.0,1.0,16,0,10,178580.53000000026,663032.5,0,0.0,70.90144197916666,790,0,0,0,0,0,0,0,0,0,0,1,0,0.0,1.0,2,0,10,178693.75,665885.8900000006,0,0.0,56.12014571759259,1540,0,0,0,0,0,0,0,0,1,0,0,0,0.0,1.0,1,0,6,180770.2999999998,661493.5800000001,0,0.0,25.281048460648147,1141,0,0,0,0,0,0,1,0,0,0,0,0,0.0,1.0,1,0,0,1,0,0,0,0,0,0,0,0,0,0,0,0,0,1,0,0,0,0,1,0,0,0,0,0,0,0,0,0,0,0,0,0,0,0,0,0,1,0,0,0,0,1,0,0,0,0,0,0,0,0,0,0,0,0,0,0,0,0,0,0,1,0,0,0,1,0,0,0,0,0,0,0,0,0,0,0,0,0,0,0,0,0,0,0,1,0,0,0,0,0,0,0,0,0,0,0,0,1.323236841734343,1.0,0.18341041903919097,1.0,1.9198981617002566,1.0,1.6647968996077644,1.0,178852.04499999993,663045.0875000004
1,0,10,182658.25999999975,669383.8599999994,0,0.0,47.89765587962963,1366,0,0,0,0,0,0,0,0,1,0,0,0,0.0,1.0,2,5,5,179885.58000000007,664089.8100000005,0,25.891133333333332,0.0,785,0,0,0,0,0,0,0,1,0,0,0,0,0.9975640502598242,-0.06975647374412533,2,3,5,177970.2999999998,662456.1699999999,0,25.29115,0.0,785,0,0,0,0,0,0,0,1,0,0,0,0,0.06975647374412552,-0.9975640502598242,2,5,5,179949.54000000004,665924.7200000007,0,5.374466666666667,0.0,785,0,0,0,0,0,0,0,1,0,0,0,0,0.12186934340514748,0.992546151641322,1,0,0,1,0,0,0,0,0,0,0,0,0,0,0,0,0,1,0,0,0,1,0,0,0,0,0,0,0,0,0,0,0,0,0,0,0,0,1,0,0,0,0,0,1,0,0,0,0,0,0,0,0,0,0,0,0,0,0,0,0,0,1,0,0,0,0,1,0,0,0,0,0,0,0,0,0,0,0,0,0,0,0,1,0,0,0,0,0,0,0,0,0,0,0,0,0,0,0,0,0,2.201918709017718,1.0,0.65646454371124,1.0,1.7410119689359382,1.0,0.23100133453009392,1.0,180115.91999999993,665463.6400000001
2,0,10,186255.74000000025,659726.9600000009,0,0.0,132.51102445601853,790,0,0,0,0,0,0,0,0,0,0,1,0,0.0,1.0,1,0,7,187194.46,659282.0600000005,0,0.0,1.620167824074074,787,0,0,0,0,0,0,0,0,0,1,0,0,0.0,1.0,2,0,6,186323.24000000025,660235.4700000007,0,94.34168333333334,0.0,2324,0,0,0,0,1,0,0,0,0,0,0,0,0.0,1.0,2,0,8,186370.9000000004,660223.4299999997,0,93.70835,0.0,2324,0,0,0,0,1,0,0,0,0,0,0,0,0.0,1.0,0,0,0,1,0,0,0,0,0,0,0,0,0,0,0,0,0,1,0,0,0,0,1,0,0,0,0,0,0,0,0,0,0,0,0,0,0,0,0,0,1,0,0,0,0,1,0,0,0,0,0,0,0,0,0,0,0,0,0,0,0,0,0,0,1,0,0,0,1,0,0,0,0,0,0,0,0,0,0,0,0,0,0,0,0,0,0,0,1,0,0,2,0,0,0,0,0,0,0,0,0,0.8061302078945565,1.0,2.265518823060956,1.0,1.0947035498916489,1.0,1.0106362442741814,1.0,186536.08500000022,659866.9800000004
1,0,10,185861.98000000045,672598.8100000005,0,0.0,35.13053709490741,2324,0,0,0,0,1,0,0,0,0,0,0,0,0.0,1.0,1,0,10,185945.34999999963,672815.7400000002,0,0.0,35.13053747685185,2324,0,0,0,0,1,0,0,0,0,0,0,0,0.0,1.0,1,0,6,184323.34999999963,672013.5800000001,0,118.02353333333333,0.0,2205,0,0,0,0,1,0,0,0,0,0,0,0,0.0,1.0,1,0,7,184348.9299999997,672070.2599999998,0,178.0064,0.0,2205,0,0,0,0,1,0,0,0,0,0,0,0,0.0,1.0,0,0,0,1,0,0,0,0,0,0,0,0,0,0,0,0,0,1,0,0,0,0,1,0,0,0,0,0,0,0,0,0,0,0,0,0,0,0,0,0,1,0,0,0,0,1,0,0,0,0,0,0,0,0,0,0,0,0,0,0,0,0,0,0,1,0,0,0,1,0,0,0,0,0,0,0,0,0,0,0,0,0,0,0,0,0,0,0,1,0,0,2,0,0,0,0,0,0,0,0,0,1.3764864451029513,1.0,1.661871197155628,1.0,1.5528696288812864,1.0,1.4717611558547752,1.0,185119.90249999985,672374.5975000001
2,0,10,179182.24000000022,665961.1099999994,0,0.0,57.405639525462966,1141,0,0,0,0,0,0,1,0,0,0,0,0,0.0,1.0,2,0,10,178678.98000000045,665826.8399999999,0,0.0,56.24514181712963,1540,0,0,0,0,0,0,0,0,1,0,0,0,0.0,1.0,2,0,6,179318.16999999993,663393.6600000001,0,772.9875333333333,0.0,2205,0,0,0,0,1,0,0,0,0,0,0,0,0.0,1.0,1,0,6,180789.41999999995,661429.6300000008,0,554.6708666666667,0.0,1141,0,0,0,0,0,0,1,0,0,0,0,0,0.0,1.0,1,0,0,1,0,0,0,0,0,0,0,0,0,0,0,0,0,1,0,0,0,0,1,0,0,0,0,0,0,0,0,0,0,0,0,0,0,0,0,0,1,0,0,0,0,1,0,0,0,0,0,0,0,0,0,0,0,0,0,0,0,0,0,0,1,0,0,0,1,0,0,0,0,0,0,0,0,0,0,0,0,0,0,0,0,0,0,0,1,0,0,0,0,0,0,0,0,0,0,0,0,1.3789304337309458,1.0,1.3987955362293631,1.0,0.5853740014021929,1.0,2.2670867054717987,1.0,179492.20250000013,664152.81
2,5,5,177927.5,664118.8300000001,0,29.800016666666668,0.0,2324,0,0,0,0,1,0,0,0,0,0,0,0,0.3090169943749474,0.9510565162951535,1,5,5,176778.59999999963,662423.5299999993,0,15.966716666666667,0.0,2324,0,0,0,0,1,0,0,0,0,0,0,0,0.17364817766693033,0.984807753012208,1,5,5,181494.79000000004,663714.2300000004,0,7.10005,0.0,2324,0,0,0,0,1,0,0,0,0,0,0,0,-0.9743700647852351,-0.22495105434386525,2,5,5,179648.7000000002,666369.3200000003,0,4.050083333333333,0.0,2324,0,0,0,0,1,0,0,0,0,0,0,0,0.13917310096006544,0.9902680687415704,1,0,1,0,0,0,0,0,0,0,0,0,0,1,0,0,0,0,0,0,0,1,0,0,0,0,0,0,0,0,0,0,0,0,0,0,0,0,1,0,0,0,0,0,1,0,0,0,0,0,0,0,0,0,0,0,0,0,0,1,0,0,0,0,0,0,0,1,0,0,0,0,0,0,0,0,0,0,0,0,0,0,0,1,0,0,0,0,0,0,0,0,0,0,0,0,0,0,0,0,0,0.6459713980012648,1.0,1.7389911357140606,1.0,1.6035530560249776,1.0,1.445180887277389,1.0,178962.39749999996,664156.4775
1,0,10,188285.58999999985,659377.2899999991,0,0.0,124.45346630787037,170,0,0,0,0,0,0,0,0,0,0,1,0,0.0,1.0,1,0,10,190015.04000000004,659611.7300000004,0,0.0,33.46491324074074,787,0,0,0,0,0,0,0,0,0,1,0,0,0.0,1.0,1,0,10,189613.1399999997,659628.6600000001,0,0.0,13.5616053125,738,0,0,0,0,0,0,0,0,0,1,0,0,0.0,1.0,1,0,6,190137.86000000036,659584.3200000003,0,0.0,2.344024386574074,134,0,0,0,0,0,0,0,0,0,0,0,1,0.0,1.0,0,0,0,1,0,0,0,0,0,0,0,0,0,0,0,0,0,1,0,0,0,0,1,0,0,0,0,0,0,0,0,0,0,0,0,0,0,0,0,0,1,0,0,0,0,1,0,0,0,0,0,0,0,0,0,0,0,0,0,0,0,0,0,0,1,0,0,0,1,0,0,0,0,0,0,0,0,0,0,0,0,0,0,0,0,0,0,0,1,0,0,0,0,0,0,0,0,0,0,0,0,2.9654990615218204,0.0,1.2102686066431003,1.0,0.3041018793783966,1.0,1.49740878594712,1.0,252683.87666666662,879400.6666666666
2,0,10,177965.59999999963,658892.7699999996,0,0.0,82.1354794212963,1540,0,0,0,0,0,0,0,0,1,0,0,0,0.0,1.0,2,0,8,177956.8700000001,658813.6199999992,0,0.0,82.13546785879629,1540,0,0,0,0,0,0,0,0,1,0,0,0,0.0,1.0,2,0,8,177947.29000000004,658711.3100000005,0,0.0,82.13546829861112,1540,0,0,0,0,0,0,0,0,1,0,0,0,0.0,1.0,1,0,10,179004.88999999966,658838.9399999995,0,0.0,45.81264376157407,142,1,0,0,0,0,0,0,0,0,0,0,0,0.0,1.0,0,0,0,1,0,0,0,0,0,0,0,0,0,0,0,0,0,1,0,0,0,0,1,0,0,0,0,0,0,0,0,0,0,0,0,0,0,0,0,0,1,0,0,0,0,1,0,0,0,0,0,0,0,0,0,0,0,0,0,0,0,0,0,0,1,0,0,0,1,0,0,0,0,0,0,0,0,0,0,0,0,0,0,0,0,0,0,0,1,0,0,3,0,0,0,0,0,0,0,0,0,1.019438197985607,1.0,1.00713599127774,1.0,1.1164533770246694,1.0,3.0261734741344295,0.0,237624.88333333316,878418.8799999995
2,0,10,177424.86000000034,662262.4000000004,0,0.0,103.46592916666667,785,0,0,0,0,0,0,0,1,0,0,0,0,0.0,1.0,17,0,10,178491.23000000045,663020.3100000005,0,0.0,71.19310512731481,790,0,0,0,0,0,0,0,0,0,0,1,0,0.0,1.0,2,0,6,181445.04000000004,668673.0800000001,0,953.0046666666667,0.0,1295,0,0,0,0,0,1,0,0,0,0,0,0,0.0,1.0,2,0,6,179752.41999999993,662874.1500000004,0,713.0046833333333,0.0,785,0,0,0,0,0,0,0,1,0,0,0,0,0.0,1.0,1,0,0,1,0,0,0,0,0,0,0,0,0,0,0,0,0,1,0,0,0,0,1,0,0,0,0,0,0,0,0,0,0,0,0,0,0,0,0,0,1,0,0,0,0,1,0,0,0,0,0,0,0,0,0,0,0,0,0,0,0,0,0,0,1,0,0,0,1,0,0,0,0,0,0,0,0,0,0,0,0,0,0,0,0,0,0,0,1,0,0,0,0,0,0,0,0,0,0,0,0,1.3132963197435215,1.0,0.6962541418506222,1.0,2.426113002105471,1.0,0.6916903080653325,1.0,179278.3875000002,664207.4850000003
2,0,10,179193.58000000007,662978.9499999993,0,0.0,164.8371068287037,1141,0,0,0,0,0,0,1,0,0,0,0,0,0.0,1.0,2,0,10,179055.76999999955,663114.8699999992,0,0.0,162.86371554398147,1141,0,0,0,0,0,0,1,0,0,0,0,0,0.0,1.0,2,0,6,178813.41999999993,666065.5299999993,0,0.0,102.88604194444444,1000,0,0,0,0,0,1,0,0,0,0,0,0,0.0,1.0,1,0,10,179022.34999999963,665899.0600000005,0,0.0,64.66181744212963,1366,0,0,0,0,0,0,0,0,1,0,0,0,0.0,1.0,1,0,0,1,0,0,0,0,0,0,0,0,0,0,0,0,0,1,0,0,0,0,1,0,0,0,0,0,0,0,0,0,0,0,0,0,0,0,0,0,1,0,0,0,0,1,0,0,0,0,0,0,0,0,0,0,0,0,0,0,0,0,0,0,1,0,0,0,1,0,0,0,0,0,0,0,0,0,0,0,0,0,0,0,0,0,0,0,1,0,0,0,0,0,0,0,0,0,0,0,0,1.9246939029376449,1.0,1.7439298255189348,1.0,1.9489893871815687,1.0,1.724375786005265,1.0,179021.2799999998,664514.6024999996
2,0,10,177965.59999999963,658892.7699999996,0,0.0,82.21881038194445,1540,0,0,0,0,0,0,0,0,1,0,0,0,0.0,1.0,2,0,8,177956.8700000001,658813.6199999992,0,0.0,82.21879881944444,1540,0,0,0,0,0,0,0,0,1,0,0,0,0.0,1.0,2,0,8,177947.29000000004,658711.3100000005,0,0.0,82.2187991550926,1540,0,0,0,0,0,0,0,0,1,0,0,0,0.0,1.0,2,0,10,177937.33999999985,658564.3000000007,0,0.0,82.21879931712962,1540,0,0,0,0,0,0,0,0,1,0,0,0,0.0,1.0,0,0,0,1,0,0,0,0,0,0,0,0,0,0,0,0,0,1,0,0,0,0,1,0,0,0,0,0,0,0,0,0,0,0,0,0,0,0,0,0,1,0,0,0,0,1,0,0,0,0,0,0,0,0,0,0,0,0,0,0,0,0,0,0,1,0,0,0,1,0,0,0,0,0,0,0,0,0,0,0,0,0,0,0,0,0,0,0,1,0,0,4,0,0,0,0,0,0,0,0,0,2.2182130863879292,1.0,1.0244004483130482,1.0,0.5171156608719499,1.0,2.725935950398241,0.0,237269.0333333332,878327.3333333334
2,5,5,182491.21,674163.1699999999,0,18.552333333333333,0.0,1540,0,0,0,0,0,0,0,0,1,0,0,0,-0.9961946980917455,-0.08715574274765825,1,5,5,185739.3799999999,673836.8300000001,0,23.996183333333335,0.0,1366,0,0,0,0,0,0,0,0,1,0,0,0,-0.9876883405951377,-0.15643446504023104,2,5,5,186181.6399999997,675806.0500000007,0,14.080033333333333,0.0,1366,0,0,0,0,0,0,0,0,1,0,0,0,-0.13917310096006588,0.9902680687415703,2,5,5,186301.0499999998,674937.8599999994,0,8.096433333333334,0.0,1366,0,0,0,0,0,0,0,0,1,0,0,0,0.0348994967025007,-0.9993908270190958,0,0,1,0,0,0,0,0,0,0,0,0,0,0,1,0,0,0,0,0,0,1,0,0,0,0,0,0,0,0,0,0,0,0,0,0,0,1,0,0,0,0,0,0,1,0,0,0,0,0,0,0,0,0,0,0,0,0,0,0,0,0,1,0,0,0,0,1,0,0,0,0,0,0,0,0,0,0,0,0,0,0,0,0,1,0,0,0,0,0,0,2,0,0,0,0,0,0,0,0,0,2.354050502359444,1.0,0.8752023567950475,1.0,1.2931025238257183,1.0,0.9894659074067859,1.0,185178.31999999983,674685.9775
1,0,6,179275.6900000004,645032.3599999994,0,0.0,2.578465509259259,1366,0,0,0,0,0,0,0,0,1,0,0,0,0.0,1.0,1,0,8,179078.8099999996,645173.0500000007,0,0.0,2.5784660069444443,1366,0,0,0,0,0,0,0,0,1,0,0,0,0.0,1.0,2,5,10,182638.5700000003,647010.0800000001,0,15.040183333333333,0.0,395,0,0,0,1,0,0,0,0,0,0,0,0,-0.8191520442889916,-0.5735764363510464,2,5,6,181782.1900000004,644059.3599999994,0,11.357783333333334,0.0,395,0,0,0,1,0,0,0,0,0,0,0,0,0.5735764363510464,-0.8191520442889916,0,0,0,1,0,0,0,0,0,0,0,0,0,0,0,0,0,1,0,0,0,0,1,0,0,0,0,0,0,0,0,0,0,0,0,0,0,0,0,0,1,0,0,0,0,0,1,0,0,0,0,0,0,0,0,0,0,0,1,0,0,0,0,0,0,0,0,0,0,1,0,0,0,0,0,0,0,0,0,0,0,1,0,0,0,0,0,0,0,0,0,0,0,0,0,0,0,0,0,0,0,1.106674090624598,1.0,1.2403961041170566,1.0,1.9715267505384062,1.0,1.2732349595455725,1.0,180693.81500000018,645318.7124999999
2,0,6,176526.84999999963,658196.6999999993,0,0.0,1.9535007407407408,1540,0,0,0,0,0,0,0,0,1,0,0,0,0.0,1.0,2,0,6,175881.0700000003,659144.1699999999,0,0.0,1.9535007638888888,1540,0,0,0,0,0,0,0,0,1,0,0,0,0.0,1.0,2,0,7,175873.61000000034,659035.5199999996,0,0.0,1.953500775462963,1540,0,0,0,0,0,0,0,0,1,0,0,0,0.0,1.0,2,0,6,175876.00999999978,658912.0899999999,0,0.0,1.9535009143518518,1540,0,0,0,0,0,0,0,0,1,0,0,0,0.0,1.0,0,0,0,1,0,0,0,0,0,0,0,0,0,0,0,0,0,1,0,0,0,0,1,0,0,0,0,0,0,0,0,0,0,0,0,0,0,0,0,0,1,0,0,0,0,1,0,0,0,0,0,0,0,0,0,0,0,0,0,0,0,0,0,0,1,0,0,0,1,0,0,0,0,0,0,0,0,0,0,0,0,0,0,0,0,0,0,0,1,0,0,3,0,0,0,0,0,0,0,0,0,2.4332811797152587,1.0,1.1012084599311027,1.0,0.8292189492010257,1.0,0.5723316842233275,1.0,176039.385,658822.1199999996
2,0,6,177412.58000000007,662309.3499999996,0,0.0,100.69982936342592,2205,0,0,0,0,1,0,0,0,0,0,0,0,0.0,1.0,2,0,7,177349.91999999993,661773.3100000005,0,0.0,100.699829375,2205,0,0,0,0,1,0,0,0,0,0,0,0,0.0,1.0,2,0,6,178254.65000000037,664765.3200000003,0,473.0376166666667,0.0,738,0,0,0,0,0,0,0,0,0,1,0,0,0.0,1.0,2,5,10,180187.5499999998,664213.4199999999,0,29.420983333333332,0.0,235,1,0,0,0,0,0,0,0,0,0,0,0,-0.601815023152048,-0.798635510047293,1,0,0,1,0,0,0,0,0,0,0,0,0,0,0,0,0,1,0,0,0,0,1,0,0,0,0,0,0,0,0,0,0,0,0,0,0,0,0,0,1,0,0,0,0,1,0,0,0,0,0,0,0,0,0,0,0,0,0,0,0,0,0,0,1,0,0,0,0,1,0,0,0,0,0,1,0,0,0,0,0,0,0,0,0,0,0,0,0,0,0,2,0,0,0,0,0,0,0,0,0,1.0876287149660893,1.0,1.474521874737519,1.0,1.2505361603257428,1.0,1.7592932595716115,1.0,178301.17500000005,663265.3500000001
2,0,10,186260.91999999995,659751.1099999994,0,0.0,132.46936233796296,790,0,0,0,0,0,0,0,0,0,0,1,0,0.0,1.0,20,0,6,187249.4699999997,659502.8599999994,0,0.0,1.5785059606481482,787,0,0,0,0,0,0,0,0,0,1,0,0,0.0,1.0,1,0,6,187301.4000000004,659492.1300000008,0,0.0,1.5785059953703704,787,0,0,0,0,0,0,0,0,0,1,0,0,0.0,1.0,20,0,6,187244.58999999985,659513.1899999995,0,0.0,1.5785060416666667,787,0,0,0,0,0,0,0,0,0,1,0,0,0.0,1.0,0,0,0,1,0,0,0,0,0,0,0,0,0,0,0,0,0,1,0,0,0,0,1,0,0,0,0,0,0,0,0,0,0,0,0,0,0,0,0,0,1,0,0,0,0,1,0,0,0,0,0,0,0,0,0,0,0,0,0,0,0,0,0,0,1,0,0,0,1,0,0,0,0,0,0,0,0,0,0,0,0,0,0,0,0,0,0,0,1,0,0,0,0,0,0,0,0,0,0,0,0,2.8565310299323023,0.0,0.8961067362111726,1.0,1.091105864924543,1.0,0.8696463963089686,1.0,249352.12666666662,879419.7633333331
2,0,10,186255.74000000025,659726.9600000009,0,0.0,133.05268969907408,790,0,0,0,0,0,0,0,0,0,0,1,0,0.0,1.0,2,0,8,186255.74000000025,659726.9600000009,0,0.0,133.05268971064814,790,0,0,0,0,0,0,0,0,0,0,1,0,0.0,1.0,1,0,10,187498.5599999996,659374.9499999993,0,0.0,86.16181021990741,787,0,0,0,0,0,0,0,0,0,1,0,0,0.0,1.0,1,0,10,186004.1399999997,659312.2799999993,0,0.0,41.12609262731481,787,0,0,0,0,0,0,0,0,0,1,0,0,0.0,1.0,0,0,0,1,0,0,0,0,0,0,0,0,0,0,0,0,0,1,0,0,0,0,1,0,0,0,0,0,0,0,0,0,0,0,0,0,0,0,0,0,1,0,0,0,0,1,0,0,0,0,0,0,0,0,0,0,0,0,0,0,0,0,0,0,1,0,0,0,1,0,0,0,0,0,0,0,0,0,0,0,0,0,0,0,0,0,0,0,1,0,0,2,0,0,0,0,0,0,0,0,0,0.8068753284491238,1.0,0.8068753284491238,1.0,2.595775097566495,0.0,1.4086608645312368,1.0,248671.39333333322,879380.3833333334
2,0,6,177412.58000000007,662309.3499999996,0,0.0,100.11649774305556,2205,0,0,0,0,1,0,0,0,0,0,0,0,0.0,1.0,2,0,7,177349.91999999993,661773.3100000005,0,0.0,100.11649775462963,2205,0,0,0,0,1,0,0,0,0,0,0,0,0.0,1.0,1,0,10,179116.38999999966,665972.2300000004,0,0.0,56.079819513888886,2205,0,0,0,0,1,0,0,0,0,0,0,0,0.0,1.0,1,5,5,178618.75999999978,664325.5800000001,0,11.240116666666667,0.0,1000,0,0,0,0,0,1,0,0,0,0,0,0,0.8746197071393959,-0.484809620246337,1,0,0,1,0,0,0,0,0,0,0,0,0,0,0,0,0,1,0,0,0,0,1,0,0,0,0,0,0,0,0,0,0,0,0,0,0,0,0,0,1,0,0,0,0,1,0,0,0,0,0,0,0,0,0,0,0,0,0,0,0,0,0,0,1,0,0,1,0,0,0,0,0,0,0,0,0,0,0,0,0,0,0,0,1,0,0,0,0,0,0,2,0,0,0,0,0,0,0,0,0,1.2075663788088011,1.0,1.6265654975751807,1.0,2.116430086510804,1.0,0.7247213336883338,1.0,178124.41249999986,663595.1175000002
2,0,10,177401.2000000002,662045.3599999994,0,0.0,103.47289907407408,785,0,0,0,0,0,0,0,1,0,0,0,0,0.0,1.0,2,0,10,177401.2000000002,662045.3599999994,0,0.0,103.47289907407408,785,0,0,0,0,0,0,0,1,0,0,0,0,0.0,1.0,2,0,10,177401.2000000002,662045.3599999994,0,0.0,103.47289907407408,785,0,0,0,0,0,0,0,1,0,0,0,0,0.0,1.0,2,0,10,177408.16000000015,662268.3399999999,0,0.0,100.70678796296296,2205,0,0,0,0,1,0,0,0,0,0,0,0,0.0,1.0,1,0,0,1,0,0,0,0,0,0,0,0,0,0,0,0,0,1,0,0,0,0,1,0,0,0,0,0,0,0,0,0,0,0,0,0,0,0,0,0,1,0,0,0,0,1,0,0,0,0,0,0,0,0,0,0,0,0,0,0,0,0,0,0,1,0,0,0,1,0,0,0,0,0,0,0,0,0,0,0,0,0,0,0,0,0,0,0,1,0,0,4,0,0,0,0,0,0,0,0,0,1.1202945236750987,1.0,1.1202945236750987,1.0,1.1202945236750987,1.0,3.3608835710252962,0.0,236537.25333333356,882801.4733333327
1,0,10,188271.1200000001,659466.2799999993,0,0.0,165.58954806712964,738,0,0,0,0,0,0,0,0,0,1,0,0,0.0,1.0,1,0,10,190015.04000000004,659611.7300000004,0,0.0,33.54825349537037,787,0,0,0,0,0,0,0,0,0,1,0,0,0.0,1.0,1,0,10,189613.1399999997,659628.6600000001,0,0.0,19.6032746875,738,0,0,0,0,0,0,0,0,0,1,0,0,0.0,1.0,1,0,10,190137.86000000036,659584.3200000003,0,0.0,8.385693726851851,134,0,0,0,0,0,0,0,0,0,0,0,1,0.0,1.0,0,0,0,1,0,0,0,0,0,0,0,0,0,0,0,0,0,1,0,0,0,0,1,0,0,0,0,0,0,0,0,0,0,0,0,0,0,0,0,0,1,0,0,0,0,1,0,0,0,0,0,0,0,0,0,0,0,0,0,0,0,0,0,0,1,0,0,0,1,0,0,0,0,0,0,0,0,0,0,0,0,0,0,0,0,0,0,0,1,0,0,0,0,0,0,0,0,0,0,0,0,3.09060565806,0.0,1.2614958604880946,1.0,0.2933211006024806,1.0,1.5634748544147967,1.0,252679.05333333337,879430.3300000001
1,0,10,188299.2199999997,659292.9600000009,0,0.0,159.30634825231482,738,0,0,0,0,0,0,0,0,0,1,0,0,0.0,1.0,1,0,10,190015.04000000004,659611.7300000004,0,0.0,33.26353587962963,787,0,0,0,0,0,0,0,0,0,1,0,0,0.0,1.0,1,0,10,190015.04000000004,659611.7300000004,0,0.0,33.26353587962963,787,0,0,0,0,0,0,0,0,0,1,0,0,0.0,1.0,1,0,10,190015.04000000004,659611.7300000004,0,0.0,33.26353587962963,787,0,0,0,0,0,0,0,0,0,1,0,0,0.0,1.0,0,0,0,1,0,0,0,0,0,0,0,0,0,0,0,0,0,1,0,0,0,0,1,0,0,0,0,0,0,0,0,0,0,0,0,0,0,0,0,0,1,0,0,0,0,1,0,0,0,0,0,0,0,0,0,0,0,0,0,0,0,0,0,0,1,0,0,0,1,0,0,0,0,0,0,0,0,0,0,0,0,0,0,0,0,0,0,0,1,0,0,3,0,0,0,0,0,0,0,0,0,2.97135059863437,0.0,0.9904501995447682,1.0,0.9904501995447682,1.0,0.9904501995447682,1.0,252781.44666666663,879376.0500000007
17,0,10,178661.00999999978,663015.4499999993,0,0.0,70.77644695601852,790,0,0,0,0,0,0,0,0,0,0,1,0,0.0,1.0,2,5,5,184391.1200000001,669556.0600000005,0,30.3336,0.0,1353,0,0,0,0,0,0,0,1,0,0,0,0,-1.0,-1.8369701987210297e-16,1,5,5,178020.98000000045,663516.6699999999,0,4.9336166666666665,0.0,1353,0,0,0,0,0,0,0,1,0,0,0,0,0.788010753606722,-0.6156614753256583,2,5,5,179790.98000000045,663051.6600000001,0,3.4669333333333334,0.0,1353,0,0,0,0,0,0,0,1,0,0,0,0,-0.17364817766693047,-0.984807753012208,1,0,0,1,0,0,0,0,0,0,0,0,0,0,0,0,0,1,0,0,0,1,0,0,0,0,0,0,0,0,0,0,0,0,0,0,0,0,1,0,0,0,0,0,1,0,0,0,0,0,0,0,0,0,0,0,0,0,0,0,0,0,1,0,0,0,0,1,0,0,0,0,0,0,0,0,0,0,0,0,0,0,0,0,0,0,1,0,0,0,0,0,0,0,0,0,0,0,0,0,0,0.8967043356310517,1.0,2.413337422846026,1.0,0.9650045074719558,1.0,0.6793396506168327,1.0,180216.0225000002,664784.96
2,0,6,178576.95999999996,661132.4800000004,0,952.98765,0.0,2205,0,0,0,0,1,0,0,0,0,0,0,0,0.0,1.0,2,0,6,180291.1900000004,668864.3000000007,0,893.00435,0.0,1295,0,0,0,0,0,1,0,0,0,0,0,0,0.0,1.0,2,0,6,180321.3200000003,662385.4100000001,0,533.0377333333333,0.0,1540,0,0,0,0,0,0,0,0,1,0,0,0,0.0,1.0,1,0,6,178212.4500000002,664417.0500000007,0,413.03773333333334,0.0,738,0,0,0,0,0,0,0,0,0,1,0,0,0.0,1.0,1,0,0,1,0,0,0,0,0,0,0,0,0,0,0,0,0,1,0,0,0,0,1,0,0,0,0,0,0,0,0,0,0,0,0,0,0,0,0,0,1,0,0,0,0,1,0,0,0,0,0,0,0,0,0,0,0,0,0,0,0,0,0,0,1,0,0,0,1,0,0,0,0,0,0,0,0,0,0,0,0,0,0,0,0,0,0,0,1,0,0,0,0,0,0,0,0,0,0,0,0,1.6215954113208713,1.0,2.439243398142532,1.0,1.054869993348208,1.0,0.593908542407541,1.0,179350.4800000002,664199.8100000005
1,0,10,183694.99000000025,652624.1099999994,0,0.0,90.93637591435186,738,0,0,0,0,0,0,0,0,0,1,0,0,0.0,1.0,2,5,7,182394.96,653707.2300000004,0,12.198316666666667,0.0,1540,0,0,0,0,0,0,0,0,1,0,0,0,-0.9205048534524405,0.3907311284892735,2,5,5,181938.49000000025,652341.0999999996,0,3.181766666666667,0.0,1540,0,0,0,0,0,0,0,0,1,0,0,0,0.01745240643728344,-0.9998476951563913,2,5,5,180919.00999999975,653910.75,0,1.5486833333333334,0.0,1540,0,0,0,0,0,0,0,0,1,0,0,0,-0.48480962024633695,-0.8746197071393959,0,0,0,1,0,0,0,0,0,0,0,0,0,0,0,0,0,1,0,0,0,0,0,1,0,0,0,0,0,0,1,0,0,0,0,0,0,0,0,0,0,0,0,0,1,0,0,0,0,0,0,0,0,0,0,0,0,0,0,0,1,0,0,0,0,0,0,1,0,0,0,0,0,0,0,0,0,0,0,0,0,0,0,0,0,0,1,0,0,0,0,0,0,0,0,0,0,0,0,0,0,1.8528262618100773,1.0,0.6978329707835113,1.0,1.0268070134455596,1.0,1.8230732093019077,1.0,182236.86250000008,653145.7974999999
2,0,6,175876.00999999978,658912.0899999999,0,0.0,1.8701663888888889,1540,0,0,0,0,0,0,0,0,1,0,0,0,0.0,1.0,2,0,8,175870.9400000004,659360.8900000006,0,0.0,1.8701666898148148,1540,0,0,0,0,0,0,0,0,1,0,0,0,0.0,1.0,2,0,6,176768.33000000007,658079.6799999997,0,0.0,1.8701667361111112,1540,0,0,0,0,0,0,0,0,1,0,0,0,0.0,1.0,2,0,6,176440.09999999963,658214.3300000001,0,0.0,1.8701668055555556,1540,0,0,0,0,0,0,0,0,1,0,0,0,0.0,1.0,0,0,0,1,0,0,0,0,0,0,0,0,0,0,0,0,0,1,0,0,0,0,1,0,0,0,0,0,0,0,0,0,0,0,0,0,0,0,0,0,1,0,0,0,0,1,0,0,0,0,0,0,0,0,0,0,0,0,0,0,0,0,0,0,1,0,0,0,1,0,0,0,0,0,0,0,0,0,0,0,0,0,0,0,0,0,0,0,1,0,0,2,2,0,0,0,0,0,0,0,0,0.9998337042252691,1.0,1.7849636886836522,1.0,1.706300380283325,1.0,1.043924627859437,1.0,176238.84499999997,658641.7475
2,5,5,187304.75999999975,667740.3800000008,0,21.936916666666665,0.0,2324,0,0,0,0,1,0,0,0,0,0,0,0,-0.9702957262759965,-0.24192189559966779,2,5,5,186071.78000000023,667091.7799999993,0,12.87015,0.0,2324,0,0,0,0,1,0,0,0,0,0,0,0,-0.43837114678907707,-0.8987940462991671,2,5,9,185767.5599999996,666641.2699999996,0,55.5929,0.0,2324,0,0,0,0,1,0,0,0,0,0,0,0,-0.9975640502598242,-0.06975647374412558,2,5,5,186444.33000000007,666643.6999999993,0,28.809666666666665,0.0,2205,0,0,0,0,1,0,0,0,0,0,0,0,-0.9945218953682734,0.10452846326765299,0,0,1,0,0,0,0,0,0,0,0,0,0,0,0,0,1,0,0,0,0,1,0,0,0,0,0,0,0,0,0,0,0,0,0,0,0,0,1,0,0,0,0,0,1,0,0,0,0,0,0,0,0,0,0,0,0,0,0,0,0,0,1,0,0,0,0,1,0,0,0,0,0,0,0,0,0,0,0,0,0,0,0,1,0,0,0,0,0,0,0,2,0,0,0,0,0,0,0,0,0,2.247833099716247,1.0,0.6458197392844661,1.0,1.441679066442259,1.0,0.7573056736172363,1.0,186397.10749999993,667029.2824999997
2,0,10,178672.3799999999,665806.7899999991,0,0.0,56.245142199074074,1540,0,0,0,0,0,0,0,0,1,0,0,0,0.0,1.0,2,0,6,179404.41000000015,663471.5099999998,0,772.9880833333333,0.0,2205,0,0,0,0,1,0,0,0,0,0,0,0,0.0,1.0,2,0,6,179485.95999999996,663510.0199999996,0,772.9881,0.0,2205,0,0,0,0,1,0,0,0,0,0,0,0,0.0,1.0,1,0,6,180794.6399999997,661410.1999999993,0,554.6714333333333,0.0,1141,0,0,0,0,0,0,1,0,0,0,0,0,0.0,1.0,1,0,0,1,0,0,0,0,0,0,0,0,0,0,0,0,0,1,0,0,0,0,1,0,0,0,0,0,0,0,0,0,0,0,0,0,0,0,0,0,1,0,0,0,0,1,0,0,0,0,0,0,0,0,0,0,0,0,0,0,0,0,0,0,1,0,0,0,1,0,0,0,0,0,0,0,0,0,0,0,0,0,0,0,0,0,0,0,1,0,0,0,0,0,0,0,0,0,0,0,0,2.100082752515265,1.0,0.17305392356564464,1.0,0.09543607960863178,1.0,2.1166974772481946,1.0,179589.34749999992,663549.6299999994
1,0,10,188299.2199999997,659292.9600000009,0,0.0,159.54939523148147,738,0,0,0,0,0,0,0,0,0,1,0,0,0.0,1.0,2,0,10,190399.8799999999,659472.3200000003,0,0.0,41.62015984953704,1366,0,0,0,0,0,0,0,0,1,0,0,0,0.0,1.0,2,5,5,188880.2199999997,659611.4700000007,0,7.131,0.0,860,0,0,0,1,0,0,0,0,0,0,0,0,1.2246467991473532e-16,-1.0,2,5,5,188900.0,659718.1799999997,0,6.231433333333333,0.0,860,0,0,0,1,0,0,0,0,0,0,0,0,-0.7431448254773946,0.6691306063588578,0,0,0,1,0,0,0,0,0,0,0,0,0,0,0,0,0,1,0,0,0,0,1,0,0,0,0,0,0,0,0,0,0,0,0,0,0,0,0,0,1,0,0,0,1,0,0,0,0,0,0,0,0,0,0,0,0,0,0,0,0,0,1,0,0,0,0,1,0,0,0,0,0,0,0,0,0,0,0,0,0,0,0,0,0,0,1,0,0,0,0,0,0,0,0,0,0,0,0,0,0,1.8201639117668686,1.0,2.735412344750722,0.0,0.5448443334067514,1.0,0.6266655646259222,1.0,252159.7733333331,879364.9766666671
2,0,8,186255.74000000025,659726.9600000009,0,0.0,133.46936378472222,790,0,0,0,0,0,0,0,0,0,0,1,0,0.0,1.0,1,0,10,187498.5599999996,659374.9499999993,0,0.0,86.57848436342593,787,0,0,0,0,0,0,0,0,0,1,0,0,0.0,1.0,1,0,10,186004.1399999997,659312.2799999993,0,0.0,41.54276677083333,787,0,0,0,0,0,0,0,0,0,1,0,0,0.0,1.0,2,0,6,186323.24000000025,660235.4700000007,0,0.0,1.0238544328703705,2324,0,0,0,0,1,0,0,0,0,0,0,0,0.0,1.0,0,0,0,1,0,0,0,0,0,0,0,0,0,0,0,0,0,1,0,0,0,0,1,0,0,0,0,0,0,0,0,0,0,0,0,0,0,0,0,0,1,0,0,0,0,1,0,0,0,0,0,0,0,0,0,0,0,0,0,0,0,0,0,0,1,0,0,0,1,0,0,0,0,0,0,0,0,0,0,0,0,0,0,0,0,0,0,0,1,0,0,0,0,0,0,0,0,0,0,0,0,0.5773280102448354,1.0,2.1604672685873716,1.0,1.321935547564249,1.0,1.284255672471163,1.0,186520.41999999993,659662.415
2,5,5,182668.25,662875.9900000002,0,18.477266666666665,0.0,1295,0,0,0,0,0,1,0,0,0,0,0,0,-0.9945218953682734,-0.10452846326765336,2,5,5,182547.1900000004,662876.7799999993,0,17.427066666666665,0.0,1295,0,0,0,0,0,1,0,0,0,0,0,0,-0.9998476951563913,0.01745240643728313,2,5,6,186054.3899999997,662507.3399999999,0,11.877433333333334,0.0,1295,0,0,0,0,0,1,0,0,0,0,0,0,-0.8910065241883678,-0.4539904997395469,2,5,5,183071.24000000025,662962.1899999995,0,1.3103333333333333,0.0,1295,0,0,0,0,0,1,0,0,0,0,0,0,-0.9659258262890683,-0.25881904510252063,0,0,1,0,0,0,0,0,0,0,0,0,0,0,1,0,0,0,0,0,0,1,0,0,0,0,0,0,0,0,0,0,0,0,0,0,1,0,0,0,0,0,0,0,1,0,0,0,0,0,0,0,0,0,0,0,0,0,0,0,1,0,0,0,0,0,0,1,0,0,0,0,0,0,0,0,0,0,0,0,0,0,0,1,0,0,0,0,0,0,0,3,0,0,0,0,0,0,0,0,0,1.1393892971677169,1.0,1.2890417497501927,1.0,3.0810991741135356,0.0,0.665703465746136,1.0,244780.35666666678,883740.7666666663
